{
  "meta": {
    "generated_at": "2026-05-21T10:54:06+00:00",
    "n_tickers": 61,
    "n_clusters": 0,
    "redundant_threshold": 0.75
  },
  "tickers": [
    "NTO",
    "ABBNE",
    "ABNB",
    "ADYEN",
    "AMZN",
    "BFIT",
    "BN",
    "CBAV",
    "CELH",
    "CHKP",
    "COR",
    "COST",
    "CPR",
    "CRWD",
    "DNP",
    "DSGX",
    "EVD",
    "FERG",
    "FICO",
    "GOOG",
    "GRMN",
    "HLMA",
    "IPCO",
    "ITX",
    "JDG",
    "JFN",
    "KIST",
    "KKR",
    "KRX",
    "KSPI",
    "LIFCO B",
    "LOTB",
    "LR",
    "META",
    "MIPS",
    "MNST",
    "MSFT",
    "NET",
    "NFLX",
    "NKE",
    "NVDA",
    "OTLY",
    "PRY",
    "RAA",
    "S",
    "SGO",
    "SIKA",
    "SPOT",
    "STMN",
    "SU",
    "TFF",
    "TFPM",
    "TGYM",
    "TREX",
    "TSM",
    "VEEV",
    "VID",
    "VRLA",
    "VLTO",
    "WOSG",
    "ZS"
  ],
  "matrix_1y": [
    [
      1.0,
      0.079,
      -0.146,
      0.046,
      0.06,
      0.027,
      -0.047,
      0.005,
      0.037,
      -0.011,
      0.211,
      0.013,
      -0.037,
      -0.001,
      -0.027,
      0.11,
      0.073,
      0.006,
      -0.094,
      0.058,
      -0.044,
      0.012,
      -0.057,
      0.08,
      -0.047,
      0.093,
      -0.058,
      -0.053,
      -0.028,
      0.032,
      0.104,
      0.027,
      0.015,
      0.045,
      0.073,
      0.125,
      0.048,
      0.018,
      0.106,
      -0.029,
      -0.064,
      0.099,
      0.072,
      0.046,
      -0.01,
      0.031,
      0.022,
      0.118,
      -0.045,
      0.091,
      -0.007,
      -0.041,
      0.073,
      -0.14,
      0.003,
      0.034,
      0.09,
      -0.096,
      0.12,
      0.001,
      -0.01
    ],
    [
      0.079,
      1.0,
      0.177,
      0.194,
      0.274,
      0.176,
      0.296,
      0.132,
      0.141,
      -0.156,
      -0.019,
      -0.076,
      0.15,
      0.033,
      0.281,
      -0.05,
      0.164,
      0.261,
      -0.084,
      0.319,
      0.286,
      0.525,
      -0.171,
      0.405,
      0.08,
      0.267,
      -0.108,
      0.079,
      0.469,
      0.103,
      0.459,
      0.285,
      0.77,
      0.325,
      0.194,
      0.151,
      0.006,
      0.122,
      -0.008,
      0.041,
      0.342,
      0.239,
      0.705,
      0.343,
      -0.017,
      0.54,
      0.404,
      0.054,
      0.28,
      0.787,
      0.085,
      0.115,
      0.312,
      0.204,
      0.459,
      -0.145,
      0.312,
      0.113,
      0.117,
      0.326,
      -0.114
    ],
    [
      -0.146,
      0.177,
      1.0,
      0.339,
      0.382,
      0.124,
      0.494,
      0.087,
      0.131,
      0.203,
      0.004,
      -0.039,
      0.019,
      0.323,
      0.056,
      0.296,
      0.21,
      0.254,
      0.274,
      0.21,
      0.429,
      0.132,
      -0.152,
      0.226,
      0.039,
      0.072,
      -0.056,
      0.493,
      0.204,
      0.284,
      0.162,
      0.094,
      0.155,
      0.315,
      0.172,
      0.153,
      0.296,
      0.205,
      0.112,
      0.376,
      0.121,
      0.292,
      0.069,
      0.154,
      0.393,
      0.26,
      0.24,
      0.238,
      0.249,
      0.245,
      0.045,
      0.008,
      0.133,
      0.28,
      0.162,
      0.316,
      0.06,
      0.006,
      0.383,
      0.226,
      0.344
    ],
    [
      0.046,
      0.194,
      0.339,
      1.0,
      0.256,
      0.217,
      0.191,
      0.029,
      0.18,
      0.147,
      0.049,
      -0.034,
      0.066,
      0.201,
      0.038,
      0.165,
      0.162,
      0.17,
      0.264,
      0.201,
      0.223,
      0.14,
      -0.08,
      0.172,
      -0.002,
      0.252,
      -0.124,
      0.27,
      0.214,
      0.217,
      0.286,
      0.084,
      0.139,
      0.235,
      0.323,
      -0.034,
      0.204,
      0.195,
      0.128,
      0.197,
      0.148,
      0.192,
      0.237,
      0.216,
      0.224,
      0.225,
      0.311,
      0.311,
      0.35,
      0.272,
      0.08,
      0.136,
      0.248,
      0.107,
      0.235,
      0.36,
      0.194,
      0.024,
      0.253,
      0.251,
      0.187
    ],
    [
      0.06,
      0.274,
      0.382,
      0.256,
      1.0,
      0.109,
      0.35,
      0.046,
      0.17,
      0.011,
      -0.125,
      -0.007,
      -0.007,
      0.188,
      0.101,
      0.085,
      0.201,
      0.203,
      0.111,
      0.393,
      0.262,
      0.182,
      -0.052,
      0.175,
      0.073,
      0.119,
      -0.015,
      0.255,
      0.195,
      0.252,
      0.155,
      0.072,
      0.286,
      0.431,
      0.165,
      0.067,
      0.303,
      0.214,
      0.216,
      0.171,
      0.3,
      0.186,
      0.346,
      0.14,
      0.213,
      0.28,
      0.2,
      0.164,
      0.177,
      0.304,
      0.131,
      0.065,
      0.235,
      0.188,
      0.327,
      0.182,
      0.062,
      0.044,
      0.142,
      0.172,
      0.179
    ],
    [
      0.027,
      0.176,
      0.124,
      0.217,
      0.109,
      1.0,
      0.089,
      -0.006,
      0.03,
      -0.119,
      -0.033,
      0.017,
      0.176,
      0.014,
      0.155,
      0.059,
      0.182,
      0.019,
      0.054,
      0.091,
      0.07,
      0.142,
      -0.184,
      0.153,
      0.003,
      0.102,
      -0.166,
      0.055,
      0.149,
      0.026,
      0.141,
      0.193,
      0.162,
      0.154,
      0.199,
      -0.004,
      0.082,
      0.055,
      0.146,
      0.138,
      0.047,
      0.065,
      0.147,
      0.21,
      0.025,
      0.191,
      0.277,
      0.198,
      0.19,
      0.131,
      0.036,
      0.067,
      0.206,
      0.104,
      0.071,
      0.102,
      0.314,
      0.059,
      0.069,
      0.154,
      -0.003
    ],
    [
      -0.047,
      0.296,
      0.494,
      0.191,
      0.35,
      0.089,
      1.0,
      0.055,
      0.107,
      0.044,
      -0.091,
      -0.012,
      0.05,
      0.267,
      0.177,
      0.291,
      0.159,
      0.401,
      0.222,
      0.31,
      0.433,
      0.288,
      -0.155,
      0.229,
      0.053,
      0.138,
      -0.075,
      0.698,
      0.27,
      0.319,
      0.231,
      0.114,
      0.26,
      0.26,
      0.141,
      0.046,
      0.312,
      0.243,
      0.036,
      0.287,
      0.351,
      0.294,
      0.28,
      0.191,
      0.294,
      0.303,
      0.285,
      0.127,
      0.206,
      0.262,
      -0.008,
      0.103,
      0.205,
      0.332,
      0.437,
      0.187,
      0.151,
      0.083,
      0.217,
      0.289,
      0.213
    ],
    [
      0.005,
      0.132,
      0.087,
      0.029,
      0.046,
      -0.006,
      0.055,
      1.0,
      0.145,
      -0.032,
      0.081,
      0.014,
      0.113,
      0.014,
      0.057,
      0.035,
      0.09,
      0.1,
      -0.034,
      0.102,
      0.078,
      0.138,
      -0.1,
      0.139,
      -0.044,
      0.027,
      -0.07,
      0.054,
      0.055,
      0.004,
      0.097,
      0.143,
      0.146,
      0.065,
      -0.001,
      0.07,
      0.044,
      0.038,
      0.011,
      -0.035,
      0.109,
      0.069,
      0.119,
      0.18,
      0.015,
      0.122,
      0.131,
      0.024,
      0.043,
      0.13,
      0.017,
      0.01,
      0.111,
      0.077,
      0.059,
      -0.009,
      0.067,
      -0.004,
      0.139,
      0.041,
      -0.073
    ],
    [
      0.037,
      0.141,
      0.131,
      0.18,
      0.17,
      0.03,
      0.107,
      0.145,
      1.0,
      -0.012,
      0.042,
      0.116,
      0.081,
      -0.045,
      0.168,
      0.09,
      0.071,
      0.165,
      -0.006,
      0.149,
      0.183,
      0.155,
      -0.085,
      0.235,
      0.069,
      0.045,
      -0.03,
      0.057,
      0.17,
      0.063,
      0.175,
      0.116,
      0.323,
      0.104,
      0.126,
      0.239,
      0.148,
      0.052,
      0.063,
      0.122,
      0.175,
      0.042,
      0.163,
      0.059,
      0.118,
      0.233,
      0.138,
      0.053,
      0.061,
      0.209,
      0.088,
      0.078,
      0.088,
      0.1,
      0.242,
      0.159,
      0.055,
      0.165,
      0.198,
      0.087,
      0.078
    ],
    [
      -0.011,
      -0.156,
      0.203,
      0.147,
      0.011,
      -0.119,
      0.044,
      -0.032,
      -0.012,
      1.0,
      0.105,
      0.022,
      -0.061,
      0.364,
      -0.112,
      0.33,
      0.066,
      -0.09,
      0.224,
      -0.196,
      0.238,
      -0.085,
      0.101,
      0.004,
      -0.021,
      0.044,
      0.009,
      0.126,
      -0.052,
      0.158,
      -0.107,
      -0.017,
      -0.149,
      0.21,
      -0.018,
      -0.028,
      0.317,
      0.26,
      0.036,
      0.069,
      0.059,
      0.184,
      -0.151,
      0.017,
      0.425,
      -0.115,
      -0.135,
      0.097,
      0.0,
      -0.07,
      -0.023,
      -0.009,
      -0.07,
      0.028,
      -0.069,
      0.27,
      -0.074,
      -0.022,
      0.169,
      0.009,
      0.375
    ],
    [
      0.211,
      -0.019,
      0.004,
      0.049,
      -0.125,
      -0.033,
      -0.091,
      0.081,
      0.042,
      0.105,
      1.0,
      0.18,
      -0.099,
      -0.011,
      0.169,
      0.045,
      0.06,
      -0.033,
      -0.024,
      -0.039,
      -0.021,
      -0.013,
      0.011,
      -0.184,
      -0.013,
      -0.064,
      0.044,
      -0.068,
      -0.062,
      -0.094,
      -0.04,
      0.02,
      -0.073,
      0.007,
      -0.068,
      0.142,
      -0.104,
      -0.083,
      0.027,
      -0.08,
      -0.084,
      0.148,
      -0.058,
      0.046,
      -0.049,
      -0.1,
      -0.112,
      -0.003,
      -0.038,
      -0.026,
      -0.106,
      0.021,
      -0.182,
      -0.143,
      -0.071,
      -0.011,
      -0.097,
      -0.036,
      0.266,
      -0.044,
      -0.015
    ],
    [
      0.013,
      -0.076,
      -0.039,
      -0.034,
      -0.007,
      0.017,
      -0.012,
      0.014,
      0.116,
      0.022,
      0.18,
      1.0,
      0.042,
      -0.011,
      0.082,
      0.027,
      0.073,
      -0.008,
      0.085,
      -0.049,
      0.007,
      0.023,
      -0.058,
      -0.024,
      0.092,
      -0.008,
      0.026,
      -0.016,
      -0.047,
      -0.1,
      -0.057,
      0.095,
      -0.07,
      -0.002,
      -0.131,
      0.084,
      -0.043,
      -0.042,
      0.109,
      0.08,
      -0.208,
      -0.045,
      -0.14,
      -0.029,
      0.002,
      -0.004,
      0.02,
      -0.031,
      0.048,
      -0.156,
      -0.048,
      -0.034,
      -0.051,
      -0.012,
      -0.055,
      -0.025,
      -0.069,
      0.028,
      0.121,
      0.012,
      0.014
    ],
    [
      -0.037,
      0.15,
      0.019,
      0.066,
      -0.007,
      0.176,
      0.05,
      0.113,
      0.081,
      -0.061,
      -0.099,
      0.042,
      1.0,
      -0.201,
      0.043,
      -0.007,
      0.13,
      0.148,
      -0.026,
      0.092,
      0.072,
      0.138,
      -0.095,
      0.194,
      0.041,
      0.058,
      0.051,
      0.058,
      0.223,
      0.039,
      0.198,
      0.194,
      0.142,
      -0.142,
      0.224,
      0.12,
      -0.152,
      -0.186,
      -0.063,
      0.114,
      -0.111,
      0.098,
      0.027,
      0.147,
      -0.042,
      0.183,
      0.278,
      -0.057,
      0.312,
      0.086,
      0.06,
      0.051,
      0.213,
      0.159,
      0.078,
      -0.032,
      0.314,
      0.094,
      -0.022,
      0.168,
      -0.179
    ],
    [
      -0.001,
      0.033,
      0.323,
      0.201,
      0.188,
      0.014,
      0.267,
      0.014,
      -0.045,
      0.364,
      -0.011,
      -0.011,
      -0.201,
      1.0,
      0.003,
      0.286,
      0.129,
      0.019,
      0.216,
      0.127,
      0.127,
      0.071,
      0.075,
      0.025,
      -0.056,
      0.129,
      0.016,
      0.319,
      -0.053,
      0.18,
      0.068,
      -0.008,
      0.053,
      0.147,
      0.022,
      -0.079,
      0.478,
      0.525,
      0.07,
      0.046,
      0.267,
      0.121,
      0.132,
      -0.085,
      0.56,
      0.007,
      -0.087,
      0.286,
      0.028,
      0.11,
      0.059,
      0.099,
      -0.05,
      -0.015,
      0.124,
      0.278,
      -0.099,
      -0.037,
      0.178,
      0.069,
      0.737
    ],
    [
      -0.027,
      0.281,
      0.056,
      0.038,
      0.101,
      0.155,
      0.177,
      0.057,
      0.168,
      -0.112,
      0.169,
      0.082,
      0.043,
      0.003,
      1.0,
      -0.067,
      0.055,
      0.178,
      -0.006,
      0.206,
      0.193,
      0.249,
      -0.071,
      0.172,
      0.137,
      0.156,
      0.106,
      0.042,
      0.143,
      0.063,
      0.234,
      0.093,
      0.281,
      0.131,
      0.1,
      0.189,
      -0.083,
      0.037,
      0.059,
      0.104,
      0.135,
      0.16,
      0.221,
      0.194,
      -0.008,
      0.213,
      0.213,
      0.001,
      0.114,
      0.208,
      0.172,
      0.26,
      0.101,
      0.074,
      0.199,
      -0.113,
      0.11,
      0.034,
      0.016,
      0.08,
      -0.15
    ],
    [
      0.11,
      -0.05,
      0.296,
      0.165,
      0.085,
      0.059,
      0.291,
      0.035,
      0.09,
      0.33,
      0.045,
      0.027,
      -0.007,
      0.286,
      -0.067,
      1.0,
      0.129,
      0.033,
      0.275,
      0.004,
      0.242,
      0.049,
      -0.035,
      0.042,
      -0.071,
      -0.034,
      -0.074,
      0.347,
      -0.032,
      0.124,
      0.09,
      -0.006,
      -0.04,
      0.099,
      0.142,
      -0.086,
      0.342,
      0.227,
      0.101,
      0.14,
      0.045,
      0.047,
      -0.066,
      0.125,
      0.412,
      0.005,
      0.034,
      0.195,
      0.08,
      -0.029,
      -0.012,
      -0.081,
      -0.152,
      0.111,
      -0.021,
      0.316,
      -0.078,
      -0.043,
      0.265,
      0.059,
      0.376
    ],
    [
      0.073,
      0.164,
      0.21,
      0.162,
      0.201,
      0.182,
      0.159,
      0.09,
      0.071,
      0.066,
      0.06,
      0.073,
      0.13,
      0.129,
      0.055,
      0.129,
      1.0,
      0.015,
      0.111,
      0.207,
      0.157,
      0.152,
      -0.263,
      0.175,
      -0.005,
      0.229,
      -0.17,
      0.103,
      0.166,
      0.083,
      0.248,
      0.122,
      0.132,
      0.164,
      0.237,
      0.004,
      0.133,
      0.061,
      0.093,
      0.053,
      0.137,
      -0.002,
      0.12,
      0.303,
      0.097,
      0.268,
      0.242,
      0.143,
      0.202,
      0.224,
      0.067,
      -0.008,
      0.168,
      0.097,
      0.127,
      0.023,
      0.271,
      0.03,
      0.1,
      0.265,
      0.101
    ],
    [
      0.006,
      0.261,
      0.254,
      0.17,
      0.203,
      0.019,
      0.401,
      0.1,
      0.165,
      -0.09,
      -0.033,
      -0.008,
      0.148,
      0.019,
      0.178,
      0.033,
      0.015,
      1.0,
      0.075,
      0.153,
      0.295,
      0.179,
      -0.053,
      0.13,
      0.087,
      0.056,
      -0.068,
      0.23,
      0.267,
      0.138,
      0.233,
      0.058,
      0.226,
      0.173,
      0.158,
      0.094,
      -0.05,
      0.061,
      -0.007,
      0.191,
      0.177,
      0.24,
      0.207,
      0.144,
      0.116,
      0.263,
      0.245,
      0.03,
      0.178,
      0.224,
      0.142,
      0.195,
      0.125,
      0.338,
      0.35,
      0.057,
      0.149,
      0.025,
      0.17,
      0.113,
      -0.042
    ],
    [
      -0.094,
      -0.084,
      0.274,
      0.264,
      0.111,
      0.054,
      0.222,
      -0.034,
      -0.006,
      0.224,
      -0.024,
      0.085,
      -0.026,
      0.216,
      -0.006,
      0.275,
      0.111,
      0.075,
      1.0,
      0.086,
      0.158,
      -0.038,
      -0.001,
      0.06,
      -0.013,
      0.066,
      -0.03,
      0.207,
      0.106,
      0.1,
      0.083,
      -0.001,
      -0.087,
      0.06,
      0.136,
      0.062,
      0.142,
      0.266,
      0.117,
      0.199,
      -0.066,
      0.053,
      -0.045,
      0.109,
      0.304,
      0.098,
      0.138,
      0.212,
      0.149,
      0.005,
      0.116,
      -0.005,
      -0.088,
      0.067,
      -0.095,
      0.306,
      0.069,
      0.042,
      0.269,
      0.103,
      0.304
    ],
    [
      0.058,
      0.319,
      0.21,
      0.201,
      0.393,
      0.091,
      0.31,
      0.102,
      0.149,
      -0.196,
      -0.039,
      -0.049,
      0.092,
      0.127,
      0.206,
      0.004,
      0.207,
      0.153,
      0.086,
      1.0,
      0.174,
      0.149,
      -0.171,
      0.217,
      0.019,
      0.123,
      -0.066,
      0.197,
      0.273,
      0.204,
      0.144,
      0.168,
      0.264,
      0.202,
      0.181,
      0.115,
      0.076,
      0.11,
      0.094,
      0.1,
      0.241,
      0.086,
      0.292,
      0.215,
      0.082,
      0.314,
      0.191,
      0.07,
      0.123,
      0.282,
      0.085,
      0.14,
      0.198,
      0.082,
      0.392,
      -0.031,
      0.132,
      0.054,
      0.103,
      0.243,
      0.08
    ],
    [
      -0.044,
      0.286,
      0.429,
      0.223,
      0.262,
      0.07,
      0.433,
      0.078,
      0.183,
      0.238,
      -0.021,
      0.007,
      0.072,
      0.127,
      0.193,
      0.242,
      0.157,
      0.295,
      0.158,
      0.174,
      1.0,
      0.252,
      -0.165,
      0.27,
      0.14,
      0.206,
      -0.052,
      0.328,
      0.304,
      0.335,
      0.266,
      0.241,
      0.239,
      0.241,
      0.136,
      0.152,
      0.14,
      0.115,
      0.034,
      0.349,
      0.211,
      0.303,
      0.22,
      0.231,
      0.198,
      0.279,
      0.228,
      0.125,
      0.163,
      0.328,
      0.066,
      0.232,
      0.146,
      0.32,
      0.314,
      0.12,
      0.165,
      0.091,
      0.322,
      0.211,
      0.087
    ],
    [
      0.012,
      0.525,
      0.132,
      0.14,
      0.182,
      0.142,
      0.288,
      0.138,
      0.155,
      -0.085,
      -0.013,
      0.023,
      0.138,
      0.071,
      0.249,
      0.049,
      0.152,
      0.179,
      -0.038,
      0.149,
      0.252,
      1.0,
      -0.224,
      0.345,
      0.104,
      0.276,
      -0.163,
      0.036,
      0.412,
      0.126,
      0.457,
      0.223,
      0.537,
      0.234,
      0.247,
      0.082,
      0.106,
      0.118,
      -0.022,
      -0.017,
      0.277,
      0.178,
      0.438,
      0.367,
      0.023,
      0.447,
      0.399,
      -0.006,
      0.229,
      0.523,
      0.036,
      0.173,
      0.379,
      0.155,
      0.304,
      0.028,
      0.294,
      0.107,
      0.14,
      0.282,
      -0.014
    ],
    [
      -0.057,
      -0.171,
      -0.152,
      -0.08,
      -0.052,
      -0.184,
      -0.155,
      -0.1,
      -0.085,
      0.101,
      0.011,
      -0.058,
      -0.095,
      0.075,
      -0.071,
      -0.035,
      -0.263,
      -0.053,
      -0.001,
      -0.171,
      -0.165,
      -0.224,
      1.0,
      -0.202,
      -0.035,
      -0.193,
      0.348,
      -0.048,
      -0.2,
      0.001,
      -0.167,
      -0.145,
      -0.191,
      -0.132,
      -0.133,
      -0.102,
      -0.044,
      -0.005,
      0.003,
      0.042,
      -0.082,
      -0.135,
      -0.19,
      -0.264,
      -0.072,
      -0.353,
      -0.333,
      -0.053,
      -0.13,
      -0.213,
      -0.106,
      -0.07,
      -0.276,
      -0.098,
      -0.176,
      0.098,
      -0.277,
      -0.004,
      -0.082,
      -0.241,
      0.034
    ],
    [
      0.08,
      0.405,
      0.226,
      0.172,
      0.175,
      0.153,
      0.229,
      0.139,
      0.235,
      0.004,
      -0.184,
      -0.024,
      0.194,
      0.025,
      0.172,
      0.042,
      0.175,
      0.13,
      0.06,
      0.217,
      0.27,
      0.345,
      -0.202,
      1.0,
      0.105,
      0.314,
      -0.117,
      0.16,
      0.426,
      0.105,
      0.439,
      0.282,
      0.352,
      0.096,
      0.247,
      0.133,
      0.026,
      0.102,
      -0.102,
      0.178,
      0.113,
      0.127,
      0.287,
      0.336,
      0.045,
      0.463,
      0.402,
      -0.085,
      0.3,
      0.517,
      0.06,
      0.056,
      0.317,
      0.191,
      0.214,
      0.099,
      0.408,
      0.208,
      0.151,
      0.392,
      -0.007
    ],
    [
      -0.047,
      0.08,
      0.039,
      -0.002,
      0.073,
      0.003,
      0.053,
      -0.044,
      0.069,
      -0.021,
      -0.013,
      0.092,
      0.041,
      -0.056,
      0.137,
      -0.071,
      -0.005,
      0.087,
      -0.013,
      0.019,
      0.14,
      0.104,
      -0.035,
      0.105,
      1.0,
      -0.068,
      0.049,
      -0.073,
      0.045,
      0.013,
      0.071,
      0.021,
      0.081,
      0.03,
      0.049,
      0.076,
      -0.051,
      -0.078,
      -0.019,
      0.086,
      0.044,
      0.037,
      0.046,
      -0.095,
      -0.045,
      0.039,
      0.111,
      -0.043,
      0.016,
      0.028,
      0.06,
      0.048,
      0.049,
      0.067,
      0.09,
      -0.085,
      0.056,
      -0.04,
      -0.07,
      0.011,
      -0.078
    ],
    [
      0.093,
      0.267,
      0.072,
      0.252,
      0.119,
      0.102,
      0.138,
      0.027,
      0.045,
      0.044,
      -0.064,
      -0.008,
      0.058,
      0.129,
      0.156,
      -0.034,
      0.229,
      0.056,
      0.066,
      0.123,
      0.206,
      0.276,
      -0.193,
      0.314,
      -0.068,
      1.0,
      -0.139,
      0.113,
      0.211,
      0.188,
      0.291,
      0.155,
      0.263,
      0.127,
      0.31,
      -0.084,
      0.057,
      0.141,
      -0.001,
      -0.097,
      0.096,
      0.069,
      0.249,
      0.33,
      0.076,
      0.281,
      0.215,
      -0.01,
      0.154,
      0.249,
      0.108,
      0.125,
      0.357,
      0.026,
      0.128,
      -0.061,
      0.302,
      0.042,
      0.057,
      0.303,
      0.033
    ],
    [
      -0.058,
      -0.108,
      -0.056,
      -0.124,
      -0.015,
      -0.166,
      -0.075,
      -0.07,
      -0.03,
      0.009,
      0.044,
      0.026,
      0.051,
      0.016,
      0.106,
      -0.074,
      -0.17,
      -0.068,
      -0.03,
      -0.066,
      -0.052,
      -0.163,
      0.348,
      -0.117,
      0.049,
      -0.139,
      1.0,
      0.063,
      -0.168,
      -0.066,
      -0.131,
      -0.102,
      -0.148,
      -0.125,
      -0.068,
      -0.102,
      -0.081,
      -0.025,
      0.035,
      0.045,
      -0.065,
      -0.033,
      -0.164,
      -0.208,
      -0.091,
      -0.198,
      -0.276,
      -0.03,
      -0.074,
      -0.173,
      -0.063,
      -0.026,
      -0.15,
      0.009,
      -0.052,
      -0.097,
      -0.259,
      -0.071,
      -0.105,
      -0.222,
      -0.045
    ],
    [
      -0.053,
      0.079,
      0.493,
      0.27,
      0.255,
      0.055,
      0.698,
      0.054,
      0.057,
      0.126,
      -0.068,
      -0.016,
      0.058,
      0.319,
      0.042,
      0.347,
      0.103,
      0.23,
      0.207,
      0.197,
      0.328,
      0.036,
      -0.048,
      0.16,
      -0.073,
      0.113,
      0.063,
      1.0,
      0.15,
      0.309,
      0.128,
      0.028,
      0.039,
      0.148,
      0.114,
      -0.053,
      0.286,
      0.187,
      0.026,
      0.321,
      0.214,
      0.223,
      0.105,
      0.064,
      0.298,
      0.193,
      0.216,
      0.186,
      0.186,
      0.073,
      -0.058,
      -0.024,
      0.118,
      0.266,
      0.291,
      0.254,
      0.052,
      0.05,
      0.276,
      0.166,
      0.27
    ],
    [
      -0.028,
      0.469,
      0.204,
      0.214,
      0.195,
      0.149,
      0.27,
      0.055,
      0.17,
      -0.052,
      -0.062,
      -0.047,
      0.223,
      -0.053,
      0.143,
      -0.032,
      0.166,
      0.267,
      0.106,
      0.273,
      0.304,
      0.412,
      -0.2,
      0.426,
      0.045,
      0.211,
      -0.168,
      0.15,
      1.0,
      0.202,
      0.456,
      0.257,
      0.474,
      0.232,
      0.334,
      0.098,
      0.07,
      -0.015,
      -0.039,
      0.153,
      0.199,
      0.21,
      0.442,
      0.394,
      -0.017,
      0.682,
      0.593,
      -0.02,
      0.347,
      0.561,
      0.128,
      0.155,
      0.31,
      0.207,
      0.407,
      0.069,
      0.457,
      0.172,
      0.147,
      0.391,
      -0.095
    ],
    [
      0.032,
      0.103,
      0.284,
      0.217,
      0.252,
      0.026,
      0.319,
      0.004,
      0.063,
      0.158,
      -0.094,
      -0.1,
      0.039,
      0.18,
      0.063,
      0.124,
      0.083,
      0.138,
      0.1,
      0.204,
      0.335,
      0.126,
      0.001,
      0.105,
      0.013,
      0.188,
      -0.066,
      0.309,
      0.202,
      1.0,
      0.2,
      0.098,
      0.129,
      0.237,
      0.202,
      0.002,
      0.245,
      0.201,
      0.056,
      0.249,
      0.256,
      0.166,
      0.167,
      0.12,
      0.232,
      0.242,
      0.221,
      0.159,
      0.197,
      0.22,
      0.078,
      0.181,
      0.137,
      0.162,
      0.177,
      0.194,
      0.112,
      0.126,
      0.202,
      0.207,
      0.156
    ],
    [
      0.104,
      0.459,
      0.162,
      0.286,
      0.155,
      0.141,
      0.231,
      0.097,
      0.175,
      -0.107,
      -0.04,
      -0.057,
      0.198,
      0.068,
      0.234,
      0.09,
      0.248,
      0.233,
      0.083,
      0.144,
      0.266,
      0.457,
      -0.167,
      0.439,
      0.071,
      0.291,
      -0.131,
      0.128,
      0.456,
      0.2,
      1.0,
      0.17,
      0.436,
      0.119,
      0.398,
      -0.0,
      0.108,
      0.071,
      -0.07,
      0.12,
      0.169,
      0.173,
      0.38,
      0.396,
      0.018,
      0.543,
      0.482,
      0.016,
      0.394,
      0.518,
      0.099,
      0.146,
      0.368,
      0.219,
      0.218,
      0.042,
      0.402,
      0.126,
      0.135,
      0.35,
      0.025
    ],
    [
      0.027,
      0.285,
      0.094,
      0.084,
      0.072,
      0.193,
      0.114,
      0.143,
      0.116,
      -0.017,
      0.02,
      0.095,
      0.194,
      -0.008,
      0.093,
      -0.006,
      0.122,
      0.058,
      -0.001,
      0.168,
      0.241,
      0.223,
      -0.145,
      0.282,
      0.021,
      0.155,
      -0.102,
      0.028,
      0.257,
      0.098,
      0.17,
      1.0,
      0.224,
      0.174,
      0.187,
      0.209,
      0.006,
      -0.017,
      0.022,
      0.034,
      0.09,
      0.103,
      0.298,
      0.302,
      -0.049,
      0.28,
      0.298,
      -0.042,
      0.194,
      0.3,
      0.109,
      0.133,
      0.234,
      0.034,
      0.163,
      -0.053,
      0.176,
      0.166,
      0.028,
      0.204,
      -0.026
    ],
    [
      0.015,
      0.77,
      0.155,
      0.139,
      0.286,
      0.162,
      0.26,
      0.146,
      0.323,
      -0.149,
      -0.073,
      -0.07,
      0.142,
      0.053,
      0.281,
      -0.04,
      0.132,
      0.226,
      -0.087,
      0.264,
      0.239,
      0.537,
      -0.191,
      0.352,
      0.081,
      0.263,
      -0.148,
      0.039,
      0.474,
      0.129,
      0.436,
      0.224,
      1.0,
      0.308,
      0.148,
      0.15,
      0.101,
      0.16,
      -0.034,
      0.006,
      0.373,
      0.19,
      0.666,
      0.338,
      0.059,
      0.521,
      0.314,
      0.011,
      0.247,
      0.738,
      0.082,
      0.149,
      0.327,
      0.157,
      0.455,
      -0.073,
      0.295,
      0.091,
      0.125,
      0.223,
      -0.049
    ],
    [
      0.045,
      0.325,
      0.315,
      0.235,
      0.431,
      0.154,
      0.26,
      0.065,
      0.104,
      0.21,
      0.007,
      -0.002,
      -0.142,
      0.147,
      0.131,
      0.099,
      0.164,
      0.173,
      0.06,
      0.202,
      0.241,
      0.234,
      -0.132,
      0.096,
      0.03,
      0.127,
      -0.125,
      0.148,
      0.232,
      0.237,
      0.119,
      0.174,
      0.308,
      1.0,
      0.2,
      0.006,
      0.334,
      0.193,
      0.1,
      0.141,
      0.385,
      0.276,
      0.321,
      0.207,
      0.086,
      0.287,
      0.227,
      0.149,
      0.03,
      0.321,
      0.088,
      0.025,
      0.237,
      0.078,
      0.312,
      0.102,
      0.025,
      -0.004,
      0.225,
      0.116,
      0.131
    ],
    [
      0.073,
      0.194,
      0.172,
      0.323,
      0.165,
      0.199,
      0.141,
      -0.001,
      0.126,
      -0.018,
      -0.068,
      -0.131,
      0.224,
      0.022,
      0.1,
      0.142,
      0.237,
      0.158,
      0.136,
      0.181,
      0.136,
      0.247,
      -0.133,
      0.247,
      0.049,
      0.31,
      -0.068,
      0.114,
      0.334,
      0.202,
      0.398,
      0.187,
      0.148,
      0.2,
      1.0,
      0.069,
      0.116,
      0.051,
      -0.038,
      0.115,
      0.063,
      0.13,
      0.228,
      0.326,
      0.078,
      0.398,
      0.435,
      0.181,
      0.218,
      0.252,
      0.093,
      0.118,
      0.361,
      0.221,
      0.157,
      0.081,
      0.387,
      0.118,
      0.083,
      0.35,
      0.033
    ],
    [
      0.125,
      0.151,
      0.153,
      -0.034,
      0.067,
      -0.004,
      0.046,
      0.07,
      0.239,
      -0.028,
      0.142,
      0.084,
      0.12,
      -0.079,
      0.189,
      -0.086,
      0.004,
      0.094,
      0.062,
      0.115,
      0.152,
      0.082,
      -0.102,
      0.133,
      0.076,
      -0.084,
      -0.102,
      -0.053,
      0.098,
      0.002,
      -0.0,
      0.209,
      0.15,
      0.006,
      0.069,
      1.0,
      -0.036,
      -0.344,
      0.013,
      0.041,
      -0.015,
      0.038,
      0.162,
      0.072,
      0.043,
      0.138,
      0.115,
      -0.017,
      0.022,
      0.15,
      0.079,
      0.173,
      0.093,
      0.122,
      0.02,
      -0.037,
      0.109,
      0.04,
      0.104,
      0.116,
      -0.067
    ],
    [
      0.048,
      0.006,
      0.296,
      0.204,
      0.303,
      0.082,
      0.312,
      0.044,
      0.148,
      0.317,
      -0.104,
      -0.043,
      -0.152,
      0.478,
      -0.083,
      0.342,
      0.133,
      -0.05,
      0.142,
      0.076,
      0.14,
      0.106,
      -0.044,
      0.026,
      -0.051,
      0.057,
      -0.081,
      0.286,
      0.07,
      0.245,
      0.108,
      0.006,
      0.101,
      0.334,
      0.116,
      -0.036,
      1.0,
      0.341,
      0.178,
      0.068,
      0.367,
      0.064,
      0.138,
      -0.009,
      0.355,
      0.127,
      0.027,
      0.202,
      0.071,
      0.134,
      0.076,
      0.093,
      0.104,
      0.07,
      0.214,
      0.348,
      -0.013,
      0.007,
      0.137,
      0.157,
      0.467
    ],
    [
      0.018,
      0.122,
      0.205,
      0.195,
      0.214,
      0.055,
      0.243,
      0.038,
      0.052,
      0.26,
      -0.083,
      -0.042,
      -0.186,
      0.525,
      0.037,
      0.227,
      0.061,
      0.061,
      0.266,
      0.11,
      0.115,
      0.118,
      -0.005,
      0.102,
      -0.078,
      0.141,
      -0.025,
      0.187,
      -0.015,
      0.201,
      0.071,
      -0.017,
      0.16,
      0.193,
      0.051,
      -0.344,
      0.341,
      1.0,
      0.086,
      0.06,
      0.233,
      0.217,
      0.145,
      0.027,
      0.431,
      0.056,
      -0.035,
      0.274,
      0.121,
      0.178,
      -0.033,
      0.003,
      -0.006,
      -0.006,
      0.218,
      0.275,
      -0.033,
      -0.012,
      0.127,
      0.044,
      0.497
    ],
    [
      0.106,
      -0.008,
      0.112,
      0.128,
      0.216,
      0.146,
      0.036,
      0.011,
      0.063,
      0.036,
      0.027,
      0.109,
      -0.063,
      0.07,
      0.059,
      0.101,
      0.093,
      -0.007,
      0.117,
      0.094,
      0.034,
      -0.022,
      0.003,
      -0.102,
      -0.019,
      -0.001,
      0.035,
      0.026,
      -0.039,
      0.056,
      -0.07,
      0.022,
      -0.034,
      0.1,
      -0.038,
      0.013,
      0.178,
      0.086,
      1.0,
      0.026,
      0.024,
      -0.017,
      0.075,
      0.026,
      0.11,
      -0.027,
      0.013,
      0.397,
      0.046,
      0.019,
      0.028,
      0.102,
      -0.058,
      -0.099,
      0.046,
      0.04,
      -0.047,
      -0.101,
      0.023,
      -0.043,
      0.04
    ],
    [
      -0.029,
      0.041,
      0.376,
      0.197,
      0.171,
      0.138,
      0.287,
      -0.035,
      0.122,
      0.069,
      -0.08,
      0.08,
      0.114,
      0.046,
      0.104,
      0.14,
      0.053,
      0.191,
      0.199,
      0.1,
      0.349,
      -0.017,
      0.042,
      0.178,
      0.086,
      -0.097,
      0.045,
      0.321,
      0.153,
      0.249,
      0.12,
      0.034,
      0.006,
      0.141,
      0.115,
      0.041,
      0.068,
      0.06,
      0.026,
      1.0,
      0.044,
      0.07,
      0.008,
      0.063,
      0.115,
      0.216,
      0.224,
      0.093,
      0.204,
      0.12,
      0.089,
      -0.028,
      -0.042,
      0.263,
      0.181,
      0.138,
      0.095,
      0.069,
      0.162,
      0.168,
      0.122
    ],
    [
      -0.064,
      0.342,
      0.121,
      0.148,
      0.3,
      0.047,
      0.351,
      0.109,
      0.175,
      0.059,
      -0.084,
      -0.208,
      -0.111,
      0.267,
      0.135,
      0.045,
      0.137,
      0.177,
      -0.066,
      0.241,
      0.211,
      0.277,
      -0.082,
      0.113,
      0.044,
      0.096,
      -0.065,
      0.214,
      0.199,
      0.256,
      0.169,
      0.09,
      0.373,
      0.385,
      0.063,
      -0.015,
      0.367,
      0.233,
      0.024,
      0.044,
      1.0,
      0.165,
      0.399,
      0.13,
      0.08,
      0.224,
      0.083,
      0.081,
      0.117,
      0.37,
      0.041,
      0.168,
      0.223,
      0.139,
      0.623,
      0.105,
      0.038,
      0.067,
      0.032,
      0.155,
      0.094
    ],
    [
      0.099,
      0.239,
      0.292,
      0.192,
      0.186,
      0.065,
      0.294,
      0.069,
      0.042,
      0.184,
      0.148,
      -0.045,
      0.098,
      0.121,
      0.16,
      0.047,
      -0.002,
      0.24,
      0.053,
      0.086,
      0.303,
      0.178,
      -0.135,
      0.127,
      0.037,
      0.069,
      -0.033,
      0.223,
      0.21,
      0.166,
      0.173,
      0.103,
      0.19,
      0.276,
      0.13,
      0.038,
      0.064,
      0.217,
      -0.017,
      0.07,
      0.165,
      1.0,
      0.139,
      0.083,
      0.23,
      0.139,
      0.147,
      0.224,
      0.05,
      0.174,
      -0.073,
      0.054,
      0.146,
      0.122,
      0.243,
      0.109,
      0.07,
      -0.008,
      0.357,
      0.095,
      0.106
    ],
    [
      0.072,
      0.705,
      0.069,
      0.237,
      0.346,
      0.147,
      0.28,
      0.119,
      0.163,
      -0.151,
      -0.058,
      -0.14,
      0.027,
      0.132,
      0.221,
      -0.066,
      0.12,
      0.207,
      -0.045,
      0.292,
      0.22,
      0.438,
      -0.19,
      0.287,
      0.046,
      0.249,
      -0.164,
      0.105,
      0.442,
      0.167,
      0.38,
      0.298,
      0.666,
      0.321,
      0.228,
      0.162,
      0.138,
      0.145,
      0.075,
      0.008,
      0.399,
      0.139,
      1.0,
      0.351,
      0.033,
      0.47,
      0.326,
      0.047,
      0.245,
      0.69,
      0.124,
      0.19,
      0.297,
      0.142,
      0.436,
      -0.064,
      0.277,
      0.196,
      0.05,
      0.294,
      -0.033
    ],
    [
      0.046,
      0.343,
      0.154,
      0.216,
      0.14,
      0.21,
      0.191,
      0.18,
      0.059,
      0.017,
      0.046,
      -0.029,
      0.147,
      -0.085,
      0.194,
      0.125,
      0.303,
      0.144,
      0.109,
      0.215,
      0.231,
      0.367,
      -0.264,
      0.336,
      -0.095,
      0.33,
      -0.208,
      0.064,
      0.394,
      0.12,
      0.396,
      0.302,
      0.338,
      0.207,
      0.326,
      0.072,
      -0.009,
      0.027,
      0.026,
      0.063,
      0.13,
      0.083,
      0.351,
      1.0,
      0.012,
      0.416,
      0.388,
      0.026,
      0.377,
      0.429,
      0.113,
      0.105,
      0.378,
      0.245,
      0.263,
      0.047,
      0.358,
      0.065,
      0.107,
      0.342,
      -0.073
    ],
    [
      -0.01,
      -0.017,
      0.393,
      0.224,
      0.213,
      0.025,
      0.294,
      0.015,
      0.118,
      0.425,
      -0.049,
      0.002,
      -0.042,
      0.56,
      -0.008,
      0.412,
      0.097,
      0.116,
      0.304,
      0.082,
      0.198,
      0.023,
      -0.072,
      0.045,
      -0.045,
      0.076,
      -0.091,
      0.298,
      -0.017,
      0.232,
      0.018,
      -0.049,
      0.059,
      0.086,
      0.078,
      0.043,
      0.355,
      0.431,
      0.11,
      0.115,
      0.08,
      0.23,
      0.033,
      0.012,
      1.0,
      0.012,
      0.004,
      0.254,
      0.083,
      0.071,
      0.113,
      0.01,
      -0.004,
      0.109,
      0.065,
      0.244,
      -0.027,
      0.038,
      0.215,
      0.088,
      0.558
    ],
    [
      0.031,
      0.54,
      0.26,
      0.225,
      0.28,
      0.191,
      0.303,
      0.122,
      0.233,
      -0.115,
      -0.1,
      -0.004,
      0.183,
      0.007,
      0.213,
      0.005,
      0.268,
      0.263,
      0.098,
      0.314,
      0.279,
      0.447,
      -0.353,
      0.463,
      0.039,
      0.281,
      -0.198,
      0.193,
      0.682,
      0.242,
      0.543,
      0.28,
      0.521,
      0.287,
      0.398,
      0.138,
      0.127,
      0.056,
      -0.027,
      0.216,
      0.224,
      0.139,
      0.47,
      0.416,
      0.012,
      1.0,
      0.685,
      0.004,
      0.345,
      0.65,
      0.165,
      0.158,
      0.39,
      0.241,
      0.388,
      -0.034,
      0.523,
      0.164,
      0.178,
      0.437,
      -0.038
    ],
    [
      0.022,
      0.404,
      0.24,
      0.311,
      0.2,
      0.277,
      0.285,
      0.131,
      0.138,
      -0.135,
      -0.112,
      0.02,
      0.278,
      -0.087,
      0.213,
      0.034,
      0.242,
      0.245,
      0.138,
      0.191,
      0.228,
      0.399,
      -0.333,
      0.402,
      0.111,
      0.215,
      -0.276,
      0.216,
      0.593,
      0.221,
      0.482,
      0.298,
      0.314,
      0.227,
      0.435,
      0.115,
      0.027,
      -0.035,
      0.013,
      0.224,
      0.083,
      0.147,
      0.326,
      0.388,
      0.004,
      0.685,
      1.0,
      0.078,
      0.466,
      0.44,
      0.183,
      0.108,
      0.295,
      0.177,
      0.245,
      0.013,
      0.485,
      0.14,
      0.14,
      0.407,
      -0.112
    ],
    [
      0.118,
      0.054,
      0.238,
      0.311,
      0.164,
      0.198,
      0.127,
      0.024,
      0.053,
      0.097,
      -0.003,
      -0.031,
      -0.057,
      0.286,
      0.001,
      0.195,
      0.143,
      0.03,
      0.212,
      0.07,
      0.125,
      -0.006,
      -0.053,
      -0.085,
      -0.043,
      -0.01,
      -0.03,
      0.186,
      -0.02,
      0.159,
      0.016,
      -0.042,
      0.011,
      0.149,
      0.181,
      -0.017,
      0.202,
      0.274,
      0.397,
      0.093,
      0.081,
      0.224,
      0.047,
      0.026,
      0.254,
      0.004,
      0.078,
      1.0,
      0.037,
      0.108,
      0.02,
      0.182,
      -0.072,
      -0.011,
      0.11,
      0.156,
      0.035,
      -0.083,
      0.186,
      0.026,
      0.256
    ],
    [
      -0.045,
      0.28,
      0.249,
      0.35,
      0.177,
      0.19,
      0.206,
      0.043,
      0.061,
      0.0,
      -0.038,
      0.048,
      0.312,
      0.028,
      0.114,
      0.08,
      0.202,
      0.178,
      0.149,
      0.123,
      0.163,
