{
  "meta": {
    "generated_at": "2026-07-18T08:05:28+00:00",
    "n_tickers": 62,
    "n_clusters": 0,
    "redundant_threshold": 0.75
  },
  "tickers": [
    "NTO",
    "ABBNE",
    "ABNB",
    "ADYEN",
    "AMZN",
    "BFIT",
    "BN",
    "CBAV",
    "CELH",
    "CHKP",
    "COR",
    "COST",
    "CPR",
    "CRWD",
    "CSU",
    "DNP",
    "DSGX",
    "EVD",
    "FERG",
    "FICO",
    "GOOG",
    "GRMN",
    "HLMA",
    "IPCO",
    "ITX",
    "JDG",
    "JFN",
    "KIST",
    "KKR",
    "KRX",
    "KSPI",
    "LIFCO B",
    "LOTB",
    "LR",
    "META",
    "MIPS",
    "MNST",
    "MSFT",
    "NET",
    "NFLX",
    "NKE",
    "NVDA",
    "OTLY",
    "PRY",
    "RAA",
    "S",
    "SGO",
    "SIKA",
    "SPOT",
    "STMN",
    "SU",
    "TFF",
    "TFPM",
    "TGYM",
    "TREX",
    "TSM",
    "VEEV",
    "VID",
    "VRLA",
    "VLTO",
    "WOSG",
    "ZS"
  ],
  "matrix_1y": [
    [
      1.0,
      0.067,
      -0.104,
      0.029,
      0.036,
      -0.049,
      -0.081,
      -0.039,
      0.012,
      -0.035,
      0.179,
      0.023,
      -0.004,
      -0.008,
      -0.112,
      -0.015,
      0.057,
      0.086,
      0.017,
      -0.082,
      0.055,
      -0.022,
      -0.013,
      -0.088,
      0.127,
      -0.035,
      0.135,
      -0.105,
      -0.072,
      0.02,
      -0.002,
      0.12,
      -0.008,
      -0.019,
      0.017,
      0.065,
      0.137,
      -0.013,
      0.002,
      0.059,
      -0.019,
      -0.132,
      0.052,
      0.054,
      0.094,
      -0.018,
      0.029,
      0.021,
      0.056,
      0.014,
      0.068,
      -0.045,
      -0.041,
      0.072,
      -0.111,
      -0.032,
      0.036,
      0.098,
      -0.078,
      0.147,
      0.039,
      -0.023
    ],
    [
      0.067,
      1.0,
      0.116,
      0.152,
      0.227,
      0.108,
      0.235,
      0.106,
      0.109,
      -0.15,
      -0.087,
      -0.182,
      0.083,
      0.145,
      -0.177,
      0.238,
      -0.156,
      0.141,
      0.281,
      -0.115,
      0.311,
      0.226,
      0.405,
      -0.189,
      0.321,
      0.107,
      0.235,
      -0.083,
      0.033,
      0.426,
      0.093,
      0.396,
      0.253,
      0.717,
      0.276,
      0.075,
      0.094,
      -0.095,
      0.118,
      -0.103,
      -0.126,
      0.335,
      0.147,
      0.723,
      0.341,
      0.019,
      0.435,
      0.352,
      0.03,
      0.274,
      0.785,
      0.068,
      0.22,
      0.286,
      0.166,
      0.471,
      -0.191,
      0.242,
      0.108,
      -0.014,
      0.273,
      -0.024
    ],
    [
      -0.104,
      0.116,
      1.0,
      0.355,
      0.382,
      0.111,
      0.44,
      0.068,
      0.141,
      0.188,
      -0.033,
      -0.053,
      0.02,
      0.327,
      0.298,
      0.0,
      0.336,
      0.241,
      0.215,
      0.296,
      0.23,
      0.383,
      0.09,
      -0.157,
      0.228,
      0.088,
      0.072,
      -0.025,
      0.439,
      0.155,
      0.3,
      0.19,
      0.054,
      0.096,
      0.324,
      0.139,
      0.149,
      0.317,
      0.234,
      0.14,
      0.378,
      0.157,
      0.285,
      0.043,
      0.139,
      0.401,
      0.221,
      0.214,
      0.227,
      0.205,
      0.219,
      -0.019,
      0.071,
      0.136,
      0.276,
      0.141,
      0.39,
      0.016,
      -0.019,
      0.347,
      0.225,
      0.321
    ],
    [
      0.029,
      0.152,
      0.355,
      1.0,
      0.287,
      0.192,
      0.222,
      -0.014,
      0.154,
      0.103,
      0.03,
      -0.047,
      0.086,
      0.162,
      0.148,
      -0.007,
      0.187,
      0.232,
      0.174,
      0.256,
      0.238,
      0.205,
      0.18,
      -0.129,
      0.136,
      0.084,
      0.217,
      -0.106,
      0.317,
      0.188,
      0.221,
      0.303,
      0.033,
      0.122,
      0.275,
      0.235,
      -0.041,
      0.224,
      0.137,
      0.123,
      0.175,
      0.164,
      0.221,
      0.177,
      0.239,
      0.227,
      0.214,
      0.326,
      0.295,
      0.351,
      0.246,
      -0.001,
      0.245,
      0.282,
      0.091,
      0.22,
      0.317,
      0.175,
      0.061,
      0.184,
      0.265,
      0.158
    ],
    [
      0.036,
      0.227,
      0.382,
      0.287,
      1.0,
      0.069,
      0.368,
      0.036,
      0.168,
      0.014,
      -0.144,
      -0.017,
      0.006,
      0.192,
      0.053,
      0.078,
      0.078,
      0.239,
      0.247,
      0.136,
      0.414,
      0.254,
      0.134,
      -0.076,
      0.144,
      0.092,
      0.123,
      0.009,
      0.252,
      0.141,
      0.25,
      0.134,
      0.041,
      0.219,
      0.454,
      0.088,
      0.064,
      0.322,
      0.197,
      0.248,
      0.16,
      0.291,
      0.209,
      0.295,
      0.103,
      0.253,
      0.215,
      0.167,
      0.186,
      0.12,
      0.247,
      0.111,
      0.136,
      0.188,
      0.19,
      0.31,
      0.221,
      0.031,
      0.061,
      0.082,
      0.202,
      0.113
    ],
    [
      -0.049,
      0.108,
      0.111,
      0.192,
      0.069,
      1.0,
      0.065,
      -0.016,
      0.041,
      -0.116,
      -0.034,
      0.044,
      0.174,
      0.015,
      0.125,
      0.142,
      0.06,
      0.167,
      -0.003,
      0.076,
      0.046,
      0.025,
      0.116,
      -0.173,
      0.15,
      0.037,
      0.088,
      -0.136,
      0.031,
      0.081,
      0.016,
      0.132,
      0.231,
      0.097,
      0.098,
      0.116,
      0.045,
      0.058,
      -0.01,
      0.144,
      0.071,
      -0.019,
      0.083,
      0.059,
      0.201,
      0.017,
      0.15,
      0.251,
      0.173,
      0.15,
      0.052,
      0.072,
      0.083,
      0.154,
      0.075,
      0.003,
      0.052,
      0.302,
      0.043,
      -0.001,
      0.148,
      -0.006
    ],
    [
      -0.081,
      0.235,
      0.44,
      0.222,
      0.368,
      0.065,
      1.0,
      0.041,
      0.096,
      0.032,
      -0.094,
      -0.012,
      0.062,
      0.243,
      0.219,
      0.194,
      0.272,
      0.197,
      0.469,
      0.227,
      0.342,
      0.41,
      0.224,
      -0.153,
      0.232,
      0.09,
      0.108,
      -0.097,
      0.693,
      0.25,
      0.311,
      0.238,
      0.097,
      0.23,
      0.249,
      0.12,
      0.027,
      0.289,
      0.223,
      0.03,
      0.277,
      0.359,
      0.227,
      0.25,
      0.186,
      0.279,
      0.303,
      0.274,
      0.114,
      0.138,
      0.235,
      -0.025,
      0.17,
      0.198,
      0.316,
      0.387,
      0.198,
      0.136,
      0.078,
      0.16,
      0.318,
      0.173
    ],
    [
      -0.039,
      0.106,
      0.068,
      -0.014,
      0.036,
      -0.016,
      0.041,
      1.0,
      0.136,
      -0.064,
      0.078,
      -0.054,
      0.074,
      -0.005,
      0.051,
      -0.0,
      0.012,
      0.067,
      0.061,
      -0.02,
      0.127,
      0.071,
      0.031,
      -0.092,
      0.152,
      -0.031,
      0.0,
      -0.09,
      0.028,
      0.084,
      -0.013,
      0.102,
      0.181,
      0.123,
      0.056,
      0.081,
      0.046,
      0.044,
      0.033,
      -0.014,
      0.053,
      0.08,
      0.037,
      0.135,
      0.208,
      0.004,
      0.097,
      0.099,
      -0.005,
      0.018,
      0.108,
      -0.02,
      -0.034,
      0.032,
      0.124,
      0.042,
      0.006,
      0.048,
      -0.004,
      0.113,
      0.101,
      -0.097
    ],
    [
      0.012,
      0.109,
      0.141,
      0.154,
      0.168,
      0.041,
      0.096,
      0.136,
      1.0,
      -0.008,
      0.032,
      0.085,
      0.078,
      -0.036,
      0.073,
      0.135,
      0.057,
      0.155,
      0.114,
      0.012,
      0.122,
      0.131,
      0.115,
      -0.12,
      0.245,
      0.075,
      0.058,
      -0.016,
      0.034,
      0.184,
      0.092,
      0.192,
      0.131,
      0.276,
      0.123,
      0.112,
      0.247,
      0.14,
      -0.008,
      0.087,
      0.161,
      0.082,
      0.05,
      0.133,
      0.059,
      0.096,
      0.22,
      0.172,
      0.071,
      0.068,
      0.168,
      0.041,
      0.11,
      0.024,
      0.101,
      0.152,
      0.123,
      0.074,
      0.174,
      0.174,
      0.102,
      -0.018
    ],
    [
      -0.035,
      -0.15,
      0.188,
      0.103,
      0.014,
      -0.116,
      0.032,
      -0.064,
      -0.008,
      1.0,
      0.119,
      -0.033,
      -0.068,
      0.371,
      0.197,
      -0.116,
      0.381,
      0.096,
      -0.105,
      0.25,
      -0.216,
      0.233,
      -0.039,
      0.106,
      -0.015,
      -0.055,
      0.075,
      0.014,
      0.12,
      -0.088,
      0.151,
      -0.024,
      -0.058,
      -0.138,
      0.126,
      0.037,
      -0.037,
      0.353,
      0.291,
      0.053,
      0.054,
      0.027,
      0.165,
      -0.144,
      0.003,
      0.445,
      -0.126,
      -0.106,
      0.133,
      -0.004,
      -0.069,
      -0.069,
      0.019,
      -0.035,
      0.003,
      -0.085,
      0.356,
      -0.04,
      -0.0,
      0.185,
      0.043,
      0.369
    ],
    [
      0.179,
      -0.087,
      -0.033,
      0.03,
      -0.144,
      -0.034,
      -0.094,
      0.078,
      0.032,
      0.119,
      1.0,
      0.203,
      -0.06,
      -0.07,
      0.029,
      0.182,
      0.065,
      0.076,
      -0.026,
      0.007,
      -0.071,
      -0.002,
      -0.046,
      0.011,
      -0.159,
      0.012,
      -0.057,
      0.025,
      -0.067,
      -0.068,
      -0.111,
      0.0,
      0.011,
      -0.115,
      -0.027,
      0.022,
      0.136,
      -0.081,
      -0.079,
      0.027,
      -0.07,
      -0.135,
      0.15,
      -0.109,
      0.039,
      -0.066,
      -0.083,
      -0.087,
      -0.002,
      -0.063,
      -0.089,
      -0.133,
      -0.027,
      -0.159,
      -0.113,
      -0.147,
      0.004,
      -0.047,
      -0.031,
      0.303,
      -0.031,
      -0.004
    ],
    [
      0.023,
      -0.182,
      -0.053,
      -0.047,
      -0.017,
      0.044,
      -0.012,
      -0.054,
      0.085,
      -0.033,
      0.203,
      1.0,
      0.035,
      -0.142,
      0.105,
      0.109,
      -0.025,
      0.032,
      -0.005,
      0.1,
      -0.045,
      0.014,
      0.031,
      0.02,
      -0.075,
      0.059,
      0.018,
      0.04,
      -0.026,
      -0.046,
      -0.075,
      -0.02,
      0.057,
      -0.139,
      -0.081,
      -0.006,
      0.05,
      -0.057,
      -0.094,
      0.11,
      0.077,
      -0.194,
      -0.004,
      -0.178,
      -0.047,
      -0.036,
      -0.011,
      -0.02,
      -0.079,
      -0.086,
      -0.22,
      -0.018,
      -0.072,
      0.039,
      -0.018,
      -0.082,
      -0.0,
      -0.002,
      0.055,
      0.128,
      0.009,
      -0.098
    ],
    [
      -0.004,
      0.083,
      0.02,
      0.086,
      0.006,
      0.174,
      0.062,
      0.074,
      0.078,
      -0.068,
      -0.06,
      0.035,
      1.0,
      -0.204,
      0.018,
      0.093,
      -0.081,
      0.168,
      0.184,
      0.005,
      0.078,
      0.072,
      0.107,
      -0.113,
      0.223,
      0.028,
      0.092,
      0.044,
      0.068,
      0.221,
      0.027,
      0.217,
      0.181,
      0.121,
      -0.138,
      0.212,
      0.138,
      -0.143,
      -0.176,
      -0.036,
      0.108,
      -0.143,
      0.078,
      -0.02,
      0.152,
      -0.061,
      0.202,
      0.285,
      -0.026,
      0.248,
      0.062,
      0.046,
      0.067,
      0.176,
      0.143,
      0.049,
      -0.026,
      0.344,
      0.086,
      0.006,
      0.136,
      -0.183
    ],
    [
      -0.008,
      0.145,
      0.327,
      0.162,
      0.192,
      0.015,
      0.243,
      -0.005,
      -0.036,
      0.371,
      -0.07,
      -0.142,
      -0.204,
      1.0,
      0.154,
      -0.085,
      0.31,
      0.156,
      0.007,
      0.185,
      0.136,
      0.132,
      0.017,
      0.062,
      -0.002,
      -0.08,
      0.165,
      0.022,
      0.3,
      -0.071,
      0.206,
      0.113,
      -0.001,
      0.086,
      0.104,
      -0.003,
      -0.064,
      0.449,
      0.546,
      0.061,
      0.061,
      0.301,
      0.157,
      0.219,
      -0.062,
      0.557,
      -0.035,
      -0.095,
      0.231,
      0.047,
      0.2,
      0.035,
      0.152,
      0.032,
      0.011,
      0.17,
      0.374,
      -0.097,
      -0.029,
      0.107,
      0.13,
      0.688
    ],
    [
      -0.112,
      -0.177,
      0.298,
      0.148,
      0.053,
      0.125,
      0.219,
      0.051,
      0.073,
      0.197,
      0.029,
      0.105,
      0.018,
      0.154,
      1.0,
      -0.036,
      0.508,
      0.09,
      -0.066,
      0.37,
      0.031,
      0.223,
      -0.002,
      -0.034,
      -0.021,
      -0.095,
      0.092,
      -0.077,
      0.214,
      -0.083,
      0.138,
      0.094,
      0.043,
      -0.094,
      0.01,
      0.131,
      -0.005,
      0.315,
      0.13,
      0.12,
      0.164,
      -0.067,
      -0.015,
      -0.166,
      0.056,
      0.27,
      -0.061,
      -0.007,
      0.124,
      0.09,
      -0.123,
      0.047,
      -0.033,
      -0.095,
      -0.029,
      -0.17,
      0.315,
      -0.075,
      -0.01,
      0.14,
      0.062,
      0.262
    ],
    [
      -0.015,
      0.238,
      0.0,
      -0.007,
      0.078,
      0.142,
      0.194,
      -0.0,
      0.135,
      -0.116,
      0.182,
      0.109,
      0.093,
      -0.085,
      -0.036,
      1.0,
      -0.115,
      0.052,
      0.235,
      -0.032,
      0.176,
      0.177,
      0.153,
      -0.048,
      0.16,
      0.124,
      0.138,
      0.094,
      0.039,
      0.138,
      0.052,
      0.266,
      0.084,
      0.236,
      0.12,
      0.138,
      0.191,
      -0.138,
      -0.015,
      0.039,
      0.102,
      0.066,
      0.129,
      0.166,
      0.182,
      -0.017,
      0.202,
      0.21,
      -0.014,
      0.054,
      0.158,
      0.148,
      0.223,
      0.091,
      0.059,
      0.103,
      -0.184,
      0.195,
      0.034,
      0.04,
      0.085,
      -0.161
    ],
    [
      0.057,
      -0.156,
      0.336,
      0.187,
      0.078,
      0.06,
      0.272,
      0.012,
      0.057,
      0.381,
      0.065,
      -0.025,
      -0.081,
      0.31,
      0.508,
      -0.115,
      1.0,
      0.194,
      -0.007,
      0.348,
      -0.02,
      0.251,
      0.052,
      0.029,
      0.02,
      -0.083,
      0.063,
      -0.077,
      0.343,
      -0.078,
      0.142,
      0.133,
      -0.072,
      -0.103,
      0.046,
      0.221,
      -0.079,
      0.444,
      0.317,
      0.156,
      0.177,
      0.065,
      0.075,
      -0.118,
      0.079,
      0.439,
      -0.047,
      -0.038,
      0.192,
      0.023,
      -0.06,
      -0.031,
      -0.037,
      -0.055,
      0.095,
      -0.039,
      0.509,
      -0.053,
      -0.036,
      0.273,
      0.087,
      0.409
    ],
    [
      0.086,
      0.141,
      0.241,
      0.232,
      0.239,
      0.167,
      0.197,
      0.067,
      0.155,
      0.096,
      0.076,
      0.032,
      0.168,
      0.156,
      0.09,
      0.052,
      0.194,
      1.0,
      0.068,
      0.102,
      0.227,
      0.141,
      0.16,
      -0.289,
      0.199,
      0.075,
      0.271,
      -0.154,
      0.156,
      0.176,
      0.115,
      0.271,
      0.093,
      0.154,
      0.193,
      0.175,
      0.027,
      0.242,
      0.06,
      0.102,
      0.097,
      0.123,
      0.097,
      0.063,
      0.281,
      0.078,
      0.302,
      0.284,
      0.106,
      0.196,
      0.226,
      0.015,
      0.065,
      0.217,
      0.03,
      0.077,
      0.141,
      0.27,
      0.033,
      0.116,
      0.267,
      0.116
    ],
    [
      0.017,
      0.281,
      0.215,
      0.174,
      0.247,
      -0.003,
      0.469,
      0.061,
      0.114,
      -0.105,
      -0.026,
      -0.005,
      0.184,
      0.007,
      -0.066,
      0.235,
      -0.007,
      0.068,
      1.0,
      0.074,
      0.219,
      0.337,
      0.16,
      -0.112,
      0.168,
      0.118,
      0.086,
      -0.091,
      0.304,
      0.33,
      0.16,
      0.285,
      0.064,
      0.262,
      0.18,
      0.166,
      0.126,
      -0.083,
      0.042,
      -0.012,
      0.209,
      0.176,
      0.22,
      0.219,
      0.166,
      0.06,
      0.293,
      0.269,
      0.007,
      0.145,
      0.265,
      0.05,
      0.19,
      0.135,
      0.365,
      0.402,
      0.022,
      0.171,
      0.044,
      0.206,
      0.122,
      -0.069
    ],
    [
      -0.082,
      -0.115,
      0.296,
      0.256,
      0.136,
      0.076,
      0.227,
      -0.02,
      0.012,
      0.25,
      0.007,
      0.1,
      0.005,
      0.185,
      0.37,
      -0.032,
      0.348,
      0.102,
      0.074,
      1.0,
      0.075,
      0.18,
      0.019,
      0.02,
      0.053,
      -0.013,
      0.063,
      -0.022,
      0.219,
      0.082,
      0.134,
      0.108,
      0.006,
      -0.139,
      0.026,
      0.125,
      0.031,
      0.192,
      0.253,
      0.153,
      0.218,
      -0.05,
      0.084,
      -0.057,
      0.139,
      0.36,
      0.114,
      0.133,
      0.232,
      0.101,
      -0.006,
      0.088,
      -0.022,
      -0.07,
      0.122,
      -0.087,
      0.345,
      0.064,
      0.068,
      0.278,
      0.109,
      0.248
    ],
    [
      0.055,
      0.311,
      0.23,
      0.238,
      0.414,
      0.046,
      0.342,
      0.127,
      0.122,
      -0.216,
      -0.071,
      -0.045,
      0.078,
      0.136,
      0.031,
      0.176,
      -0.02,
      0.227,
      0.219,
      0.075,
      1.0,
      0.152,
      0.116,
      -0.154,
      0.182,
      0.022,
      0.106,
      -0.044,
      0.208,
      0.229,
      0.196,
      0.111,
      0.129,
      0.245,
      0.245,
      0.035,
      0.123,
      0.076,
      0.088,
      0.108,
      0.086,
      0.277,
      0.124,
      0.272,
      0.209,
      0.118,
      0.257,
      0.164,
      0.072,
      0.073,
      0.246,
      0.092,
      0.19,
      0.205,
      0.061,
      0.377,
      -0.023,
      0.088,
      0.058,
      0.053,
      0.218,
      0.085
    ],
    [
      -0.022,
      0.226,
      0.383,
      0.205,
      0.254,
      0.025,
      0.41,
      0.071,
      0.131,
      0.233,
      -0.002,
      0.014,
      0.072,
      0.132,
      0.223,
      0.177,
      0.251,
      0.141,
      0.337,
      0.18,
      0.152,
      1.0,
      0.167,
      -0.118,
      0.252,
      0.154,
      0.162,
      -0.035,
      0.308,
      0.258,
      0.306,
      0.3,
      0.224,
      0.189,
      0.204,
      0.182,
      0.146,
      0.122,
      0.128,
      0.035,
      0.337,
      0.211,
      0.263,
      0.191,
      0.198,
      0.2,
      0.237,
      0.188,
      0.139,
      0.083,
      0.312,
      0.024,
      0.256,
      0.115,
      0.323,
      0.3,
      0.125,
      0.126,
      0.087,
      0.298,
      0.212,
      0.083
    ],
    [
      -0.013,
      0.405,
      0.09,
      0.18,
      0.134,
      0.116,
      0.224,
      0.031,
      0.115,
      -0.039,
      -0.046,
      0.031,
      0.107,
      0.017,
      -0.002,
      0.153,
      0.052,
      0.16,
      0.16,
      0.019,
      0.116,
      0.167,
      1.0,
      -0.188,
      0.273,
      0.084,
      0.274,
      -0.15,
      0.046,
      0.329,
      0.052,
      0.387,
      0.161,
      0.464,
      0.21,
      0.214,
      0.045,
      0.128,
      0.07,
      -0.013,
      -0.055,
      0.212,
      0.145,
      0.339,
      0.34,
      0.031,
      0.401,
      0.379,
      0.033,
      0.188,
      0.444,
      0.025,
      0.144,
      0.322,
      0.069,
      0.25,
      0.072,
      0.204,
      0.1,
      0.085,
      0.282,
      -0.014
    ],
    [
      -0.088,
      -0.189,
      -0.157,
      -0.129,
      -0.076,
      -0.173,
      -0.153,
      -0.092,
      -0.12,
      0.106,
      0.011,
      0.02,
      -0.113,
      0.062,
      -0.034,
      -0.048,
      0.029,
      -0.289,
      -0.112,
      0.02,
      -0.154,
      -0.118,
      -0.188,
      1.0,
      -0.26,
      -0.111,
      -0.193,
      0.371,
      -0.038,
      -0.219,
      0.007,
      -0.235,
      -0.135,
      -0.221,
      -0.174,
      -0.12,
      -0.108,
      -0.042,
      0.022,
      0.025,
      0.054,
      -0.041,
      -0.106,
      -0.126,
      -0.286,
      -0.021,
      -0.417,
      -0.409,
      -0.041,
      -0.187,
      -0.237,
      -0.003,
      -0.141,
      -0.191,
      -0.103,
      -0.136,
      0.084,
      -0.297,
      0.008,
      -0.051,
      -0.241,
      0.062
    ],
    [
      0.127,
      0.321,
      0.228,
      0.136,
      0.144,
      0.15,
      0.232,
      0.152,
      0.245,
      -0.015,
      -0.159,
      -0.075,
      0.223,
      -0.002,
      -0.021,
      0.16,
      0.02,
      0.199,
      0.168,
      0.053,
      0.182,
      0.252,
      0.273,
      -0.26,
      1.0,
      0.124,
      0.292,
      -0.144,
      0.166,
      0.45,
      0.098,
      0.442,
      0.302,
      0.284,
      0.095,
      0.248,
      0.148,
      0.01,
      0.067,
      -0.085,
      0.158,
      0.056,
      0.134,
      0.223,
      0.379,
      0.033,
      0.494,
      0.432,
      -0.08,
      0.282,
      0.434,
      0.01,
      0.085,
      0.233,
      0.181,
      0.165,
      0.072,
      0.439,
      0.232,
      0.149,
      0.368,
      -0.081
    ],
    [
      -0.035,
      0.107,
      0.088,
      0.084,
      0.092,
      0.037,
      0.09,
      -0.031,
      0.075,
      -0.055,
      0.012,
      0.059,
      0.028,
      -0.08,
      -0.095,
      0.124,
      -0.083,
      0.075,
      0.118,
      -0.013,
      0.022,
      0.154,
      0.084,
      -0.111,
      0.124,
      1.0,
      -0.058,
      -0.012,
      -0.003,
      0.087,
      0.078,
      0.116,
      -0.002,
      0.114,
      0.055,
      0.013,
      0.077,
      -0.044,
      -0.088,
      -0.017,
      0.08,
      0.072,
      0.05,
      0.028,
      -0.05,
      -0.07,
      0.124,
      0.162,
      -0.058,
      0.031,
      0.065,
      0.034,
      0.071,
      0.061,
      0.099,
      0.104,
      -0.083,
      0.046,
      -0.031,
      -0.076,
      -0.002,
      -0.082
    ],
    [
      0.135,
      0.235,
      0.072,
      0.217,
      0.123,
      0.088,
      0.108,
      0.0,
      0.058,
      0.075,
      -0.057,
      0.018,
      0.092,
      0.165,
      0.092,
      0.138,
      0.063,
      0.271,
      0.086,
      0.063,
      0.106,
      0.162,
      0.274,
      -0.193,
      0.292,
      -0.058,
      1.0,
      -0.121,
      0.101,
      0.158,
      0.129,
      0.329,
      0.152,
      0.24,
      0.101,
      0.288,
      -0.054,
      0.133,
      0.131,
      0.045,
      -0.13,
      0.041,
      0.126,
      0.209,
      0.329,
      0.051,
      0.259,
      0.199,
      -0.036,
      0.165,
      0.209,
      0.119,
      0.196,
      0.357,
      -0.013,
      0.074,
      0.016,
      0.306,
      0.05,
      0.056,
      0.303,
      0.085
    ],
    [
      -0.105,
      -0.083,
      -0.025,
      -0.106,
      0.009,
      -0.136,
      -0.097,
      -0.09,
      -0.016,
      0.014,
      0.025,
      0.04,
      0.044,
      0.022,
      -0.077,
      0.094,
      -0.077,
      -0.154,
      -0.091,
      -0.022,
      -0.044,
      -0.035,
      -0.15,
      0.371,
      -0.144,
      -0.012,
      -0.121,
      1.0,
      0.042,
      -0.161,
      -0.038,
      -0.149,
      -0.083,
      -0.137,
      -0.124,
      -0.075,
      -0.094,
      -0.09,
      -0.028,
      0.063,
      0.133,
      -0.05,
      -0.018,
      -0.115,
      -0.206,
      -0.045,
      -0.211,
      -0.264,
      -0.015,
      -0.046,
      -0.141,
      -0.016,
      -0.065,
      -0.147,
      0.032,
      -0.011,
      -0.102,
      -0.222,
      -0.034,
      -0.075,
      -0.186,
      -0.02
    ],
    [
      -0.072,
      0.033,
      0.439,
      0.317,
      0.252,
      0.031,
      0.693,
      0.028,
      0.034,
      0.12,
      -0.067,
      -0.026,
      0.068,
      0.3,
      0.214,
      0.039,
      0.343,
      0.156,
      0.304,
      0.219,
      0.208,
      0.308,
      0.046,
      -0.038,
      0.166,
      -0.003,
      0.101,
      0.042,
      1.0,
      0.137,
      0.268,
      0.119,
      0.015,
      0.022,
      0.144,
      0.129,
      -0.038,
      0.265,
      0.156,
      0.018,
      0.303,
      0.204,
      0.187,
      0.064,
      0.069,
      0.283,
      0.18,
      0.213,
      0.162,
      0.153,
      0.061,
      -0.106,
      0.077,
      0.111,
      0.253,
      0.254,
      0.244,
      0.041,
      0.046,
      0.211,
      0.206,
      0.221
    ],
    [
      0.02,
      0.426,
      0.155,
      0.188,
      0.141,
      0.081,
      0.25,
      0.084,
      0.184,
      -0.088,
      -0.068,
      -0.046,
      0.221,
      -0.071,
      -0.083,
      0.138,
      -0.078,
      0.176,
      0.33,
      0.082,
      0.229,
      0.258,
      0.329,
      -0.219,
      0.45,
      0.087,
      0.158,
      -0.161,
      0.137,
      1.0,
      0.159,
      0.447,
      0.264,
      0.415,
      0.227,
      0.288,
      0.098,
      -0.02,
      -0.074,
      -0.091,
      0.1,
      0.131,
      0.173,
      0.405,
      0.414,
      -0.092,
      0.674,
      0.578,
      -0.048,
      0.302,
      0.53,
      0.12,
      0.221,
      0.224,
      0.207,
      0.341,
      -0.041,
      0.432,
      0.146,
      0.141,
      0.341,
      -0.141
    ],
    [
      -0.002,
      0.093,
      0.3,
      0.221,
      0.25,
      0.016,
      0.311,
      -0.013,
      0.092,
      0.151,
      -0.111,
      -0.075,
      0.027,
      0.206,
      0.138,
      0.052,
      0.142,
      0.115,
      0.16,
      0.134,
      0.196,
      0.306,
      0.052,
      0.007,
      0.098,
      0.078,
      0.129,
      -0.038,
      0.268,
      0.159,
      1.0,
      0.185,
      0.086,
      0.083,
      0.22,
      0.132,
      0.018,
      0.221,
      0.186,
      0.062,
      0.216,
      0.232,
      0.192,
      0.161,
      0.086,
      0.252,
      0.216,
      0.194,
      0.148,
      0.142,
      0.205,
      0.074,
      0.255,
      0.141,
      0.183,
      0.13,
      0.229,
      0.059,
      0.099,
      0.168,
      0.215,
      0.141
    ],
    [
      0.12,
      0.396,
      0.19,
      0.303,
      0.134,
      0.132,
      0.238,
      0.102,
      0.192,
      -0.024,
      0.0,
      -0.02,
      0.217,
      0.113,
      0.094,
      0.266,
      0.133,
      0.271,
      0.285,
      0.108,
      0.111,
      0.3,
      0.387,
      -0.235,
      0.442,
      0.116,
      0.329,
      -0.149,
      0.119,
      0.447,
      0.185,
      1.0,
      0.234,
      0.369,
      0.131,
      0.397,
      0.068,
      0.078,
      0.077,
      -0.06,
      0.054,
      0.127,
      0.175,
      0.319,
      0.396,
      0.07,
      0.55,
      0.494,
      0.016,
      0.357,
      0.486,
      0.089,
      0.21,
      0.298,
      0.206,
      0.166,
      0.091,
      0.429,
      0.151,
      0.156,
      0.355,
      0.052
    ],
    [
      -0.008,
      0.253,
      0.054,
      0.033,
      0.041,
      0.231,
      0.097,
      0.181,
      0.131,
      -0.058,
      0.011,
      0.057,
      0.181,
      -0.001,
      0.043,
      0.084,
      -0.072,
      0.093,
      0.064,
      0.006,
      0.129,
      0.224,
      0.161,
      -0.135,
      0.302,
      -0.002,
      0.152,
      -0.083,
      0.015,
      0.264,
      0.086,
      0.234,
      1.0,
      0.199,
      0.11,
      0.187,
      0.209,
      -0.021,
      -0.045,
      0.008,
      0.016,
      0.073,
      0.107,
      0.266,
      0.289,
      -0.112,
      0.281,
      0.283,
      -0.047,
      0.136,
      0.258,
      0.081,
      0.163,
      0.174,
      0.073,
      0.143,
      -0.072,
      0.206,
      0.146,
      0.009,
      0.181,
      -0.059
    ],
    [
      -0.019,
      0.717,
      0.096,
      0.122,
      0.219,
      0.097,
      0.23,
      0.123,
      0.276,
      -0.138,
      -0.115,
      -0.139,
      0.121,
      0.086,
      -0.094,
      0.236,
      -0.103,
      0.154,
      0.262,
      -0.139,
      0.245,
      0.189,
      0.464,
      -0.221,
      0.284,
      0.114,
      0.24,
      -0.137,
      0.022,
      0.415,
      0.083,
      0.369,
      0.199,
      1.0,
      0.246,
      0.094,
      0.108,
      0.017,
      0.134,
      -0.11,
      -0.127,
      0.379,
      0.134,
      0.612,
      0.33,
      0.058,
      0.446,
      0.289,
      -0.022,
      0.28,
      0.706,
      0.086,
      0.21,
      0.328,
      0.115,
      0.458,
      -0.142,
      0.251,
      0.095,
      0.032,
      0.188,
      0.005
    ],
    [
      0.017,
      0.276,
      0.324,
      0.275,
      0.454,
      0.098,
      0.249,
      0.056,
      0.123,
      0.126,
      -0.027,
      -0.081,
      -0.138,
      0.104,
      0.01,
      0.12,
      0.046,
      0.193,
      0.18,
      0.026,
      0.245,
      0.204,
      0.21,
      -0.174,
      0.095,
      0.055,
      0.101,
      -0.124,
      0.144,
      0.227,
      0.22,
      0.131,
      0.11,
      0.246,
      1.0,
      0.119,
      0.037,
      0.308,
      0.142,
      0.078,
      0.17,
      0.343,
      0.279,
      0.246,
      0.196,
      0.078,
      0.246,
      0.22,
      0.108,
      0.022,
      0.256,
      0.037,
      0.086,
      0.157,
      0.075,
      0.235,
      0.111,
      -0.002,
      0.003,
      0.179,
      0.137,
      0.01
    ],
    [
      0.065,
      0.075,
      0.139,
      0.235,
      0.088,
      0.116,
      0.12,
      0.081,
      0.112,
      0.037,
      0.022,
      -0.006,
      0.212,
      -0.003,
      0.131,
      0.138,
      0.221,
      0.175,
      0.166,
      0.125,
      0.035,
      0.182,
      0.214,
      -0.12,
      0.248,
      0.013,
      0.288,
      -0.075,
      0.129,
      0.288,
      0.132,
      0.397,
      0.187,
      0.094,
      0.119,
      1.0,
      0.141,
      0.107,
      -0.007,
      -0.012,
      0.115,
      -0.034,
      0.158,
      0.144,
      0.305,
      0.072,
      0.349,
      0.341,
      0.105,
      0.127,
      0.17,
      0.037,
      0.136,
      0.246,
      0.241,
      0.044,
      0.072,
      0.388,
      0.098,
      0.187,
      0.345,
      -0.002
    ],
    [
      0.137,
      0.094,
      0.149,
      -0.041,
      0.064,
      0.045,
      0.027,
      0.046,
      0.247,
      -0.037,
      0.136,
      0.05,
      0.138,
      -0.064,
      -0.005,
      0.191,
      -0.079,
      0.027,
      0.126,
      0.031,
      0.123,
      0.146,
      0.045,
      -0.108,
      0.148,
      0.077,
      -0.054,
      -0.094,
      -0.038,
      0.098,
      0.018,
      0.068,
      0.209,
      0.108,
      0.037,
      0.141,
      1.0,
      -0.024,
      -0.333,
      0.047,
      0.075,
      -0.009,
      0.043,
      0.132,
      0.115,
      0.035,
      0.159,
      0.117,
      -0.029,
      0.005,
      0.13,
      0.032,
      0.15,
      0.094,
      0.143,
      0.003,
      0.008,
      0.151,
      0.034,
      0.114,
      0.121,
      -0.075
    ],
    [
      -0.013,
      -0.095,
      0.317,
      0.224,
      0.322,
      0.058,
      0.289,
      0.044,
      0.14,
      0.353,
      -0.081,
      -0.057,
      -0.143,
      0.449,
      0.315,
      -0.138,
      0.444,
      0.242,
      -0.083,
      0.192,
      0.076,
      0.122,
      0.128,
      -0.042,
      0.01,
      -0.044,
      0.133,
      -0.09,
      0.265,
      -0.02,
      0.221,
      0.078,
      -0.021,
      0.017,
      0.308,
      0.107,
      -0.024,
      1.0,
      0.363,
      0.227,
      0.106,
      0.306,
      0.099,
      0.058,
      -0.028,
      0.353,
      0.072,
      0.015,
      0.202,
      0.033,
      0.069,
      0.07,
      0.148,
      0.139,
      0.03,
      0.123,
      0.511,
      -0.028,
      0.029,
      0.12,
      0.204,
      0.444
    ],
    [
      0.002,
      0.118,
      0.234,
      0.137,
      0.197,
      -0.01,
      0.223,
      0.033,
      -0.008,
      0.291,
      -0.079,
      -0.094,
      -0.176,
      0.546,
      0.13,
      -0.015,
      0.317,
      0.06,
      0.042,
      0.253,
      0.088,
      0.128,
      0.07,
      0.022,
      0.067,
      -0.088,
      0.131,
      -0.028,
      0.156,
      -0.074,
      0.186,
      0.077,
      -0.045,
      0.134,
      0.142,
      -0.007,
      -0.333,
      0.363,
      1.0,
      0.06,
      0.049,
      0.266,
      0.206,
      0.151,
      -0.008,
      0.459,
      -0.015,
      -0.082,
      0.253,
      0.082,
      0.18,
      -0.023,
      0.046,
      0.023,
      0.017,
      0.208,
      0.343,
      -0.09,
      -0.008,
      0.123,
      0.049,
      0.482
    ],
    [
      0.059,
      -0.103,
      0.14,
      0.123,
      0.248,
      0.144,
      0.03,
      -0.014,
      0.087,
      0.053,
      0.027,
      0.11,
      -0.036,
      0.061,
      0.12,
      0.039,
      0.156,
      0.102,
      -0.012,
      0.153,
      0.108,
      0.035,
      -0.013,
      0.025,
      -0.085,
      -0.017,
      0.045,
      0.063,
      0.018,
      -0.091,
      0.062,
      -0.06,
      0.008,
      -0.11,
      0.078,
      -0.012,
      0.047,
      0.227,
      0.06,
      1.0,
      0.052,
      0.009,
      0.038,
      0.01,
      -0.019,
      0.129,
      -0.086,
      -0.002,
      0.359,
      0.016,
      -0.071,
      0.022,
      0.102,
      -0.001,
      -0.079,
      -0.008,
      0.127,
      -0.052,
      -0.083,
      0.042,
      -0.001,
      0.036
    ],
    [
      -0.019,
      -0.126,
      0.378,
      0.175,
      0.16,
      0.071,
      0.277,
      0.053,
      0.161,
      0.054,
      -0.07,
      0.077,
      0.108,
      0.061,
      0.164,
      0.102,
      0.177,
      0.097,
      0.209,
      0.218,
      0.086,
      0.337,
      -0.055,
      0.054,
      0.158,
      0.08,
      -0.13,
      0.133,
      0.303,
      0.1,
      0.216,
      0.054,
      0.016,
      -0.127,
      0.17,
      0.115,
      0.075,
      0.106,
      0.049,
      0.052,
      1.0,
      0.037,
      0.169,
      -0.094,
      0.025,
      0.117,
      0.135,
      0.154,
      0.121,
      0.108,
      -0.018,
      0.092,
      -0.0,
      -0.083,
      0.278,
      0.121,
      0.191,
      0.032,
      0.062,
      0.166,
      0.122,
      0.067
    ],
    [
      -0.132,
      0.335,
      0.157,
      0.164,
      0.291,
      -0.019,
      0.359,
      0.08,
      0.082,
      0.027,
      -0.135,
      -0.194,
      -0.143,
      0.301,
      -0.067,
      0.066,
      0.065,
      0.123,
      0.176,
      -0.05,
      0.277,
      0.211,
      0.212,
      -0.041,
      0.056,
      0.072,
      0.041,
      -0.05,
      0.204,
      0.131,
      0.232,
      0.127,
      0.073,
      0.379,
      0.343,
      -0.034,
      -0.009,
      0.306,
      0.266,
      0.009,
      0.037,
      1.0,
      0.165,
      0.406,
      0.084,
      0.142,
      0.147,
      0.022,
      0.079,
      0.067,
      0.401,
      0.098,
      0.199,
      0.252,
      0.146,
      0.635,
      0.072,
      -0.066,
      0.04,
      -0.024,
      0.145,
      0.136
    ],
    [
      0.052,
      0.147,
      0.285,
      0.221,
      0.209,
      0.083,
      0.227,
      0.037,
      0.05,
      0.165,
      0.15,
      -0.004,
      0.078,
      0.157,
      -0.015,
      0.129,
      0.075,
      0.097,
      0.22,
      0.084,
      0.124,
      0.263,
      0.145,
      -0.106,
      0.134,
      0.05,
      0.126,
      -0.018,
      0.187,
      0.173,
      0.192,
      0.175,
      0.107,
      0.134,
      0.279,
      0.158,
      0.043,
      0.099,
      0.206,
      0.038,
      0.169,
      0.165,
      1.0,
      0.101,
      0.105,
      0.226,
      0.109,
      0.117,
      0.218,
      0.068,
      0.137,
      -0.089,
      0.078,
      0.159,
      0.097,
      0.23,
      0.17,
      0.07,
      0.014,
      0.339,
      0.11,
      0.143
    ],
    [
      0.054,
      0.723,
      0.043,
      0.177,
      0.295,
      0.059,
      0.25,
      0.135,
      0.133,
      -0.144,
      -0.109,
      -0.178,
      -0.02,
      0.219,
      -0.166,
      0.166,
      -0.118,
      0.063,
      0.219,
      -0.057,
      0.272,
      0.191,
      0.339,
      -0.126,
      0.223,
      0.028,
      0.209,
      -0.115,
      0.064,
      0.405,
      0.161,
      0.319,
      0.266,
      0.612,
      0.246,
      0.144,
      0.132,
      0.058,
      0.151,
      0.01,
      -0.094,
      0.406,
      0.101,
      1.0,
      0.298,
      0.052,
      0.34,
      0.226,
      0.028,
      0.164,
      0.691,
      0.123,
      0.288,
      0.291,
      0.152,
      0.453,
      -0.101,
      0.163,
      0.178,
      -0.019,
      0.26,
      0.03
    ],
    [
      0.094,
      0.341,
      0.139,
      0.239,
      0.103,
      0.201,
      0.186,
      0.208,
      0.059,
      0.003,
      0.039,
      -0.047,
      0.152,
      -0.062,
      0.056,
      0.182,
      0.079,
      0.281,
      0.166,
      0.139,
      0.209,
      0.198,
      0.34,
      -0.286,
      0.379,
      -0.05,
      0.329,
      -0.206,
      0.069,
      0.414,
      0.086,
      0.396,
      0.289,
      0.33,
      0.196,
      0.305,
      0.115,
      -0.028,
      -0.008,
      -0.019,
      0.025,
      0.084,
      0.105,
      0.298,
      1.0,
      -0.012,
      0.444,
      0.415,
      -0.037,
      0.362,
      0.429,
      0.1,
      0.1,
      0.328,
      0.215,
      0.202,
      0.011,
      0.351,
      0.038,
      0.112,
      0.327,
      -0.076
    ],
    [
      -0.018,
      0.019,
      0.401,
      0.227,
      0.253,
      0.017,
      0.279,
      0.004,
      0.096,
      0.445,
      -0.066,
      -0.036,
      -0.061,
      0.557,
      0.27,
      -0.017,
      0.439,
      0.078,
      0.06,
      0.36,
      0.118,
      0.2,
      0.031,
      -0.021,
      0.033,
      -0.07,
      0.051,
      -0.045,
      0.283,
      -0.092,
      0.252,
      0.07,
      -0.112,
      0.058,
      0.078,
      0.072,
      0.035,
      0.353,
      0.459,
      0.129,
      0.117,
      0.142,
      0.226,
      0.052,
      -0.012,
      1.0,
      -0.063,
      -0.047,
      0.281,
      0.012,
      0.097,
      0.053,
      0.043,
      0.039,
      0.094,
      0.09,
      0.424,
      -0.049,
      0.054,
      0.206,
      0.115,
      0.555
    ],
    [
      0.029,
      0.435,
      0.221,
      0.214,
      0.215,
      0.15,
      0.303,
      0.097,
      0.22,
      -0.126,
      -0.083,
      -0.011,
      0.202,
      -0.035,
      -0.061,
      0.202,
      -0.047,
      0.302,
      0.293,
      0.114,
      0.257,
      0.237,
      0.401,
      -0.417,
      0.494,
      0.124,
      0.259,
      -0.211,
      0.18,
      0.674,
      0.216,
      0.55,
      0.281,
      0.446,
      0.246,
      0.349,
      0.159,
      0.072,
      -0.015,
      -0.086,
      0.135,
      0.147,
      0.109,
      0.34,
      0.444,
      -0.063,
      1.0,
      0.719,
      -0.042,
      0.319,
      0.564,
      0.118,
      0.207,
      0.318,
      0.238,
      0.296,
      -0.07,
      0.51,
      0.155,
      0.168,
      0.422,
      -0.103
    ],
    [
      0.021,
      0.352,
      0.214,
      0.326,
      0.167,
      0.251,
      0.274,
      0.099,
      0.172,
      -0.106,
      -0.087,
      -0.02,
      0.285,
      -0.095,
      -0.007,
      0.21,
      -0.038,
      0.284,
      0.269,
      0.133,
      0.164,
      0.188,
      0.379,
      -0.409,
      0.432,
      0.162,
