{
  "meta": {
    "generated_at": "2026-06-03T12:20:33+00:00",
    "n_tickers": 61,
    "n_clusters": 0,
    "redundant_threshold": 0.75
  },
  "tickers": [
    "NTO",
    "ABBNE",
    "ABNB",
    "ADYEN",
    "AMZN",
    "BFIT",
    "BN",
    "CBAV",
    "CELH",
    "CHKP",
    "COR",
    "COST",
    "CPR",
    "CRWD",
    "DNP",
    "DSGX",
    "EVD",
    "FERG",
    "FICO",
    "GOOG",
    "GRMN",
    "HLMA",
    "IPCO",
    "ITX",
    "JDG",
    "JFN",
    "KIST",
    "KKR",
    "KRX",
    "KSPI",
    "LIFCO B",
    "LOTB",
    "LR",
    "META",
    "MIPS",
    "MNST",
    "MSFT",
    "NET",
    "NFLX",
    "NKE",
    "NVDA",
    "OTLY",
    "PRY",
    "RAA",
    "S",
    "SGO",
    "SIKA",
    "SPOT",
    "STMN",
    "SU",
    "TFF",
    "TFPM",
    "TGYM",
    "TREX",
    "TSM",
    "VEEV",
    "VID",
    "VRLA",
    "VLTO",
    "WOSG",
    "ZS"
  ],
  "matrix_1y": [
    [
      1.0,
      0.09,
      -0.15,
      0.039,
      0.05,
      0.013,
      -0.048,
      -0.013,
      0.027,
      -0.013,
      0.199,
      0.046,
      -0.038,
      0.005,
      -0.025,
      0.109,
      0.066,
      0.029,
      -0.102,
      0.041,
      -0.039,
      0.022,
      -0.065,
      0.089,
      -0.015,
      0.105,
      -0.067,
      -0.05,
      -0.035,
      0.023,
      0.116,
      0.022,
      0.017,
      0.053,
      0.076,
      0.126,
      0.044,
      0.016,
      0.105,
      -0.045,
      -0.072,
      0.028,
      0.051,
      0.053,
      -0.018,
      0.033,
      0.025,
      0.08,
      -0.027,
      0.101,
      -0.003,
      -0.039,
      0.077,
      -0.152,
      0.011,
      0.027,
      0.085,
      -0.111,
      0.107,
      0.029,
      -0.008
    ],
    [
      0.09,
      1.0,
      0.152,
      0.184,
      0.255,
      0.171,
      0.294,
      0.114,
      0.125,
      -0.143,
      -0.007,
      -0.077,
      0.139,
      0.033,
      0.291,
      -0.064,
      0.148,
      0.282,
      -0.083,
      0.29,
      0.287,
      0.525,
      -0.18,
      0.379,
      0.09,
      0.248,
      -0.112,
      0.077,
      0.457,
      0.1,
      0.458,
      0.277,
      0.769,
      0.319,
      0.201,
      0.138,
      -0.021,
      0.117,
      -0.016,
      0.02,
      0.319,
      0.205,
      0.705,
      0.329,
      -0.023,
      0.53,
      0.4,
      0.075,
      0.264,
      0.787,
      0.084,
      0.125,
      0.29,
      0.191,
      0.448,
      -0.159,
      0.301,
      0.101,
      0.111,
      0.313,
      -0.06
    ],
    [
      -0.15,
      0.152,
      1.0,
      0.321,
      0.366,
      0.127,
      0.483,
      0.1,
      0.108,
      0.202,
      -0.009,
      -0.041,
      0.012,
      0.325,
      0.028,
      0.316,
      0.204,
      0.231,
      0.291,
      0.225,
      0.418,
      0.125,
      -0.125,
      0.219,
      0.025,
      0.062,
      -0.044,
      0.485,
      0.183,
      0.286,
      0.136,
      0.097,
      0.142,
      0.289,
      0.152,
      0.154,
      0.304,
      0.221,
      0.114,
      0.379,
      0.144,
      0.309,
      0.063,
      0.143,
      0.405,
      0.229,
      0.2,
      0.219,
      0.221,
      0.23,
      0.048,
      -0.02,
      0.136,
      0.274,
      0.164,
      0.375,
      0.041,
      0.007,
      0.387,
      0.216,
      0.308
    ],
    [
      0.039,
      0.184,
      0.321,
      1.0,
      0.257,
      0.223,
      0.188,
      0.013,
      0.168,
      0.136,
      0.057,
      -0.037,
      0.069,
      0.194,
      0.035,
      0.146,
      0.182,
      0.182,
      0.251,
      0.204,
      0.215,
      0.135,
      -0.105,
      0.159,
      0.007,
      0.265,
      -0.131,
      0.274,
      0.211,
      0.228,
      0.296,
      0.077,
      0.145,
      0.245,
      0.325,
      -0.026,
      0.189,
      0.161,
      0.138,
      0.194,
      0.122,
      0.203,
      0.223,
      0.225,
      0.232,
      0.233,
      0.308,
      0.296,
      0.348,
      0.266,
      0.077,
      0.155,
      0.246,
      0.094,
      0.217,
      0.322,
      0.214,
      0.036,
      0.248,
      0.243,
      0.156
    ],
    [
      0.05,
      0.255,
      0.366,
      0.257,
      1.0,
      0.112,
      0.348,
      0.054,
      0.197,
      -0.005,
      -0.124,
      0.004,
      0.011,
      0.148,
      0.108,
      0.053,
      0.195,
      0.247,
      0.116,
      0.399,
      0.249,
      0.172,
      -0.061,
      0.186,
      0.074,
      0.11,
      -0.009,
      0.251,
      0.205,
      0.252,
      0.154,
      0.085,
      0.268,
      0.444,
      0.175,
      0.068,
      0.27,
      0.17,
      0.221,
      0.178,
      0.268,
      0.215,
      0.334,
      0.142,
      0.201,
      0.284,
      0.208,
      0.162,
      0.169,
      0.27,
      0.128,
      0.072,
      0.183,
      0.193,
      0.308,
      0.154,
      0.083,
      0.058,
      0.123,
      0.175,
      0.074
    ],
    [
      0.013,
      0.171,
      0.127,
      0.223,
      0.112,
      1.0,
      0.089,
      0.002,
      0.031,
      -0.135,
      -0.036,
      0.023,
      0.183,
      0.006,
      0.152,
      0.049,
      0.189,
      0.055,
      0.055,
      0.095,
      0.064,
      0.145,
      -0.186,
      0.156,
      0.011,
      0.103,
      -0.164,
      0.054,
      0.154,
      0.03,
      0.155,
      0.194,
      0.166,
      0.16,
      0.207,
      -0.003,
      0.079,
      0.043,
      0.149,
      0.14,
      0.045,
      0.072,
      0.145,
      0.222,
      0.028,
      0.203,
      0.274,
      0.175,
      0.19,
      0.127,
      0.048,
      0.084,
      0.196,
      0.104,
      0.065,
      0.088,
      0.328,
      0.069,
      0.062,
      0.157,
      -0.021
    ],
    [
      -0.048,
      0.294,
      0.483,
      0.188,
      0.348,
      0.089,
      1.0,
      0.055,
      0.105,
      0.037,
      -0.092,
      -0.001,
      0.053,
      0.243,
      0.183,
      0.27,
      0.143,
      0.458,
      0.231,
      0.309,
      0.431,
      0.287,
      -0.151,
      0.229,
      0.059,
      0.122,
      -0.072,
      0.696,
      0.272,
      0.32,
      0.23,
      0.119,
      0.258,
      0.261,
      0.149,
      0.043,
      0.279,
      0.224,
      0.035,
      0.281,
      0.342,
      0.287,
      0.281,
      0.189,
      0.293,
      0.301,
      0.279,
      0.125,
      0.193,
      0.256,
      -0.011,
      0.101,
      0.189,
      0.331,
      0.432,
      0.187,
      0.151,
      0.085,
      0.212,
      0.29,
      0.16
    ],
    [
      -0.013,
      0.114,
      0.1,
      0.013,
      0.054,
      0.002,
      0.055,
      1.0,
      0.154,
      -0.039,
      0.068,
      0.014,
      0.123,
      0.003,
      0.038,
      0.05,
      0.066,
      0.083,
      -0.019,
      0.131,
      0.065,
      0.127,
      -0.113,
      0.165,
      -0.049,
      0.002,
      -0.058,
      0.041,
      0.068,
      -0.009,
      0.073,
      0.167,
      0.133,
      0.048,
      -0.007,
      0.062,
      0.053,
      0.046,
      0.001,
      -0.021,
      0.104,
      0.105,
      0.132,
      0.17,
      0.034,
      0.11,
      0.11,
      0.012,
      0.014,
      0.111,
      0.033,
      -0.02,
      0.082,
      0.097,
      0.055,
      -0.012,
      0.055,
      0.001,
      0.129,
      0.048,
      -0.102
    ],
    [
      0.027,
      0.125,
      0.108,
      0.168,
      0.197,
      0.031,
      0.105,
      0.154,
      1.0,
      -0.026,
      0.04,
      0.089,
      0.097,
      -0.069,
      0.143,
      0.05,
      0.076,
      0.16,
      0.001,
      0.157,
      0.165,
      0.149,
      -0.116,
      0.251,
      0.072,
      0.044,
      -0.031,
      0.061,
      0.189,
      0.065,
      0.17,
      0.134,
      0.306,
      0.136,
      0.144,
      0.228,
      0.136,
      0.027,
      0.062,
      0.139,
      0.135,
      0.046,
      0.164,
      0.05,
      0.1,
      0.247,
      0.159,
      0.061,
      0.061,
      0.186,
      0.071,
      0.077,
      0.02,
      0.102,
      0.237,
      0.099,
      0.075,
      0.18,
      0.166,
      0.096,
      -0.036
    ],
    [
      -0.013,
      -0.143,
      0.202,
      0.136,
      -0.005,
      -0.135,
      0.037,
      -0.039,
      -0.026,
      1.0,
      0.105,
      -0.023,
      -0.066,
      0.377,
      -0.13,
      0.335,
      0.083,
      -0.115,
      0.228,
      -0.209,
      0.235,
      -0.068,
      0.102,
      -0.004,
      -0.023,
      0.039,
      0.011,
      0.127,
      -0.049,
      0.147,
      -0.1,
      -0.016,
      -0.139,
      0.189,
      -0.024,
      -0.036,
      0.326,
      0.284,
      0.031,
      0.062,
      0.067,
      0.171,
      -0.129,
      0.012,
      0.426,
      -0.116,
      -0.13,
      0.116,
      0.015,
      -0.052,
      -0.027,
      -0.01,
      -0.063,
      0.027,
      -0.061,
      0.315,
      -0.087,
      -0.031,
      0.166,
      0.006,
      0.341
    ],
    [
      0.199,
      -0.007,
      -0.009,
      0.057,
      -0.124,
      -0.036,
      -0.092,
      0.068,
      0.04,
      0.105,
      1.0,
      0.157,
      -0.096,
      -0.006,
      0.166,
      0.034,
      0.063,
      -0.037,
      -0.023,
      -0.043,
      -0.024,
      -0.01,
      -0.003,
      -0.182,
      -0.002,
      -0.056,
      0.038,
      -0.067,
      -0.055,
      -0.095,
      -0.034,
      0.02,
      -0.06,
      0.012,
      -0.052,
      0.133,
      -0.097,
      -0.081,
      0.024,
      -0.08,
      -0.102,
      0.142,
      -0.052,
      0.047,
      -0.046,
      -0.089,
      -0.094,
      0.016,
      -0.034,
      -0.019,
      -0.114,
      0.023,
      -0.158,
      -0.146,
      -0.081,
      -0.028,
      -0.097,
      -0.036,
      0.262,
      -0.044,
      0.015
    ],
    [
      0.046,
      -0.077,
      -0.041,
      -0.037,
      0.004,
      0.023,
      -0.001,
      0.014,
      0.089,
      -0.023,
      0.157,
      1.0,
      0.044,
      -0.079,
      0.102,
      -0.011,
      -0.002,
      0.014,
      0.084,
      -0.016,
      0.011,
      0.002,
      -0.046,
      -0.022,
      0.086,
      -0.042,
      0.038,
      -0.023,
      -0.038,
      -0.084,
      -0.067,
      0.089,
      -0.07,
      -0.007,
      -0.109,
      0.081,
      -0.108,
      -0.087,
      0.088,
      0.076,
      -0.177,
      -0.034,
      -0.128,
      -0.04,
      0.011,
      0.001,
      0.004,
      -0.084,
      0.002,
      -0.157,
      -0.039,
      -0.051,
      -0.042,
      -0.002,
      -0.037,
      -0.067,
      -0.06,
      0.039,
      0.126,
      0.001,
      -0.084
    ],
    [
      -0.038,
      0.139,
      0.012,
      0.069,
      0.011,
      0.183,
      0.053,
      0.123,
      0.097,
      -0.066,
      -0.096,
      0.044,
      1.0,
      -0.212,
      0.046,
      -0.03,
      0.128,
      0.186,
      -0.026,
      0.092,
      0.07,
      0.13,
      -0.11,
      0.197,
      0.03,
      0.057,
      0.049,
      0.06,
      0.223,
      0.052,
      0.198,
      0.186,
      0.136,
      -0.119,
      0.227,
      0.12,
      -0.158,
      -0.198,
      -0.06,
      0.126,
      -0.117,
      0.104,
      0.024,
      0.144,
      -0.053,
      0.186,
      0.276,
      -0.048,
      0.299,
      0.075,
      0.07,
      0.068,
      0.175,
      0.161,
      0.079,
      -0.056,
      0.335,
      0.102,
      -0.03,
      0.163,
      -0.185
    ],
    [
      0.005,
      0.033,
      0.325,
      0.194,
      0.148,
      0.006,
      0.243,
      0.003,
      -0.069,
      0.377,
      -0.006,
      -0.079,
      -0.212,
      1.0,
      -0.038,
      0.323,
      0.178,
      -0.016,
      0.213,
      0.104,
      0.116,
      0.085,
      0.077,
      0.012,
      -0.063,
      0.152,
      0.019,
      0.316,
      -0.057,
      0.158,
      0.067,
      -0.017,
      0.064,
      0.105,
      -0.002,
      -0.082,
      0.517,
      0.555,
      0.059,
      0.038,
      0.284,
      0.119,
      0.128,
      -0.08,
      0.526,
      -0.008,
      -0.1,
      0.253,
      0.055,
      0.125,
      0.054,
      0.09,
      -0.004,
      -0.024,
      0.118,
      0.405,
      -0.122,
      -0.05,
      0.18,
      0.065,
      0.684
    ],
    [
      -0.025,
      0.291,
      0.028,
      0.035,
      0.108,
      0.152,
      0.183,
      0.038,
      0.143,
      -0.13,
      0.166,
      0.102,
      0.046,
      -0.038,
      1.0,
      -0.117,
      0.012,
      0.211,
      -0.021,
      0.204,
      0.197,
      0.24,
      -0.078,
      0.159,
      0.158,
      0.141,
      0.099,
      0.044,
      0.15,
      0.073,
      0.238,
      0.094,
      0.288,
      0.146,
      0.124,
      0.173,
      -0.134,
      -0.006,
      0.055,
      0.092,
      0.113,
      0.113,
      0.231,
      0.186,
      -0.001,
      0.221,
      0.214,
      0.003,
      0.095,
      0.215,
      0.158,
      0.272,
      0.105,
      0.064,
      0.203,
      -0.226,
      0.121,
      0.036,
      0.012,
      0.078,
      -0.152
    ],
    [
      0.109,
      -0.064,
      0.316,
      0.146,
      0.053,
      0.049,
      0.27,
      0.05,
      0.05,
      0.335,
      0.034,
      -0.011,
      -0.03,
      0.323,
      -0.117,
      1.0,
      0.15,
      0.01,
      0.29,
      -0.005,
      0.228,
      0.055,
      -0.008,
      0.03,
      -0.091,
      -0.027,
      -0.065,
      0.335,
      -0.058,
      0.122,
      0.072,
      -0.022,
      -0.042,
      0.064,
      0.114,
      -0.079,
      0.374,
      0.276,
      0.095,
      0.146,
      0.091,
      0.053,
      -0.067,
      0.112,
      0.419,
      -0.018,
      -0.002,
      0.17,
      0.073,
      -0.019,
      -0.001,
      -0.1,
      -0.123,
      0.099,
      -0.007,
      0.423,
      -0.104,
      -0.05,
      0.269,
      0.046,
      0.374
    ],
    [
      0.066,
      0.148,
      0.204,
      0.182,
      0.195,
      0.189,
      0.143,
      0.066,
      0.076,
      0.083,
      0.063,
      -0.002,
      0.128,
      0.178,
      0.012,
      0.15,
      1.0,
      0.046,
      0.091,
      0.196,
      0.134,
      0.135,
      -0.289,
      0.157,
      -0.011,
      0.286,
      -0.171,
      0.116,
      0.161,
      0.06,
      0.244,
      0.108,
      0.132,
      0.155,
      0.215,
      0.007,
      0.204,
      0.077,
      0.093,
      0.059,
      0.117,
      0.046,
      0.087,
      0.301,
      0.065,
      0.266,
      0.241,
      0.106,
      0.24,
      0.216,
      0.064,
      0.017,
      0.166,
      0.096,
      0.106,
      0.08,
      0.264,
      0.034,
      0.087,
      0.275,
      0.111
    ],
    [
      0.029,
      0.282,
      0.231,
      0.182,
      0.247,
      0.055,
      0.458,
      0.083,
      0.16,
      -0.115,
      -0.037,
      0.014,
      0.186,
      -0.016,
      0.211,
      0.01,
      0.046,
      1.0,
      0.092,
      0.211,
      0.331,
      0.221,
      -0.1,
      0.166,
      0.142,
      0.082,
      -0.078,
      0.287,
      0.325,
      0.172,
      0.268,
      0.113,
      0.249,
      0.221,
      0.193,
      0.11,
      -0.083,
      0.037,
      -0.009,
      0.191,
      0.151,
      0.218,
      0.214,
      0.17,
      0.057,
      0.289,
      0.273,
      0.023,
      0.189,
      0.243,
      0.089,
      0.174,
      0.15,
      0.346,
      0.388,
      0.011,
      0.175,
      0.045,
      0.184,
      0.137,
      -0.076
    ],
    [
      -0.102,
      -0.083,
      0.291,
      0.251,
      0.116,
      0.055,
      0.231,
      -0.019,
      0.001,
      0.228,
      -0.023,
      0.084,
      -0.026,
      0.213,
      -0.021,
      0.29,
      0.091,
      0.092,
      1.0,
      0.104,
      0.17,
      -0.034,
      0.01,
      0.064,
      -0.035,
      0.045,
      -0.043,
      0.201,
      0.104,
      0.115,
      0.068,
      0.001,
      -0.093,
      0.052,
      0.115,
      0.074,
      0.14,
      0.262,
      0.123,
      0.223,
      -0.052,
      0.073,
      -0.041,
      0.11,
      0.362,
      0.094,
      0.137,
      0.209,
      0.144,
      0.004,
      0.125,
      -0.033,
      -0.084,
      0.09,
      -0.079,
      0.307,
      0.074,
      0.047,
      0.283,
      0.098,
      0.239
    ],
    [
      0.041,
      0.29,
      0.225,
      0.204,
      0.399,
      0.095,
      0.309,
      0.131,
      0.157,
      -0.209,
      -0.043,
      -0.016,
      0.092,
      0.104,
      0.204,
      -0.005,
      0.196,
      0.211,
      0.104,
      1.0,
      0.162,
      0.129,
      -0.136,
      0.211,
      0.007,
      0.112,
      -0.052,
      0.19,
      0.255,
      0.221,
      0.129,
      0.162,
      0.25,
      0.209,
      0.183,
      0.117,
      0.068,
      0.086,
      0.108,
      0.12,
      0.247,
      0.132,
      0.277,
      0.212,
      0.095,
      0.297,
      0.166,
      0.068,
      0.093,
      0.244,
      0.101,
      0.149,
      0.189,
      0.08,
      0.371,
      -0.036,
      0.143,
      0.066,
      0.109,
      0.226,
      0.071
    ],
    [
      -0.039,
      0.287,
      0.418,
      0.215,
      0.249,
      0.064,
      0.431,
      0.065,
      0.165,
      0.235,
      -0.024,
      0.011,
      0.07,
      0.116,
      0.197,
      0.228,
      0.134,
      0.331,
      0.17,
      0.162,
      1.0,
      0.255,
      -0.158,
      0.26,
      0.147,
      0.176,
      -0.048,
      0.324,
      0.298,
      0.334,
      0.266,
      0.241,
      0.237,
      0.232,
      0.141,
      0.148,
      0.111,
      0.112,
      0.032,
      0.334,
      0.208,
      0.285,
      0.228,
      0.224,
      0.207,
      0.274,
      0.222,
      0.138,
      0.149,
      0.331,
      0.063,
      0.223,
      0.129,
      0.316,
      0.317,
      0.11,
      0.153,
      0.085,
      0.319,
      0.207,
      0.07
    ],
    [
      0.022,
      0.525,
      0.125,
      0.135,
      0.172,
      0.145,
      0.287,
      0.127,
      0.149,
      -0.068,
      -0.01,
      0.002,
      0.13,
      0.085,
      0.24,
      0.055,
      0.135,
      0.221,
      -0.034,
      0.129,
      0.255,
      1.0,
      -0.236,
      0.334,
      0.098,
      0.259,
      -0.168,
      0.034,
      0.406,
      0.12,
      0.449,
      0.213,
      0.532,
      0.227,
      0.244,
      0.081,
      0.099,
      0.127,
      -0.028,
      -0.019,
      0.273,
      0.173,
      0.434,
      0.354,
      0.028,
      0.443,
      0.401,
      0.01,
      0.225,
      0.528,
      0.038,
      0.168,
      0.334,
      0.158,
      0.311,
      0.042,
      0.281,
      0.097,
      0.139,
      0.283,
      -0.007
    ],
    [
      -0.065,
      -0.18,
      -0.125,
      -0.105,
      -0.061,
      -0.186,
      -0.151,
      -0.113,
      -0.116,
      0.102,
      -0.003,
      -0.046,
      -0.11,
      0.077,
      -0.078,
      -0.008,
      -0.289,
      -0.1,
      0.01,
      -0.136,
      -0.158,
      -0.236,
      1.0,
      -0.21,
      -0.044,
      -0.204,
      0.357,
      -0.053,
      -0.223,
      -0.0,
      -0.206,
      -0.151,
      -0.2,
      -0.164,
      -0.152,
      -0.105,
      -0.037,
      0.012,
      0.007,
      0.044,
      -0.05,
      -0.104,
      -0.185,
      -0.287,
      -0.027,
      -0.395,
      -0.371,
      -0.036,
      -0.167,
      -0.225,
      -0.088,
      -0.106,
      -0.22,
      -0.095,
      -0.164,
      0.097,
      -0.301,
      -0.023,
      -0.052,
      -0.254,
      0.088
    ],
    [
      0.089,
      0.379,
      0.219,
      0.159,
      0.186,
      0.156,
      0.229,
      0.165,
      0.251,
      -0.004,
      -0.182,
      -0.022,
      0.197,
      0.012,
      0.159,
      0.03,
      0.157,
      0.166,
      0.064,
      0.211,
      0.26,
      0.334,
      -0.21,
      1.0,
      0.091,
      0.284,
      -0.116,
      0.153,
      0.442,
      0.113,
      0.431,
      0.286,
      0.329,
      0.114,
      0.248,
      0.139,
      0.011,
      0.083,
      -0.103,
      0.191,
      0.097,
      0.143,
      0.282,
      0.335,
      0.052,
      0.472,
      0.403,
      -0.084,
      0.286,
      0.485,
      0.063,
      0.06,
      0.233,
      0.199,
      0.212,
      0.066,
      0.424,
      0.215,
      0.131,
      0.38,
      -0.081
    ],
    [
      -0.015,
      0.09,
      0.025,
      0.007,
      0.074,
      0.011,
      0.059,
      -0.049,
      0.072,
      -0.023,
      -0.002,
      0.086,
      0.03,
      -0.063,
      0.158,
      -0.091,
      -0.011,
      0.142,
      -0.035,
      0.007,
      0.147,
      0.098,
      -0.044,
      0.091,
      1.0,
      -0.051,
      0.04,
      -0.071,
      0.045,
      0.019,
      0.075,
      0.005,
      0.091,
      0.035,
      0.055,
      0.071,
      -0.07,
      -0.092,
      -0.029,
      0.078,
      0.043,
      0.032,
      0.048,
      -0.097,
      -0.06,
      0.047,
      0.115,
      -0.059,
      0.015,
      0.036,
      0.066,
      0.071,
      0.054,
      0.07,
      0.089,
      -0.1,
      0.066,
      -0.041,
      -0.072,
      0.001,
      -0.072
    ],
    [
      0.105,
      0.248,
      0.062,
      0.265,
      0.11,
      0.103,
      0.122,
      0.002,
      0.044,
      0.039,
      -0.056,
      -0.042,
      0.057,
      0.152,
      0.141,
      -0.027,
      0.286,
      0.082,
      0.045,
      0.112,
      0.176,
      0.259,
      -0.204,
      0.284,
      -0.051,
      1.0,
      -0.13,
      0.125,
      0.206,
      0.163,
      0.301,
      0.143,
      0.261,
      0.123,
      0.299,
      -0.08,
      0.106,
      0.128,
      0.001,
      -0.111,
      0.07,
      0.096,
      0.214,
      0.338,
      0.015,
      0.28,
      0.203,
      -0.06,
      0.187,
      0.229,
      0.102,
      0.167,
      0.358,
      0.008,
      0.085,
      -0.024,
      0.301,
      0.042,
      0.036,
      0.3,
      0.059
    ],
    [
      -0.067,
      -0.112,
      -0.044,
      -0.131,
      -0.009,
      -0.164,
      -0.072,
      -0.058,
      -0.031,
      0.011,
      0.038,
      0.038,
      0.049,
      0.019,
      0.099,
      -0.065,
      -0.171,
      -0.078,
      -0.043,
      -0.052,
      -0.048,
      -0.168,
      0.357,
      -0.116,
      0.04,
      -0.13,
      1.0,
      0.062,
      -0.173,
      -0.058,
      -0.14,
      -0.101,
      -0.152,
      -0.125,
      -0.08,
      -0.098,
      -0.071,
      -0.024,
      0.044,
      0.056,
      -0.057,
      -0.028,
      -0.164,
      -0.208,
      -0.07,
      -0.207,
      -0.283,
      -0.028,
      -0.077,
      -0.176,
      -0.057,
      -0.024,
      -0.13,
      0.012,
      -0.045,
      -0.128,
      -0.253,
      -0.069,
      -0.098,
      -0.228,
      -0.025
    ],
    [
      -0.05,
      0.077,
      0.485,
      0.274,
      0.251,
      0.054,
      0.696,
      0.041,
      0.061,
      0.127,
      -0.067,
      -0.023,
      0.06,
      0.316,
      0.044,
      0.335,
      0.116,
      0.287,
      0.201,
      0.19,
      0.324,
      0.034,
      -0.053,
      0.153,
      -0.071,
      0.125,
      0.062,
      1.0,
      0.15,
      0.304,
      0.135,
      0.027,
      0.039,
      0.147,
      0.112,
      -0.051,
      0.278,
      0.175,
      0.031,
      0.313,
      0.201,
      0.234,
      0.1,
      0.069,
      0.296,
      0.194,
      0.216,
      0.177,
      0.197,
      0.068,
      -0.058,
      -0.008,
      0.111,
      0.265,
      0.281,
      0.261,
      0.058,
      0.048,
      0.266,
      0.168,
      0.221
    ],
    [
      -0.035,
      0.457,
      0.183,
      0.211,
      0.205,
      0.154,
      0.272,
      0.068,
      0.189,
      -0.049,
      -0.055,
      -0.038,
      0.223,
      -0.057,
      0.15,
      -0.058,
      0.161,
      0.325,
      0.104,
      0.255,
      0.298,
      0.406,
      -0.223,
      0.442,
      0.045,
      0.206,
      -0.173,
      0.15,
      1.0,
      0.201,
      0.462,
      0.26,
      0.461,
      0.253,
      0.34,
      0.092,
      0.051,
      -0.031,
      -0.036,
      0.15,
      0.163,
      0.194,
      0.439,
      0.398,
      -0.03,
      0.685,
      0.585,
      -0.003,
      0.337,
      0.541,
      0.138,
      0.188,
      0.246,
      0.203,
      0.394,
      0.02,
      0.473,
      0.174,
      0.122,
      0.389,
      -0.107
    ],
    [
      0.023,
      0.1,
      0.286,
      0.228,
      0.252,
      0.03,
      0.32,
      -0.009,
      0.065,
      0.147,
      -0.095,
      -0.084,
      0.052,
      0.158,
      0.073,
      0.122,
      0.06,
      0.172,
      0.115,
      0.221,
      0.334,
      0.12,
      -0.0,
      0.113,
      0.019,
      0.163,
      -0.058,
      0.304,
      0.201,
      1.0,
      0.194,
      0.104,
      0.127,
      0.228,
      0.21,
      0.008,
      0.22,
      0.179,
      0.058,
      0.247,
      0.25,
      0.194,
      0.16,
      0.123,
      0.249,
      0.24,
      0.218,
      0.154,
      0.182,
      0.211,
      0.082,
      0.155,
      0.137,
      0.172,
      0.169,
      0.215,
      0.103,
      0.129,
      0.212,
      0.219,
      0.116
    ],
    [
      0.116,
      0.458,
      0.136,
      0.296,
      0.154,
      0.155,
      0.23,
      0.073,
      0.17,
      -0.1,
      -0.034,
      -0.067,
      0.198,
      0.067,
      0.238,
      0.072,
      0.244,
      0.268,
      0.068,
      0.129,
      0.266,
      0.449,
      -0.206,
      0.431,
      0.075,
      0.301,
      -0.14,
      0.135,
      0.462,
      0.194,
      1.0,
      0.163,
      0.438,
      0.126,
      0.397,
      -0.0,
      0.091,
      0.052,
      -0.075,
      0.106,
      0.145,
      0.16,
      0.37,
      0.399,
      -0.007,
      0.55,
      0.484,
      0.005,
      0.398,
      0.521,
      0.095,
      0.166,
      0.337,
      0.214,
      0.213,
      0.023,
      0.409,
      0.127,
      0.124,
      0.354,
      0.003
    ],
    [
      0.022,
      0.277,
      0.097,
      0.077,
      0.085,
      0.194,
      0.119,
      0.167,
      0.134,
      -0.016,
      0.02,
      0.089,
      0.186,
      -0.017,
      0.094,
      -0.022,
      0.108,
      0.113,
      0.001,
      0.162,
      0.241,
      0.213,
      -0.151,
      0.286,
      0.005,
      0.143,
      -0.101,
      0.027,
      0.26,
      0.104,
      0.163,
      1.0,
      0.218,
      0.183,
      0.182,
      0.197,
      0.002,
      -0.016,
      0.017,
      0.047,
      0.099,
      0.109,
      0.304,
      0.291,
      -0.062,
      0.274,
      0.287,
      -0.039,
      0.175,
      0.288,
      0.138,
      0.155,
      0.196,
      0.043,
      0.168,
      -0.041,
      0.192,
      0.167,
      0.019,
      0.196,
      -0.043
    ],
    [
      0.017,
      0.769,
      0.142,
      0.145,
      0.268,
      0.166,
      0.258,
      0.133,
      0.306,
      -0.139,
      -0.06,
      -0.07,
      0.136,
      0.064,
      0.288,
      -0.042,
      0.132,
      0.249,
      -0.093,
      0.25,
      0.237,
      0.532,
      -0.2,
      0.329,
      0.091,
      0.261,
      -0.152,
      0.039,
      0.461,
      0.127,
      0.438,
      0.218,
      1.0,
      0.297,
      0.149,
      0.141,
      0.089,
      0.155,
      -0.036,
      -0.01,
      0.359,
      0.177,
      0.661,
      0.337,
      0.057,
      0.512,
      0.303,
      0.017,
      0.236,
      0.737,
      0.084,
      0.168,
      0.334,
      0.145,
      0.439,
      -0.088,
      0.289,
      0.087,
      0.127,
      0.213,
      0.016
    ],
    [
      0.053,
      0.319,
      0.289,
      0.245,
      0.444,
      0.16,
      0.261,
      0.048,
      0.136,
      0.189,
      0.012,
      -0.007,
      -0.119,
      0.105,
      0.146,
      0.064,
      0.155,
      0.221,
      0.052,
      0.209,
      0.232,
      0.227,
      -0.164,
      0.114,
      0.035,
      0.123,
      -0.125,
      0.147,
      0.253,
      0.228,
      0.126,
      0.183,
      0.297,
      1.0,
      0.213,
      0.011,
      0.293,
      0.142,
      0.096,
      0.139,
      0.342,
      0.301,
      0.307,
      0.213,
      0.066,
      0.306,
      0.253,
      0.132,
      0.042,
      0.298,
      0.081,
      0.024,
      0.182,
      0.094,
      0.295,
      0.071,
      0.047,
      0.009,
      0.203,
      0.13,
      0.006
    ],
    [
      0.076,
      0.201,
      0.152,
      0.325,
      0.175,
      0.207,
      0.149,
      -0.007,
      0.144,
      -0.024,
      -0.052,
      -0.109,
      0.227,
      -0.002,
      0.124,
      0.114,
      0.215,
      0.193,
      0.115,
      0.183,
      0.141,
      0.244,
      -0.152,
      0.248,
      0.055,
      0.299,
      -0.08,
      0.112,
      0.34,
      0.21,
      0.397,
      0.182,
      0.149,
      0.213,
      1.0,
      0.071,
      0.081,
      0.017,
      -0.041,
      0.115,
      0.043,
      0.125,
      0.218,
      0.33,
      0.071,
      0.402,
      0.446,
      0.161,
      0.215,
      0.244,
      0.094,
      0.12,
      0.338,
      0.229,
      0.15,
      0.042,
      0.404,
      0.121,
      0.081,
      0.349,
      -0.003
    ],
    [
      0.126,
      0.138,
      0.154,
      -0.026,
      0.068,
      -0.003,
      0.043,
      0.062,
      0.228,
      -0.036,
      0.133,
      0.081,
      0.12,
      -0.082,
      0.173,
      -0.079,
      0.007,
      0.11,
      0.074,
      0.117,
      0.148,
      0.081,
      -0.105,
      0.139,
      0.071,
      -0.08,
      -0.098,
      -0.051,
      0.092,
      0.008,
      -0.0,
      0.197,
      0.141,
      0.011,
      0.071,
      1.0,
      -0.033,
      -0.335,
      0.014,
      0.048,
      -0.007,
      0.043,
      0.144,
      0.073,
      0.041,
      0.14,
      0.112,
      -0.029,
      0.023,
      0.145,
      0.079,
      0.155,
      0.074,
      0.12,
      0.027,
      -0.023,
      0.109,
      0.047,
      0.106,
      0.123,
      -0.085
    ],
    [
      0.044,
      -0.021,
      0.304,
      0.189,
      0.27,
      0.079,
      0.279,
      0.053,
      0.136,
      0.326,
      -0.097,
      -0.108,
      -0.158,
      0.517,
      -0.134,
      0.374,
      0.204,
      -0.083,
      0.14,
      0.068,
      0.111,
      0.099,
      -0.037,
      0.011,
      -0.07,
      0.106,
      -0.071,
      0.278,
      0.051,
      0.22,
      0.091,
      0.002,
      0.089,
      0.293,
      0.081,
      -0.033,
      1.0,
      0.371,
      0.176,
      0.076,
      0.356,
      0.115,
      0.116,
      -0.009,
      0.327,
      0.1,
      0.003,
      0.178,
      0.093,
      0.113,
      0.078,
      0.099,
      0.106,
      0.058,
      0.183,
      0.439,
      -0.024,
      0.001,
      0.124,
      0.141,
      0.448
    ],
    [
      0.016,
      0.117,
      0.221,
      0.161,
      0.17,
      0.043,
      0.224,
      0.046,
      0.027,
      0.284,
      -0.081,
      -0.087,
      -0.198,
      0.555,
      -0.006,
      0.276,
      0.077,
      0.037,
      0.262,
      0.086,
      0.112,
      0.127,
      0.012,
      0.083,
      -0.092,
      0.128,
      -0.024,
      0.175,
      -0.031,
      0.179,
      0.052,
      -0.016,
      0.155,
      0.142,
      0.017,
      -0.335,
      0.371,
      1.0,
      0.077,
      0.057,
      0.251,
      0.206,
      0.154,
      0.013,
      0.443,
      0.029,
      -0.055,
      0.268,
      0.12,
      0.188,
      -0.024,
      -0.014,
      0.006,
      -0.004,
      0.22,
      0.354,
      -0.068,
      -0.031,
      0.129,
      0.034,
      0.481
    ],
    [
      0.105,
      -0.016,
      0.114,
      0.138,
      0.221,
      0.149,
      0.035,
      0.001,
      0.062,
      0.031,
      0.024,
      0.088,
      -0.06,
      0.059,
      0.055,
      0.095,
      0.093,
      -0.009,
      0.123,
      0.108,
      0.032,
      -0.028,
      0.007,
      -0.103,
      -0.029,
      0.001,
      0.044,
      0.031,
      -0.036,
      0.058,
      -0.075,
      0.017,
      -0.036,
      0.096,
      -0.041,
      0.014,
      0.176,
      0.077,
      1.0,
      0.034,
      0.034,
      0.015,
      0.07,
      0.024,
      0.102,
      -0.031,
      0.009,
      0.379,
      0.045,
      0.01,
      0.026,
      0.094,
      -0.046,
      -0.096,
      0.046,
      0.069,
      -0.042,
      -0.094,
      0.032,
      -0.045,
      0.025
    ],
    [
      -0.045,
      0.02,
      0.379,
      0.194,
      0.178,
      0.14,
      0.281,
      -0.021,
      0.139,
      0.062,
      -0.08,
      0.076,
      0.126,
      0.038,
      0.092,
      0.146,
      0.059,
      0.191,
      0.223,
      0.12,
      0.334,
      -0.019,
      0.044,
      0.191,
      0.078,
      -0.111,
      0.056,
      0.313,
      0.15,
      0.247,
      0.106,
      0.047,
      -0.01,
      0.139,
      0.115,
      0.048,
      0.076,
      0.057,
      0.034,
      1.0,
      0.036,
      0.118,
      0.001,
      0.062,
      0.124,
      0.207,
      0.218,
      0.107,
      0.187,
      0.092,
      0.089,
      -0.054,
      -0.063,
      0.27,
      0.167,
      0.16,
      0.092,
      0.079,
      0.161,
      0.169,
      0.075
    ],
    [
      -0.072,
      0.319,
      0.144,
      0.122,
      0.268,
      0.045,
      0.342,
      0.104,
      0.135,
      0.067,
      -0.102,
      -0.177,
      -0.117,
      0.284,
      0.113,
      0.091,
      0.117,
      0.151,
      -0.052,
      0.247,
      0.208,
      0.273,
      -0.05,
      0.097,
      0.043,
      0.07,
      -0.057,
      0.201,
      0.163,
      0.25,
      0.145,
      0.099,
      0.359,
      0.342,
      0.043,
      -0.007,
      0.356,
      0.251,
      0.034,
      0.036,
      1.0,
      0.171,
      0.392,
      0.121,
      0.134,
      0.189,
      0.042,
      0.087,
      0.088,
      0.364,
      0.049,
      0.133,
      0.23,
      0.13,
      0.618,
      0.101,
      0.002,
      0.054,
      0.048,
      0.147,
      0.136
    ],
    [
      0.028,
      0.205,
      0.309,
      0.203,
      0.215,
      0.072,
      0.287,
      0.105,
      0.046,
      0.171,
      0.142,
      -0.034,
      0.104,
      0.119,
      0.113,
      0.053,
      0.046,
      0.218,
      0.073,
      0.132,
      0.285,
      0.173,
      -0.104,
      0.143,
      0.032,
      0.096,
      -0.028,
      0.234,
      0.194,
      0.194,
      0.16,
      0.109,
      0.177,
      0.301,
      0.125,
      0.043,
      0.115,
      0.206,
      0.015,
      0.118,
      0.171,
      1.0,
      0.11,
      0.094,
      0.228,
      0.12,
      0.121,
      0.217,
      0.049,
      0.14,
      -0.083,
      0.045,
      0.168,
      0.106,
      0.233,
      0.135,
      0.087,
      0.018,
      0.364,
      0.102,
      0.129
    ],
    [
      0.051,
      0.705,
      0.063,
      0.223,
      0.334,
      0.145,
      0.281,
      0.132,
      0.164,
      -0.129,
      -0.052,
      -0.128,
      0.024,
      0.128,
      0.231,
      -0.067,
      0.087,
      0.214,
      -0.041,
      0.277,
      0.228,
      0.434,
      -0.185,
      0.282,
      0.048,
      0.214,
      -0.164,
      0.1,
      0.439,
      0.16,
      0.37,
      0.304,
      0.661,
      0.307,
      0.218,
      0.144,
      0.116,
      0.154,
      0.07,
      0.001,
      0.392,
      0.11,
      1.0,
      0.339,
      0.033,
      0.451,
      0.313,
      0.078,
      0.217,
      0.688,
      0.137,
      0.195,
      0.282,
      0.143,
      0.436,
      -0.057,
      0.269,
      0.186,
      0.053,
      0.287,
      0.013
    ],
    [
      0.053,
      0.329,
      0.143,
      0.225,
      0.142,
      0.222,
      0.189,
      0.17,
      0.05,
      0.012,
      0.047,
      -0.04,
      0.144,
      -0.08,
      0.186,
      0.112,
      0.301,
      0.17,
      0.11,
      0.212,
      0.224,
      0.354,
      -0.287,
      0.335,
      -0.097,
      0.338,
      -0.208,
      0.069,
      0.398,
      0.123,
      0.399,
      0.291,
      0.337,
      0.213,
      0.33,
      0.073,
      -0.009,
      0.013,
      0.024,
      0.062,
      0.121,
      0.094,
      0.339,
      1.0,
      -0.003,
      0.42,
      0.379,
      0.008,
      0.37,
      0.421,
      0.119,
      0.123,
      0.352,
      0.238,
      0.255,
      0.043,
      0.37,
      0.071,
      0.102,
      0.34,
      -0.069
    ],
    [
      -0.018,
      -0.023,
      0.405,
      0.232,
      0.201,
      0.028,
      0.293,
      0.034,
      0.1,
      0.426,
      -0.046,
      0.011,
      -0.053,
      0.526,
      -0.001,
      0.419,
      0.065,
      0.057,
      0.362,
      0.095,
      0.207,
      0.028,
      -0.027,
      0.052,
      -0.06,
      0.015,
      -0.07,
      0.296,
      -0.03,
      0.249,
      -0.007,
      -0.062,
      0.057,
      0.066,
      0.071,
      0.041,
      0.327,
      0.443,
      0.102,
      0.124,
      0.134,
      0.228,
      0.033,
      -0.003,
      1.0,
      -0.018,
      -0.025,
      0.265,
      0.033,
      0.073,
      0.112,
      -0.043,
      0.022,
      0.105,
      0.079,
      0.407,
      -0.055,
      0.039,
      0.255,
      0.075,
      0.513
    ],
    [
      0.033,
      0.53,
      0.229,
      0.233,
      0.284,
      0.203,
      0.301,
      0.11,
      0.247,
      -0.116,
      -0.089,
      0.001,
      0.186,
      -0.008,
      0.221,
      -0.018,
      0.266,
      0.289,
      0.094,
      0.297,
      0.274,
      0.443,
      -0.395,
      0.472,
      0.047,
      0.28,
      -0.207,
      0.194,
      0.685,
      0.24,
      0.55,
      0.274,
      0.512,
      0.306,
      0.402,
      0.14,
      0.1,
      0.029,
      -0.031,
      0.207,
      0.189,
      0.12,
      0.451,
      0.42,
      -0.018,
      1.0,
      0.687,
      -0.003,
      0.342,
      0.636,
      0.167,
      0.168,
      0.33,
      0.237,
      0.375,
      -0.059,
      0.537,
      0.17,
      0.158,
      0.445,
      -0.084
    ],
    [
      0.025,
      0.4,
      0.2,
      0.308,
      0.208,
      0.274,
      0.279,
      0.11,
      0.159,
      -0.13,
      -0.094,
      0.004,
      0.276,
      -0.1,
      0.214,
      -0.002,
      0.241,
      0.273,
      0.137,
      0.166,
      0.222,
      0.401,
      -0.371,
      0.403,
      0.115,
      0.203,
      -0.283,
      0.216,
      0.585,
      0.218,
      0.484,
      0.287,
      0.303,
      0.253,
      0.446,
      0.112,
      0.003,
      -0.055,
      0.009,
      0.218,
      0.042,
      0.121,
      0.313,
      0.379,
      -0.025,
      0.687,
      1.0,
      0.096,
      0.461,
      0.426,
      0.179,
      0.109,
      0.22,
      0.174,
      0.235,
      -0.022,
      0.491,
      0.141,
      0.115,
      0.415,
      -0.151
    ],
    [
      0.08,
      0.075,
      0.219,
      0.296,
      0.162,
      0.175,
      0.125,
      0.012,
      0.061,
      0.116,
      0.016,
      -0.084,
      -0.048,
      0.253,
      0.003,
      0.17,
      0.106,
      0.023,
      0.209,
      0.068,
      0.138,
      0.01,
      -0.036,
      -0.084,
      -0.059,
      -0.06,
      -0.028,
      0.177,
      -0.003,
      0.154,
      0.005,
      -0.039,
      0.017,
      0.132,
      0.161,
      -0.029,
      0.178,
      0.268,
      0.379,
      0.107,
      0.087,
      0.217,
      0.078,
      0.008,
      0.265,
      -0.003,
      0.096,
      1.0,
      0.034,
      0.116,
      0.005,
      0.144,
      -0.069,
      0.012,
      0.126,
      0.186,
      0.029,
      -0.08,
      0.202,
      0.018,
      0.224
    ],
    [
      -0.027,
      0.264,
      0.221,
      0.348,
      0.169,
      0.19,
      0.193,
      0.014,
      0.061,
      0.015,
      -0.034,
      0.002,
      0.299,
      0.055,
      0.095,
      0.073,
      0.24,
