{
  "meta": {
    "generated_at": "2026-06-11T11:56:12+00:00",
    "n_tickers": 61,
    "n_clusters": 0,
    "redundant_threshold": 0.75
  },
  "tickers": [
    "NTO",
    "ABBNE",
    "ABNB",
    "ADYEN",
    "AMZN",
    "BFIT",
    "BN",
    "CBAV",
    "CELH",
    "CHKP",
    "COR",
    "COST",
    "CPR",
    "CRWD",
    "DNP",
    "DSGX",
    "EVD",
    "FERG",
    "FICO",
    "GOOG",
    "GRMN",
    "HLMA",
    "IPCO",
    "ITX",
    "JDG",
    "JFN",
    "KIST",
    "KKR",
    "KRX",
    "KSPI",
    "LIFCO B",
    "LOTB",
    "LR",
    "META",
    "MIPS",
    "MNST",
    "MSFT",
    "NET",
    "NFLX",
    "NKE",
    "NVDA",
    "OTLY",
    "PRY",
    "RAA",
    "S",
    "SGO",
    "SIKA",
    "SPOT",
    "STMN",
    "SU",
    "TFF",
    "TFPM",
    "TGYM",
    "TREX",
    "TSM",
    "VEEV",
    "VID",
    "VRLA",
    "VLTO",
    "WOSG",
    "ZS"
  ],
  "matrix_1y": [
    [
      1.0,
      0.077,
      -0.137,
      0.009,
      0.036,
      -0.046,
      -0.038,
      -0.012,
      0.025,
      -0.026,
      0.203,
      0.011,
      -0.055,
      0.008,
      -0.011,
      0.074,
      0.063,
      0.039,
      -0.093,
      0.032,
      -0.036,
      0.011,
      -0.086,
      0.08,
      -0.037,
      0.121,
      -0.081,
      -0.056,
      -0.008,
      0.011,
      0.106,
      -0.018,
      0.009,
      0.032,
      0.066,
      0.125,
      0.036,
      0.026,
      0.102,
      -0.04,
      -0.077,
      0.013,
      0.056,
      0.058,
      -0.019,
      0.041,
      0.03,
      0.071,
      -0.026,
      0.085,
      -0.005,
      -0.044,
      0.061,
      -0.134,
      0.01,
      0.035,
      0.064,
      -0.112,
      0.154,
      0.004,
      -0.015
    ],
    [
      0.077,
      1.0,
      0.164,
      0.189,
      0.264,
      0.152,
      0.282,
      0.098,
      0.124,
      -0.132,
      -0.022,
      -0.087,
      0.125,
      0.066,
      0.278,
      -0.063,
      0.172,
      0.257,
      -0.078,
      0.288,
      0.288,
      0.391,
      -0.166,
      0.365,
      0.074,
      0.252,
      -0.102,
      0.071,
      0.444,
      0.121,
      0.447,
      0.254,
      0.764,
      0.318,
      0.191,
      0.125,
      0.007,
      0.142,
      -0.013,
      0.012,
      0.327,
      0.206,
      0.712,
      0.347,
      -0.001,
      0.519,
      0.386,
      0.073,
      0.259,
      0.79,
      0.078,
      0.146,
      0.308,
      0.174,
      0.448,
      -0.14,
      0.281,
      0.104,
      0.099,
      0.317,
      -0.045
    ],
    [
      -0.137,
      0.164,
      1.0,
      0.312,
      0.367,
      0.105,
      0.469,
      0.1,
      0.106,
      0.198,
      -0.016,
      -0.027,
      0.024,
      0.327,
      0.019,
      0.362,
      0.195,
      0.229,
      0.288,
      0.223,
      0.416,
      0.129,
      -0.12,
      0.212,
      0.015,
      0.05,
      -0.031,
      0.471,
      0.172,
      0.281,
      0.128,
      0.088,
      0.142,
      0.282,
      0.156,
      0.143,
      0.307,
      0.225,
      0.114,
      0.374,
      0.155,
      0.292,
      0.082,
      0.145,
      0.407,
      0.225,
      0.193,
      0.216,
      0.224,
      0.236,
      0.046,
      -0.003,
      0.138,
      0.269,
      0.17,
      0.374,
      0.014,
      0.011,
      0.372,
      0.22,
      0.308
    ],
    [
      0.009,
      0.189,
      0.312,
      1.0,
      0.283,
      0.188,
      0.21,
      -0.005,
      0.136,
      0.133,
      0.053,
      -0.029,
      0.065,
      0.212,
      0.028,
      0.208,
      0.201,
      0.185,
      0.262,
      0.223,
      0.234,
      0.138,
      -0.092,
      0.137,
      0.006,
      0.245,
      -0.116,
      0.301,
      0.168,
      0.225,
      0.293,
      0.051,
      0.156,
      0.25,
      0.317,
      -0.047,
      0.217,
      0.189,
      0.137,
      0.186,
      0.18,
      0.203,
      0.234,
      0.221,
      0.255,
      0.214,
      0.288,
      0.291,
      0.346,
      0.283,
      0.059,
      0.205,
      0.264,
      0.1,
      0.263,
      0.332,
      0.179,
      0.051,
      0.203,
      0.252,
      0.173
    ],
    [
      0.036,
      0.264,
      0.367,
      0.283,
      1.0,
      0.086,
      0.362,
      0.031,
      0.179,
      0.003,
      -0.121,
      -0.005,
      0.004,
      0.17,
      0.108,
      0.084,
      0.232,
      0.256,
      0.129,
      0.403,
      0.263,
      0.179,
      -0.065,
      0.161,
      0.071,
      0.108,
      -0.014,
      0.266,
      0.186,
      0.257,
      0.153,
      0.055,
      0.28,
      0.439,
      0.179,
      0.054,
      0.291,
      0.195,
      0.226,
      0.179,
      0.295,
      0.201,
      0.347,
      0.148,
      0.222,
      0.279,
      0.204,
      0.167,
      0.174,
      0.285,
      0.116,
      0.11,
      0.201,
      0.192,
      0.334,
      0.18,
      0.065,
      0.072,
      0.11,
      0.18,
      0.091
    ],
    [
      -0.046,
      0.152,
      0.105,
      0.188,
      0.086,
      1.0,
      0.071,
      -0.013,
      0.035,
      -0.129,
      -0.026,
      0.059,
      0.164,
      0.023,
      0.154,
      0.066,
      0.178,
      -0.004,
      0.052,
      0.061,
      0.035,
      0.085,
      -0.169,
      0.138,
      0.032,
      0.082,
      -0.161,
      0.049,
      0.105,
      0.037,
      0.138,
      0.218,
      0.146,
      0.123,
      0.187,
      0.017,
      0.063,
      0.007,
      0.152,
      0.12,
      0.015,
      0.062,
      0.107,
      0.221,
      0.018,
      0.179,
      0.255,
      0.174,
      0.17,
      0.102,
      0.042,
      0.05,
      0.156,
      0.075,
      0.016,
      0.064,
      0.324,
      0.057,
      -0.002,
      0.154,
      -0.017
    ],
    [
      -0.038,
      0.282,
      0.469,
      0.21,
      0.362,
      0.071,
      1.0,
      0.069,
      0.095,
      0.049,
      -0.079,
      -0.011,
      0.07,
      0.234,
      0.192,
      0.308,
      0.167,
      0.483,
      0.237,
      0.324,
      0.442,
      0.264,
      -0.17,
      0.231,
      0.069,
      0.11,
      -0.07,
      0.705,
      0.24,
      0.309,
      0.232,
      0.11,
      0.261,
      0.247,
      0.155,
      0.037,
      0.288,
      0.227,
      0.038,
      0.283,
      0.357,
      0.282,
      0.265,
      0.197,
      0.302,
      0.299,
      0.281,
      0.128,
      0.196,
      0.252,
      -0.026,
      0.123,
      0.186,
      0.338,
      0.438,
      0.202,
      0.143,
      0.089,
      0.201,
      0.288,
      0.171
    ],
    [
      -0.012,
      0.098,
      0.1,
      -0.005,
      0.031,
      -0.013,
      0.069,
      1.0,
      0.144,
      -0.04,
      0.087,
      -0.023,
      0.12,
      -0.008,
      0.06,
      0.015,
      0.08,
      0.11,
      -0.021,
      0.124,
      0.066,
      0.074,
      -0.142,
      0.154,
      -0.05,
      0.016,
      -0.084,
      0.048,
      0.092,
      -0.021,
      0.081,
      0.143,
      0.129,
      0.031,
      0.002,
      0.065,
      0.047,
      0.044,
      0.01,
      -0.017,
      0.08,
      0.083,
      0.115,
      0.223,
      0.027,
      0.121,
      0.117,
      0.021,
      0.013,
      0.089,
      0.035,
      -0.021,
      0.081,
      0.094,
      0.045,
      0.012,
      0.08,
      0.003,
      0.152,
      0.031,
      -0.103
    ],
    [
      0.025,
      0.124,
      0.106,
      0.136,
      0.179,
      0.035,
      0.095,
      0.144,
      1.0,
      -0.025,
      0.037,
      0.085,
      0.084,
      -0.05,
      0.145,
      0.036,
      0.132,
      0.141,
      0.005,
      0.129,
      0.152,
      0.133,
      -0.123,
      0.238,
      0.071,
      0.043,
      -0.043,
      0.041,
      0.183,
      0.073,
      0.156,
      0.133,
      0.298,
      0.117,
      0.131,
      0.235,
      0.129,
      0.022,
      0.065,
      0.138,
      0.117,
      0.034,
      0.163,
      0.046,
      0.096,
      0.246,
      0.16,
      0.059,
      0.053,
      0.18,
      0.066,
      0.064,
      -0.0,
      0.099,
      0.213,
      0.1,
      0.065,
      0.175,
      0.158,
      0.088,
      -0.036
    ],
    [
      -0.026,
      -0.132,
      0.198,
      0.133,
      0.003,
      -0.129,
      0.049,
      -0.04,
      -0.025,
      1.0,
      0.104,
      -0.036,
      -0.063,
      0.386,
      -0.114,
      0.355,
      0.116,
      -0.1,
      0.215,
      -0.194,
      0.239,
      -0.069,
      0.09,
      -0.019,
      -0.029,
      0.044,
      0.024,
      0.135,
      -0.061,
      0.153,
      -0.103,
      -0.033,
      -0.12,
      0.176,
      -0.028,
      -0.04,
      0.341,
      0.29,
      0.035,
      0.05,
      0.072,
      0.162,
      -0.125,
      0.002,
      0.432,
      -0.115,
      -0.129,
      0.117,
      0.012,
      -0.053,
      -0.036,
      0.006,
      -0.043,
      0.008,
      -0.056,
      0.332,
      -0.085,
      -0.026,
      0.152,
      0.006,
      0.35
    ],
    [
      0.203,
      -0.022,
      -0.016,
      0.053,
      -0.121,
      -0.026,
      -0.079,
      0.087,
      0.037,
      0.104,
      1.0,
      0.159,
      -0.082,
      -0.031,
      0.173,
      0.039,
      0.067,
      -0.015,
      -0.025,
      -0.031,
      -0.022,
      -0.026,
      -0.013,
      -0.164,
      0.007,
      -0.059,
      0.042,
      -0.051,
      -0.056,
      -0.107,
      -0.025,
      0.031,
      -0.066,
      0.004,
      -0.043,
      0.135,
      -0.103,
      -0.093,
      0.024,
      -0.079,
      -0.105,
      0.145,
      -0.074,
      0.044,
      -0.053,
      -0.086,
      -0.089,
      0.018,
      -0.032,
      -0.035,
      -0.113,
      0.015,
      -0.161,
      -0.137,
      -0.087,
      -0.033,
      -0.08,
      -0.039,
      0.257,
      -0.046,
      0.011
    ],
    [
      0.011,
      -0.087,
      -0.027,
      -0.029,
      -0.005,
      0.059,
      -0.011,
      -0.023,
      0.085,
      -0.036,
      0.159,
      1.0,
      0.017,
      -0.087,
      0.095,
      -0.083,
      0.01,
      -0.008,
      0.084,
      -0.023,
      0.003,
      0.014,
      -0.036,
      -0.034,
      0.085,
      -0.007,
      0.034,
      -0.021,
      -0.02,
      -0.08,
      -0.049,
      0.084,
      -0.076,
      -0.011,
      -0.105,
      0.074,
      -0.107,
      -0.088,
      0.1,
      0.068,
      -0.196,
      -0.021,
      -0.146,
      -0.03,
      0.004,
      -0.002,
      -0.004,
      -0.071,
      0.001,
      -0.166,
      -0.039,
      -0.046,
      -0.005,
      -0.014,
      -0.045,
      -0.06,
      -0.021,
      0.04,
      0.111,
      0.006,
      -0.083
    ],
    [
      -0.055,
      0.125,
      0.024,
      0.065,
      0.004,
      0.164,
      0.07,
      0.12,
      0.084,
      -0.063,
      -0.082,
      0.017,
      1.0,
      -0.198,
      0.073,
      -0.074,
      0.151,
      0.181,
      -0.024,
      0.089,
      0.073,
      0.094,
      -0.112,
      0.207,
      0.016,
      0.084,
      0.024,
      0.067,
      0.235,
      0.05,
      0.196,
      0.164,
      0.137,
      -0.148,
      0.223,
      0.134,
      -0.159,
      -0.19,
      -0.064,
      0.129,
      -0.127,
      0.095,
      0.007,
      0.145,
      -0.045,
      0.185,
      0.282,
      -0.059,
      0.297,
      0.063,
      0.058,
      0.059,
      0.18,
      0.16,
      0.064,
      -0.043,
      0.338,
      0.107,
      0.001,
      0.144,
      -0.187
    ],
    [
      0.008,
      0.066,
      0.327,
      0.212,
      0.17,
      0.023,
      0.234,
      -0.008,
      -0.05,
      0.386,
      -0.031,
      -0.087,
      -0.198,
      1.0,
      -0.063,
      0.344,
      0.188,
      -0.009,
      0.217,
      0.107,
      0.124,
      0.118,
      0.078,
      0.001,
      -0.054,
      0.149,
      0.034,
      0.302,
      -0.069,
      0.186,
      0.07,
      -0.006,
      0.086,
      0.13,
      -0.0,
      -0.095,
      0.533,
      0.56,
      0.065,
      0.039,
      0.304,
      0.139,
      0.158,
      -0.073,
      0.531,
      -0.003,
      -0.095,
      0.261,
      0.06,
      0.161,
      0.045,
      0.124,
      0.026,
      -0.019,
      0.148,
      0.416,
      -0.123,
      -0.042,
      0.142,
      0.094,
      0.689
    ],
    [
      -0.011,
      0.278,
      0.019,
      0.028,
      0.108,
      0.154,
      0.192,
      0.06,
      0.145,
      -0.114,
      0.173,
      0.095,
      0.073,
      -0.063,
      1.0,
      -0.122,
      0.055,
      0.245,
      -0.032,
      0.213,
      0.2,
      0.216,
      -0.095,
      0.182,
      0.172,
      0.14,
      0.093,
      0.055,
      0.157,
      0.064,
      0.251,
      0.112,
      0.287,
      0.152,
      0.137,
      0.179,
      -0.136,
      -0.018,
      0.055,
      0.1,
      0.099,
      0.122,
      0.204,
      0.193,
      -0.01,
      0.233,
      0.225,
      0.009,
      0.096,
      0.201,
      0.16,
      0.26,
      0.101,
      0.065,
      0.189,
      -0.216,
      0.157,
      0.035,
      0.023,
      0.077,
      -0.152
    ],
    [
      0.074,
      -0.063,
      0.362,
      0.208,
      0.084,
      0.066,
      0.308,
      0.015,
      0.036,
      0.355,
      0.039,
      -0.083,
      -0.074,
      0.344,
      -0.122,
      1.0,
      0.189,
      0.019,
      0.318,
      0.022,
      0.257,
      0.069,
      -0.007,
      0.022,
      -0.094,
      0.027,
      -0.083,
      0.381,
      -0.057,
      0.15,
      0.101,
      -0.055,
      -0.023,
      0.061,
      0.139,
      -0.101,
      0.419,
      0.318,
      0.113,
      0.148,
      0.114,
      0.079,
      -0.076,
      0.105,
      0.459,
      -0.021,
      -0.005,
      0.198,
      0.081,
      -0.003,
      -0.023,
      -0.059,
      -0.052,
      0.104,
      0.029,
      0.475,
      -0.078,
      -0.038,
      0.263,
      0.06,
      0.412
    ],
    [
      0.063,
      0.172,
      0.195,
      0.201,
      0.232,
      0.178,
      0.167,
      0.08,
      0.132,
      0.116,
      0.067,
      0.01,
      0.151,
      0.188,
      0.055,
      0.189,
      1.0,
      0.075,
      0.077,
      0.217,
      0.152,
      0.124,
      -0.276,
      0.191,
      0.02,
      0.286,
      -0.159,
      0.13,
      0.175,
      0.097,
      0.25,
      0.097,
      0.196,
      0.168,
      0.212,
      0.014,
      0.223,
      0.089,
      0.088,
      0.068,
      0.144,
      0.064,
      0.103,
      0.274,
      0.092,
      0.288,
      0.252,
      0.09,
      0.227,
      0.243,
      0.055,
      0.034,
      0.184,
      0.032,
      0.128,
      0.098,
      0.258,
      0.038,
      0.091,
      0.263,
      0.121
    ],
    [
      0.039,
      0.257,
      0.229,
      0.185,
      0.256,
      -0.004,
      0.483,
      0.11,
      0.141,
      -0.1,
      -0.015,
      -0.008,
      0.181,
      -0.009,
      0.245,
      0.019,
      0.075,
      1.0,
      0.087,
      0.232,
      0.347,
      0.191,
      -0.122,
      0.177,
      0.132,
      0.08,
      -0.088,
      0.311,
      0.321,
      0.153,
      0.265,
      0.082,
      0.252,
      0.22,
      0.18,
      0.118,
      -0.072,
      0.051,
      -0.019,
      0.2,
      0.162,
      0.226,
      0.193,
      0.167,
      0.065,
      0.294,
      0.281,
      0.011,
      0.186,
      0.226,
      0.081,
      0.171,
      0.137,
      0.345,
      0.384,
      0.035,
      0.169,
      0.046,
      0.223,
      0.111,
      -0.07
    ],
    [
      -0.093,
      -0.078,
      0.288,
      0.262,
      0.129,
      0.052,
      0.237,
      -0.021,
      0.005,
      0.215,
      -0.025,
      0.084,
      -0.024,
      0.217,
      -0.032,
      0.318,
      0.077,
      0.087,
      1.0,
      0.1,
      0.173,
      -0.027,
      0.0,
      0.055,
      -0.028,
      0.032,
      -0.033,
      0.208,
      0.069,
      0.118,
      0.064,
      0.001,
      -0.095,
      0.036,
      0.111,
      0.064,
      0.147,
      0.259,
      0.127,
      0.222,
      -0.021,
      0.074,
      -0.028,
      0.134,
      0.364,
      0.088,
      0.135,
      0.211,
      0.149,
      0.014,
      0.107,
      -0.014,
      -0.091,
      0.112,
      -0.052,
      0.299,
      0.043,
      0.045,
      0.248,
      0.106,
      0.244
    ],
    [
      0.032,
      0.288,
      0.223,
      0.223,
      0.403,
      0.061,
      0.324,
      0.124,
      0.129,
      -0.194,
      -0.031,
      -0.023,
      0.089,
      0.107,
      0.213,
      0.022,
      0.217,
      0.232,
      0.1,
      1.0,
      0.176,
      0.124,
      -0.137,
      0.203,
      -0.001,
      0.113,
      -0.07,
      0.208,
      0.244,
      0.211,
      0.135,
      0.137,
      0.258,
      0.208,
      0.184,
      0.108,
      0.083,
      0.105,
      0.111,
      0.118,
      0.26,
      0.117,
      0.276,
      0.222,
      0.111,
      0.292,
      0.163,
      0.069,
      0.096,
      0.247,
      0.091,
      0.176,
      0.206,
      0.074,
      0.378,
      -0.012,
      0.14,
      0.078,
      0.116,
      0.223,
      0.081
    ],
    [
      -0.036,
      0.288,
      0.416,
      0.234,
      0.263,
      0.035,
      0.442,
      0.066,
      0.152,
      0.239,
      -0.022,
      0.003,
      0.073,
      0.124,
      0.2,
      0.257,
      0.152,
      0.347,
      0.173,
      0.176,
      1.0,
      0.254,
      -0.163,
      0.256,
      0.142,
      0.172,
      -0.049,
      0.336,
      0.285,
      0.328,
      0.269,
      0.223,
      0.246,
      0.237,
      0.141,
      0.14,
      0.126,
      0.129,
      0.031,
      0.336,
      0.23,
      0.288,
      0.233,
      0.22,
      0.219,
      0.273,
      0.223,
      0.137,
      0.154,
      0.337,
      0.055,
      0.245,
      0.14,
      0.316,
      0.334,
      0.128,
      0.142,
      0.093,
      0.314,
      0.208,
      0.079
    ],
    [
      0.011,
      0.391,
      0.129,
      0.138,
      0.179,
      0.085,
      0.264,
      0.074,
      0.133,
      -0.069,
      -0.026,
      0.014,
      0.094,
      0.118,
      0.216,
      0.069,
      0.124,
      0.191,
      -0.027,
      0.124,
      0.254,
      1.0,
      -0.159,
      0.235,
      0.075,
      0.241,
      -0.142,
      0.027,
      0.308,
      0.131,
      0.342,
      0.136,
      0.463,
      0.251,
      0.196,
      0.068,
      0.111,
      0.149,
      -0.034,
      -0.016,
      0.291,
      0.179,
      0.314,
      0.297,
      0.041,
      0.346,
      0.318,
      0.002,
      0.183,
      0.424,
      0.028,
      0.192,
      0.291,
      0.148,
      0.328,
      0.05,
      0.195,
      0.106,
      0.119,
      0.227,
      -0.001
    ],
    [
      -0.086,
      -0.166,
      -0.12,
      -0.092,
      -0.065,
      -0.169,
      -0.17,
      -0.142,
      -0.123,
      0.09,
      -0.013,
      -0.036,
      -0.112,
      0.078,
      -0.095,
      -0.007,
      -0.276,
      -0.122,
      0.0,
      -0.137,
      -0.163,
      -0.159,
      1.0,
      -0.241,
      -0.05,
      -0.201,
      0.36,
      -0.06,
      -0.221,
      0.0,
      -0.197,
      -0.155,
      -0.193,
      -0.137,
      -0.157,
      -0.115,
      -0.032,
      0.018,
      0.014,
      0.031,
      -0.048,
      -0.096,
      -0.165,
      -0.272,
      -0.031,
      -0.397,
      -0.376,
      -0.027,
      -0.163,
      -0.21,
      -0.077,
      -0.088,
      -0.192,
      -0.113,
      -0.152,
      0.094,
      -0.289,
      -0.018,
      -0.071,
      -0.237,
      0.086
    ],
    [
      0.08,
      0.365,
      0.212,
      0.137,
      0.161,
      0.138,
      0.231,
      0.154,
      0.238,
      -0.019,
      -0.164,
      -0.034,
      0.207,
      0.001,
      0.182,
      0.022,
      0.191,
      0.177,
      0.055,
      0.203,
      0.256,
      0.235,
      -0.241,
      1.0,
      0.092,
      0.29,
      -0.131,
      0.159,
      0.448,
      0.089,
      0.444,
      0.269,
      0.323,
      0.105,
      0.253,
      0.143,
      -0.003,
      0.073,
      -0.1,
      0.191,
      0.074,
      0.128,
      0.267,
      0.368,
      0.035,
      0.485,
      0.415,
      -0.081,
      0.29,
      0.466,
      0.073,
      0.053,
      0.225,
      0.189,
      0.194,
      0.076,
      0.444,
      0.218,
      0.144,
      0.371,
      -0.09
    ],
    [
      -0.037,
      0.074,
      0.015,
      0.006,
      0.071,
      0.032,
      0.069,
      -0.05,
      0.071,
      -0.029,
      0.007,
      0.085,
      0.016,
      -0.054,
      0.172,
      -0.094,
      0.02,
      0.132,
      -0.028,
      -0.001,
      0.142,
      0.075,
      -0.05,
      0.092,
      1.0,
      -0.057,
      0.045,
      -0.056,
      0.028,
      0.015,
      0.074,
      0.009,
      0.083,
      0.012,
      0.04,
      0.08,
      -0.07,
      -0.102,
      -0.028,
      0.073,
      0.038,
      0.031,
      0.023,
      -0.089,
      -0.06,
      0.042,
      0.116,
      -0.061,
      0.011,
      0.02,
      0.055,
      0.067,
      0.04,
      0.07,
      0.074,
      -0.099,
      0.067,
      -0.045,
      -0.086,
      -0.005,
      -0.068
    ],
    [
      0.121,
      0.252,
      0.05,
      0.245,
      0.108,
      0.082,
      0.11,
      0.016,
      0.043,
      0.044,
      -0.059,
      -0.007,
      0.084,
      0.149,
      0.14,
      0.027,
      0.286,
      0.08,
      0.032,
      0.113,
      0.172,
      0.241,
      -0.201,
      0.29,
      -0.057,
      1.0,
      -0.124,
      0.114,
      0.193,
      0.155,
      0.292,
      0.144,
      0.265,
      0.123,
      0.299,
      -0.083,
      0.104,
      0.124,
      -0.001,
      -0.119,
      0.073,
      0.076,
      0.218,
      0.33,
      0.016,
      0.278,
      0.199,
      -0.066,
      0.188,
      0.225,
      0.107,
      0.165,
      0.344,
      -0.003,
      0.077,
      -0.035,
      0.284,
      0.044,
      0.031,
      0.301,
      0.056
    ],
    [
      -0.081,
      -0.102,
      -0.031,
      -0.116,
      -0.014,
      -0.161,
      -0.07,
      -0.084,
      -0.043,
      0.024,
      0.042,
      0.034,
      0.024,
      0.034,
      0.093,
      -0.083,
      -0.159,
      -0.088,
      -0.033,
      -0.07,
      -0.049,
      -0.142,
      0.36,
      -0.131,
      0.045,
      -0.124,
      1.0,
      0.056,
      -0.177,
      -0.047,
      -0.136,
      -0.101,
      -0.147,
      -0.118,
      -0.093,
      -0.095,
      -0.069,
      -0.013,
      0.054,
      0.066,
      -0.052,
      -0.025,
      -0.15,
      -0.215,
      -0.06,
      -0.213,
      -0.28,
      -0.022,
      -0.078,
      -0.157,
      -0.066,
      -0.016,
      -0.127,
      0.015,
      -0.04,
      -0.12,
      -0.255,
      -0.063,
      -0.094,
      -0.226,
      -0.019
    ],
    [
      -0.056,
      0.071,
      0.471,
      0.301,
      0.266,
      0.049,
      0.705,
      0.048,
      0.041,
      0.135,
      -0.051,
      -0.021,
      0.067,
      0.302,
      0.055,
      0.381,
      0.13,
      0.311,
      0.208,
      0.208,
      0.336,
      0.027,
      -0.06,
      0.159,
      -0.056,
      0.114,
      0.056,
      1.0,
      0.12,
      0.29,
      0.142,
      0.025,
      0.045,
      0.139,
      0.121,
      -0.054,
      0.282,
      0.178,
      0.033,
      0.313,
      0.222,
      0.227,
      0.086,
      0.067,
      0.304,
      0.187,
      0.215,
      0.179,
      0.2,
      0.072,
      -0.071,
      0.018,
      0.115,
      0.271,
      0.292,
      0.269,
      0.054,
      0.057,
      0.246,
      0.171,
      0.228
    ],
    [
      -0.008,
      0.444,
      0.172,
      0.168,
      0.186,
      0.105,
      0.24,
      0.092,
      0.183,
      -0.061,
      -0.056,
      -0.02,
      0.235,
      -0.069,
      0.157,
      -0.057,
      0.175,
      0.321,
      0.069,
      0.244,
      0.285,
      0.308,
      -0.221,
      0.448,
      0.028,
      0.193,
      -0.177,
      0.12,
      1.0,
      0.166,
      0.455,
      0.26,
      0.445,
      0.27,
      0.315,
      0.102,
      0.023,
      -0.04,
      -0.053,
      0.149,
      0.138,
      0.202,
      0.427,
      0.409,
      -0.056,
      0.684,
      0.584,
      -0.024,
      0.329,
      0.523,
      0.153,
      0.164,
      0.225,
      0.191,
      0.358,
      0.004,
      0.464,
      0.166,
      0.164,
      0.371,
      -0.13
    ],
    [
      0.011,
      0.121,
      0.281,
      0.225,
      0.257,
      0.037,
      0.309,
      -0.021,
      0.073,
      0.153,
      -0.107,
      -0.08,
      0.05,
      0.186,
      0.064,
      0.15,
      0.097,
      0.153,
      0.118,
      0.211,
      0.328,
      0.131,
      0.0,
      0.089,
      0.015,
      0.155,
      -0.047,
      0.29,
      0.166,
      1.0,
      0.181,
      0.098,
      0.139,
      0.217,
      0.195,
      0.001,
      0.238,
      0.187,
      0.064,
      0.234,
      0.259,
      0.187,
      0.177,
      0.106,
      0.262,
      0.231,
      0.212,
      0.154,
      0.177,
      0.224,
      0.067,
      0.174,
      0.144,
      0.159,
      0.172,
      0.222,
      0.079,
      0.131,
      0.174,
      0.228,
      0.129
    ],
    [
      0.106,
      0.447,
      0.128,
      0.293,
      0.153,
      0.138,
      0.232,
      0.081,
      0.156,
      -0.103,
      -0.025,
      -0.049,
      0.196,
      0.07,
      0.251,
      0.101,
      0.25,
      0.265,
      0.064,
      0.135,
      0.269,
      0.342,
      -0.197,
      0.444,
      0.074,
      0.292,
      -0.136,
      0.142,
      0.455,
      0.181,
      1.0,
      0.16,
      0.429,
      0.126,
      0.404,
      0.005,
      0.083,
      0.051,
      -0.086,
      0.11,
      0.148,
      0.151,
      0.356,
      0.406,
      -0.007,
      0.544,
      0.481,
      -0.007,
      0.397,
      0.512,
      0.098,
      0.158,
      0.326,
      0.211,
      0.209,
      0.018,
      0.397,
      0.13,
      0.129,
      0.345,
      -0.003
    ],
    [
      -0.018,
      0.254,
      0.088,
      0.051,
      0.055,
      0.218,
      0.11,
      0.143,
      0.133,
      -0.033,
      0.031,
      0.084,
      0.164,
      -0.006,
      0.112,
      -0.055,
      0.097,
      0.082,
      0.001,
      0.137,
      0.223,
      0.136,
      -0.155,
      0.269,
      0.009,
      0.144,
      -0.101,
      0.025,
      0.26,
      0.098,
      0.16,
      1.0,
      0.2,
      0.157,
      0.179,
      0.209,
      -0.013,
      -0.035,
      0.019,
      0.042,
      0.065,
      0.098,
      0.273,
      0.295,
      -0.079,
      0.269,
      0.283,
      -0.038,
      0.166,
      0.258,
      0.142,
      0.13,
      0.176,
      0.029,
      0.135,
      -0.042,
      0.206,
      0.16,
      0.003,
      0.181,
      -0.049
    ],
    [
      0.009,
      0.764,
      0.142,
      0.156,
      0.28,
      0.146,
      0.261,
      0.129,
      0.298,
      -0.12,
      -0.066,
      -0.076,
      0.137,
      0.086,
      0.287,
      -0.023,
      0.196,
      0.252,
      -0.095,
      0.258,
      0.246,
      0.463,
      -0.193,
      0.323,
      0.083,
      0.265,
      -0.147,
      0.045,
      0.445,
      0.139,
      0.429,
      0.2,
      1.0,
      0.299,
      0.145,
      0.132,
      0.113,
      0.173,
      -0.035,
      -0.014,
      0.367,
      0.174,
      0.648,
      0.334,
      0.076,
      0.505,
      0.298,
      0.015,
      0.232,
      0.732,
      0.075,
      0.19,
      0.35,
      0.13,
      0.44,
      -0.064,
      0.279,
      0.096,
      0.117,
      0.215,
      0.029
    ],
    [
      0.032,
      0.318,
      0.282,
      0.25,
      0.439,
      0.123,
      0.247,
      0.031,
      0.117,
      0.176,
      0.004,
      -0.011,
      -0.148,
      0.13,
      0.152,
      0.061,
      0.168,
      0.22,
      0.036,
      0.208,
      0.237,
      0.251,
      -0.137,
      0.105,
      0.012,
      0.123,
      -0.118,
      0.139,
      0.27,
      0.217,
      0.126,
      0.157,
      0.299,
      1.0,
      0.191,
      0.009,
      0.289,
      0.16,
      0.08,
      0.137,
      0.344,
      0.305,
      0.309,
      0.231,
      0.066,
      0.299,
      0.246,
      0.111,
      0.039,
      0.303,
      0.081,
      0.05,
      0.203,
      0.081,
      0.303,
      0.088,
      0.038,
      0.02,
      0.214,
      0.122,
      0.001
    ],
    [
      0.066,
      0.191,
      0.156,
      0.317,
      0.179,
      0.187,
      0.155,
      0.002,
      0.131,
      -0.028,
      -0.043,
      -0.105,
      0.223,
      -0.0,
      0.137,
      0.139,
      0.212,
      0.18,
      0.111,
      0.184,
      0.141,
      0.196,
      -0.157,
      0.253,
      0.04,
      0.299,
      -0.093,
      0.121,
      0.315,
      0.195,
      0.404,
      0.179,
      0.145,
      0.191,
      1.0,
      0.076,
      0.084,
      0.016,
      -0.036,
      0.098,
      0.045,
      0.125,
      0.208,
      0.35,
      0.077,
      0.399,
      0.441,
      0.161,
      0.213,
      0.233,
      0.08,
      0.125,
      0.333,
      0.223,
      0.133,
      0.035,
      0.399,
      0.119,
      0.081,
      0.349,
      0.0
    ],
    [
      0.125,
      0.125,
      0.143,
      -0.047,
      0.054,
      0.017,
      0.037,
      0.065,
      0.235,
      -0.04,
      0.135,
      0.074,
      0.134,
      -0.095,
      0.179,
      -0.101,
      0.014,
      0.118,
      0.064,
      0.108,
      0.14,
      0.068,
      -0.115,
      0.143,
      0.08,
      -0.083,
      -0.095,
      -0.054,
      0.102,
      0.001,
      0.005,
      0.209,
      0.132,
      0.009,
      0.076,
      1.0,
      -0.045,
      -0.345,
      0.015,
      0.05,
      -0.028,
      0.044,
      0.122,
      0.089,
      0.024,
      0.147,
      0.117,
      -0.026,
      0.02,
      0.125,
      0.085,
      0.14,
      0.064,
      0.116,
      0.01,
      -0.023,
      0.133,
      0.041,
      0.102,
      0.118,
      -0.091
    ],
    [
      0.036,
      0.007,
      0.307,
      0.217,
      0.291,
      0.063,
      0.288,
      0.047,
      0.129,
      0.341,
      -0.103,
      -0.107,
      -0.159,
      0.533,
      -0.136,
      0.419,
      0.223,
      -0.072,
      0.147,
      0.083,
      0.126,
      0.111,
      -0.032,
      -0.003,
      -0.07,
      0.104,
      -0.069,
      0.282,
      0.023,
      0.238,
      0.083,
      -0.013,
      0.113,
      0.289,
      0.084,
      -0.045,
      1.0,
      0.389,
      0.177,
      0.074,
      0.379,
      0.109,
      0.141,
      0.0,
      0.351,
      0.093,
      0.001,
      0.178,
      0.094,
      0.142,
      0.062,
      0.13,
      0.129,
      0.055,
      0.209,
      0.45,
      -0.049,
      0.014,
      0.103,
      0.154,
      0.459
    ],
    [
      0.026,
      0.142,
      0.225,
      0.189,
      0.195,
      0.007,
      0.227,
      0.044,
      0.022,
      0.29,
      -0.093,
      -0.088,
      -0.19,
      0.56,
      -0.018,
      0.318,
      0.089,
      0.051,
      0.259,
      0.105,
      0.129,
      0.149,
      0.018,
      0.073,
      -0.102,
      0.124,
      -0.013,
      0.178,
      -0.04,
      0.187,
      0.051,
      -0.035,
      0.173,
      0.16,
      0.016,
      -0.345,
      0.389,
      1.0,
      0.075,
      0.055,
      0.284,
      0.208,
      0.186,
      0.019,
      0.455,
      0.029,
      -0.056,
      0.263,
      0.126,
      0.217,
      -0.031,
      0.029,
      0.036,
      -0.001,
      0.252,
      0.365,
      -0.093,
      -0.019,
      0.122,
      0.048,
      0.484
    ],
    [
      0.102,
      -0.013,
      0.114,
      0.137,
      0.226,
      0.152,
      0.038,
      0.01,
      0.065,
      0.035,
      0.024,
      0.1,
      -0.064,
      0.065,
      0.055,
      0.113,
      0.088,
      -0.019,
      0.127,
      0.111,
      0.031,
      -0.034,
      0.014,
      -0.1,
      -0.028,
      -0.001,
      0.054,
      0.033,
      -0.053,
      0.064,
      -0.086,
      0.019,
      -0.035,
      0.08,
      -0.036,
      0.015,
      0.177,
      0.075,
      1.0,
      0.031,
      0.038,
      0.007,
      0.066,
      -0.005,
      0.109,
      -0.038,
      0.005,
      0.376,
      0.042,
      0.011,
      0.02,
      0.086,
      -0.049,
      -0.094,
      0.042,
      0.062,
      -0.061,
      -0.094,
      0.023,
      -0.045,
      0.029
    ],
    [
      -0.04,
      0.012,
      0.374,
      0.186,
      0.179,
      0.12,
      0.283,
      -0.017,
      0.138,
      0.05,
      -0.079,
      0.068,
      0.129,
      0.039,
      0.1,
      0.148,
      0.068,
      0.2,
      0.222,
      0.118,
      0.336,
      -0.016,
      0.031,
      0.191,
      0.073,
      -0.119,
      0.066,
      0.313,
      0.149,
      0.234,
      0.11,
      0.042,
      -0.014,
      0.137,
      0.098,
      0.05,
      0.074,
      0.055,
      0.031,
      1.0,
      0.041,
      0.128,
      -0.003,
      0.083,
      0.116,
      0.211,
      0.222,
      0.103,
      0.188,
      0.084,
      0.084,
      -0.045,
      -0.071,
      0.277,
      0.168,
      0.164,
      0.088,
      0.075,
      0.164,
      0.163,
      0.072
    ],
    [
      -0.077,
      0.327,
      0.155,
      0.18,
      0.295,
      0.015,
      0.357,
      0.08,
      0.117,
      0.072,
      -0.105,
      -0.196,
      -0.127,
      0.304,
      0.099,
      0.114,
      0.144,
      0.162,
      -0.021,
      0.26,
      0.23,
      0.291,
      -0.048,
      0.074,
      0.038,
      0.073,
      -0.052,
      0.222,
      0.138,
      0.259,
      0.148,
      0.065,
      0.367,
      0.344,
      0.045,
      -0.028,
      0.379,
      0.284,
      0.038,
      0.041,
      1.0,
      0.179,
      0.405,
      0.116,
      0.165,
      0.181,
      0.04,
      0.09,
      0.098,
      0.387,
      0.03,
      0.185,
      0.257,
      0.142,
      0.644,
      0.129,
      -0.024,
      0.068,
      0.034,
      0.159,
      0.157
    ],
    [
      0.013,
      0.206,
      0.292,
      0.203,
      0.201,
      0.062,
      0.282,
      0.083,
      0.034,
      0.162,
      0.145,
      -0.021,
      0.095,
      0.139,
      0.122,
      0.079,
      0.064,
      0.226,
      0.074,
      0.117,
      0.288,
      0.179,
      -0.096,
      0.128,
      0.031,
      0.076,
      -0.025,
      0.227,
      0.202,
      0.187,
      0.151,
      0.098,
      0.174,
      0.305,
      0.125,
      0.044,
      0.109,
      0.208,
      0.007,
      0.128,
      0.179,
      1.0,
      0.117,
      0.1,
      0.225,
      0.116,
      0.119,
      0.209,
      0.047,
      0.143,
      -0.082,
      0.06,
      0.16,
      0.106,
      0.241,
      0.147,
      0.068,
      0.028,
      0.358,
      0.096,
      0.124
    ],
    [
      0.056,
      0.712,
      0.082,
      0.234,
      0.347,
      0.107,
      0.265,
      0.115,
      0.163,
      -0.125,
      -0.074,
      -0.146,
      0.007,
      0.158,
      0.204,
      -0.076,
      0.103,
      0.193,
      -0.028,
      0.276,
      0.233,
      0.314,
      -0.165,
      0.267,
      0.023,
      0.218,
      -0.15,
      0.086,
      0.427,
      0.177,
      0.356,
      0.273,
      0.648,
      0.309,
      0.208,
      0.122,
      0.141,
      0.186,
      0.066,
      -0.003,
      0.405,
      0.117,
      1.0,
      0.324,
      0.056,
      0.436,
      0.297,
      0.069,
      0.214,
      0.7,
      0.125,
      0.222,
      0.305,
      0.142,
      0.45,
      -0.04,
      0.228,
      0.186,
      0.055,
      0.29,
      0.025
    ],
    [
      0.058,
      0.347,
      0.145,
      0.221,
      0.148,
      0.221,
      0.197,
      0.223,
      0.046,
      0.002,
      0.044,
      -0.03,
      0.145,
      -0.073,
      0.193,
      0.105,
      0.274,
      0.167,
      0.134,
      0.222,
      0.22,
      0.297,
      -0.272,
      0.368,
      -0.089,
      0.33,
      -0.215,
      0.067,
      0.409,
      0.106,
      0.406,
      0.295,
      0.334,
      0.231,
      0.35,
      0.089,
      0.0,
      0.019,
      -0.005,
      0.083,
      0.116,
      0.1,
      0.324,
      1.0,
      -0.005,
      0.44,
      0.417,
      -0.017,
      0.377,
      0.437,
      0.121,
      0.069,
      0.344,
      0.234,
      0.245,
      0.043,
      0.366,
      0.053,
      0.125,
      0.335,
      -0.08
    ],
    [
      -0.019,
      -0.001,
      0.407,
      0.255,
      0.222,
      0.018,
      0.302,
      0.027,
      0.096,
      0.432,
      -0.053,
      0.004,
      -0.045,
      0.531,
      -0.01,
      0.459,
      0.092,
      0.065,
      0.364,
      0.111,
      0.219,
      0.041,
      -0.031,
      0.035,
      -0.06,
      0.016,
      -0.06,
      0.304,
      -0.056,
      0.262,
      -0.007,
      -0.079,
      0.076,
      0.066,
      0.077,
      0.024,
      0.351,
      0.455,
      0.109,
      0.116,
      0.165,
      0.225,
      0.056,
      -0.005,
      1.0,
      -0.02,
      -0.027,
      0.27,
      0.039,
      0.095,
      0.096,
      -0.005,
      0.049,
      0.102,
      0.109,
      0.418,
      -0.073,
      0.048,
      0.224,
      0.089,
      0.524
    ],
    [
      0.041,
      0.519,
      0.225,
      0.214,
      0.279,
      0.179,
      0.299,
      0.121,
      0.246,
      -0.115,
      -0.086,
      -0.002,
      0.185,
      -0.003,
      0.233,
      -0.021,
      0.288,
      0.294,
      0.088,
      0.292,
      0.273,
      0.346,
      -0.397,
      0.485,
      0.042,
      0.278,
      -0.213,
      0.187,
      0.684,
      0.231,
      0.544,
      0.269,
      0.505,
      0.299,
      0.399,
      0.147,
      0.093,
      0.029,
      -0.038,
      0.211,
      0.181,
      0.116,
      0.436,
      0.44,
      -0.02,
      1.0,
      0.69,
      -0.014,
      0.338,
      0.622,
      0.165,
      0.16,
      0.317,
      0.236,
      0.36,
      -0.055,
      0.528,
      0.169,
      0.173,
      0.433,
      -0.088
    ],
    [
      0.03,
      0.386,
      0.193,
      0.288,
      0.204,
      0.255,
      0.281,
      0.117,
      0.16,
      -0.129,
      -0.089,
      -0.004,
      0.282,
      -0.095,
      0.225,
      -0.005,
      0.252,
      0.281,
      0.135,
      0.163,
      0.223,
      0.318,
      -0.376,
      0.415,
      0.116,
      0.199,
      -0.28,
      0.215,
      0.584,
      0.212,
      0.481,
      0.283,
      0.298,
      0.246,
      0.441,
      0.117,
      0.001,
      -0.056,
      0.005,
      0.222,
      0.04,
      0.119,
      0.297,
      0.417,
      -0.027,
      0.69,
      1.0,
      0.091,
      0.457,
      0.409,
      0.177,
      0.104,
      0.205,
      0.177,
      0.227,
      -0.014,
      0.489,
      0.139,
      0.122,
      0.402,
      -0.151
    ],
    [
      0.071,
      0.073,
      0.216,
      0.291,
      0.167,
      0.174,
      0.128,
      0.021,
      0.059,
      0.117,
      0.018,
      -0.071,
      -0.059,
      0.261,
      0.009,
      0.198,
      0.09,
      0.011,
      0.211,
      0.069,
      0.137,
      0.002,
      -0.027,
      -0.081,
      -0.061,
      -0.066,
      -0.022,
      0.179,
      -0.024,
      0.154,
      -0.007,
      -0.038,
      0.015,
      0.111,
      0.161,
      -0.026,
      0.178,
      0.263,
      0.376,
      0.103,
      0.09,
      0.209,
      0.069,
      -0.017,
      0.27,
      -0.014,
      0.091,
      1.0,
      0.03,
      0.112,
      -0.004,
      0.137,
      -0.075,
      0.011,
      0.118,
      0.178,
      0.005,
      -0.079,
      0.189,
      0.015,
      0.226
    ],
    [
      -0.026,
      0.259,
      0.224,
      0.346,
      0.174,
      0.17,
      0.196,
      0.013,
      0.053,
      0.012,
      -0.032,
      0.001,
      0.297,
      0.06,
      0.096,
