{
  "meta": {
    "generated_at": "2026-06-02T11:49:01+00:00",
    "n_tickers": 61,
    "n_clusters": 0,
    "redundant_threshold": 0.75
  },
  "tickers": [
    "NTO",
    "ABBNE",
    "ABNB",
    "ADYEN",
    "AMZN",
    "BFIT",
    "BN",
    "CBAV",
    "CELH",
    "CHKP",
    "COR",
    "COST",
    "CPR",
    "CRWD",
    "DNP",
    "DSGX",
    "EVD",
    "FERG",
    "FICO",
    "GOOG",
    "GRMN",
    "HLMA",
    "IPCO",
    "ITX",
    "JDG",
    "JFN",
    "KIST",
    "KKR",
    "KRX",
    "KSPI",
    "LIFCO B",
    "LOTB",
    "LR",
    "META",
    "MIPS",
    "MNST",
    "MSFT",
    "NET",
    "NFLX",
    "NKE",
    "NVDA",
    "OTLY",
    "PRY",
    "RAA",
    "S",
    "SGO",
    "SIKA",
    "SPOT",
    "STMN",
    "SU",
    "TFF",
    "TFPM",
    "TGYM",
    "TREX",
    "TSM",
    "VEEV",
    "VID",
    "VRLA",
    "VLTO",
    "WOSG",
    "ZS"
  ],
  "matrix_1y": [
    [
      1.0,
      0.087,
      -0.142,
      0.053,
      0.058,
      0.017,
      -0.05,
      -0.011,
      0.028,
      -0.016,
      0.2,
      0.041,
      -0.037,
      0.01,
      -0.039,
      0.118,
      0.077,
      0.013,
      -0.096,
      0.061,
      -0.046,
      0.023,
      -0.066,
      0.091,
      -0.019,
      0.12,
      -0.066,
      -0.048,
      -0.042,
      0.029,
      0.117,
      0.023,
      0.016,
      0.055,
      0.079,
      0.132,
      0.064,
      0.016,
      0.115,
      -0.032,
      -0.07,
      0.064,
      0.049,
      0.055,
      -0.013,
      0.031,
      0.026,
      0.083,
      -0.023,
      0.097,
      -0.005,
      -0.044,
      0.08,
      -0.153,
      0.003,
      0.036,
      0.086,
      -0.107,
      0.116,
      0.029,
      0.006
    ],
    [
      0.087,
      1.0,
      0.166,
      0.195,
      0.264,
      0.173,
      0.294,
      0.12,
      0.13,
      -0.147,
      -0.008,
      -0.084,
      0.14,
      0.04,
      0.282,
      -0.056,
      0.157,
      0.255,
      -0.078,
      0.309,
      0.284,
      0.525,
      -0.176,
      0.389,
      0.082,
      0.259,
      -0.109,
      0.078,
      0.459,
      0.106,
      0.458,
      0.274,
      0.769,
      0.322,
      0.203,
      0.144,
      -0.001,
      0.118,
      -0.006,
      0.036,
      0.326,
      0.25,
      0.706,
      0.334,
      -0.013,
      0.531,
      0.399,
      0.078,
      0.267,
      0.786,
      0.089,
      0.125,
      0.293,
      0.194,
      0.445,
      -0.148,
      0.306,
      0.104,
      0.12,
      0.312,
      -0.046
    ],
    [
      -0.142,
      0.166,
      1.0,
      0.319,
      0.359,
      0.12,
      0.487,
      0.1,
      0.111,
      0.205,
      -0.009,
      -0.037,
      0.008,
      0.324,
      0.039,
      0.313,
      0.189,
      0.246,
      0.287,
      0.207,
      0.426,
      0.128,
      -0.126,
      0.217,
      0.026,
      0.052,
      -0.048,
      0.481,
      0.186,
      0.281,
      0.144,
      0.09,
      0.148,
      0.286,
      0.156,
      0.151,
      0.294,
      0.223,
      0.107,
      0.374,
      0.148,
      0.302,
      0.074,
      0.142,
      0.408,
      0.238,
      0.208,
      0.217,
      0.224,
      0.245,
      0.057,
      -0.007,
      0.125,
      0.28,
      0.172,
      0.374,
      0.039,
      -0.001,
      0.382,
      0.217,
      0.3
    ],
    [
      0.053,
      0.195,
      0.319,
      1.0,
      0.254,
      0.219,
      0.19,
      0.012,
      0.169,
      0.138,
      0.057,
      -0.034,
      0.067,
      0.193,
      0.042,
      0.143,
      0.171,
      0.173,
      0.249,
      0.196,
      0.219,
      0.14,
      -0.108,
      0.165,
      0.008,
      0.262,
      -0.134,
      0.272,
      0.218,
      0.226,
      0.303,
      0.077,
      0.148,
      0.244,
      0.33,
      -0.028,
      0.183,
      0.162,
      0.134,
      0.19,
      0.123,
      0.197,
      0.233,
      0.226,
      0.231,
      0.24,
      0.315,
      0.295,
      0.351,
      0.277,
      0.079,
      0.16,
      0.237,
      0.096,
      0.222,
      0.32,
      0.214,
      0.03,
      0.245,
      0.244,
      0.151
    ],
    [
      0.058,
      0.264,
      0.359,
      0.254,
      1.0,
      0.111,
      0.35,
      0.051,
      0.195,
      -0.004,
      -0.124,
      0.008,
      0.01,
      0.145,
      0.116,
      0.048,
      0.189,
      0.203,
      0.113,
      0.395,
      0.253,
      0.176,
      -0.066,
      0.186,
      0.079,
      0.106,
      -0.012,
      0.251,
      0.209,
      0.249,
      0.158,
      0.087,
      0.272,
      0.445,
      0.178,
      0.066,
      0.263,
      0.171,
      0.217,
      0.171,
      0.265,
      0.203,
      0.341,
      0.141,
      0.194,
      0.288,
      0.213,
      0.161,
      0.17,
      0.28,
      0.124,
      0.072,
      0.179,
      0.192,
      0.312,
      0.147,
      0.081,
      0.054,
      0.119,
      0.177,
      0.066
    ],
    [
      0.017,
      0.173,
      0.12,
      0.219,
      0.111,
      1.0,
      0.088,
      -0.001,
      0.027,
      -0.134,
      -0.036,
      0.025,
      0.184,
      0.002,
      0.155,
      0.046,
      0.188,
      0.022,
      0.053,
      0.095,
      0.064,
      0.147,
      -0.19,
      0.161,
      0.015,
      0.102,
      -0.164,
      0.055,
      0.159,
      0.029,
      0.156,
      0.197,
      0.165,
      0.161,
      0.207,
      -0.004,
      0.075,
      0.042,
      0.147,
      0.135,
      0.04,
      0.062,
      0.146,
      0.222,
      0.021,
      0.203,
      0.274,
      0.174,
      0.189,
      0.129,
      0.041,
      0.08,
      0.195,
      0.1,
      0.065,
      0.082,
      0.327,
      0.068,
      0.06,
      0.158,
      -0.025
    ],
    [
      -0.05,
      0.294,
      0.487,
      0.19,
      0.35,
      0.088,
      1.0,
      0.056,
      0.106,
      0.037,
      -0.092,
      -0.001,
      0.053,
      0.245,
      0.183,
      0.272,
      0.146,
      0.401,
      0.232,
      0.313,
      0.431,
      0.286,
      -0.149,
      0.229,
      0.057,
      0.123,
      -0.071,
      0.695,
      0.271,
      0.321,
      0.23,
      0.117,
      0.258,
      0.26,
      0.148,
      0.044,
      0.287,
      0.224,
      0.037,
      0.286,
      0.343,
      0.304,
      0.281,
      0.189,
      0.295,
      0.301,
      0.279,
      0.126,
      0.193,
      0.256,
      -0.008,
      0.102,
      0.19,
      0.332,
      0.432,
      0.19,
      0.151,
      0.085,
      0.214,
      0.29,
      0.164
    ],
    [
      -0.011,
      0.12,
      0.1,
      0.012,
      0.051,
      -0.001,
      0.056,
      1.0,
      0.155,
      -0.038,
      0.068,
      0.016,
      0.122,
      0.004,
      0.044,
      0.048,
      0.061,
      0.098,
      -0.022,
      0.123,
      0.069,
      0.127,
      -0.113,
      0.162,
      -0.049,
      -0.003,
      -0.06,
      0.038,
      0.067,
      -0.012,
      0.075,
      0.163,
      0.136,
      0.047,
      -0.006,
      0.061,
      0.047,
      0.048,
      -0.002,
      -0.025,
      0.106,
      0.101,
      0.135,
      0.168,
      0.037,
      0.113,
      0.113,
      0.011,
      0.015,
      0.118,
      0.038,
      -0.013,
      0.079,
      0.101,
      0.059,
      -0.013,
      0.053,
      -0.002,
      0.127,
      0.049,
      -0.107
    ],
    [
      0.028,
      0.13,
      0.111,
      0.169,
      0.195,
      0.027,
      0.106,
      0.155,
      1.0,
      -0.026,
      0.039,
      0.09,
      0.096,
      -0.068,
      0.147,
      0.05,
      0.071,
      0.165,
      -0.001,
      0.152,
      0.168,
      0.149,
      -0.114,
      0.249,
      0.07,
      0.041,
      -0.032,
      0.059,
      0.189,
      0.063,
      0.173,
      0.13,
      0.308,
      0.135,
      0.144,
      0.227,
      0.135,
      0.029,
      0.06,
      0.139,
      0.138,
      0.046,
      0.167,
      0.049,
      0.104,
      0.25,
      0.161,
      0.061,
      0.062,
      0.191,
      0.077,
      0.082,
      0.016,
      0.106,
      0.239,
      0.101,
      0.075,
      0.178,
      0.165,
      0.096,
      -0.038
    ],
    [
      -0.016,
      -0.147,
      0.205,
      0.138,
      -0.004,
      -0.134,
      0.037,
      -0.038,
      -0.026,
      1.0,
      0.105,
      -0.025,
      -0.065,
      0.379,
      -0.133,
      0.337,
      0.086,
      -0.098,
      0.229,
      -0.208,
      0.234,
      -0.07,
      0.104,
      -0.004,
      -0.025,
      0.041,
      0.012,
      0.127,
      -0.051,
      0.148,
      -0.102,
      -0.016,
      -0.14,
      0.189,
      -0.024,
      -0.035,
      0.335,
      0.284,
      0.033,
      0.066,
      0.068,
      0.185,
      -0.132,
      0.012,
      0.426,
      -0.117,
      -0.132,
      0.117,
      0.015,
      -0.055,
      -0.026,
      -0.011,
      -0.061,
      0.027,
      -0.063,
      0.318,
      -0.086,
      -0.029,
      0.168,
      0.006,
      0.347
    ],
    [
      0.2,
      -0.008,
      -0.009,
      0.057,
      -0.124,
      -0.036,
      -0.092,
      0.068,
      0.039,
      0.105,
      1.0,
      0.157,
      -0.096,
      -0.006,
      0.166,
      0.034,
      0.064,
      -0.034,
      -0.023,
      -0.042,
      -0.025,
      -0.01,
      -0.004,
      -0.181,
      -0.002,
      -0.056,
      0.039,
      -0.067,
      -0.055,
      -0.095,
      -0.034,
      0.02,
      -0.061,
      0.012,
      -0.052,
      0.133,
      -0.098,
      -0.081,
      0.025,
      -0.081,
      -0.102,
      0.148,
      -0.053,
      0.047,
      -0.047,
      -0.089,
      -0.094,
      0.016,
      -0.034,
      -0.02,
      -0.114,
      0.023,
      -0.158,
      -0.146,
      -0.082,
      -0.028,
      -0.097,
      -0.036,
      0.263,
      -0.044,
      0.015
    ],
    [
      0.041,
      -0.084,
      -0.037,
      -0.034,
      0.008,
      0.025,
      -0.001,
      0.016,
      0.09,
      -0.025,
      0.157,
      1.0,
      0.045,
      -0.078,
      0.098,
      -0.008,
      0.004,
      0.007,
      0.087,
      -0.009,
      0.008,
      0.0,
      -0.043,
      -0.022,
      0.083,
      -0.038,
      0.041,
      -0.022,
      -0.04,
      -0.082,
      -0.071,
      0.088,
      -0.072,
      -0.006,
      -0.111,
      0.083,
      -0.102,
      -0.088,
      0.092,
      0.083,
      -0.176,
      -0.022,
      -0.133,
      -0.039,
      0.013,
      -0.001,
      0.001,
      -0.083,
      0.001,
      -0.164,
      -0.039,
      -0.053,
      -0.038,
      -0.002,
      -0.041,
      -0.063,
      -0.059,
      0.042,
      0.13,
      0.0,
      -0.079
    ],
    [
      -0.037,
      0.14,
      0.008,
      0.067,
      0.01,
      0.184,
      0.053,
      0.122,
      0.096,
      -0.065,
      -0.096,
      0.045,
      1.0,
      -0.213,
      0.048,
      -0.032,
      0.127,
      0.149,
      -0.027,
      0.091,
      0.071,
      0.13,
      -0.112,
      0.2,
      0.032,
      0.056,
      0.049,
      0.061,
      0.227,
      0.051,
      0.198,
      0.187,
      0.136,
      -0.119,
      0.227,
      0.119,
      -0.164,
      -0.198,
      -0.062,
      0.124,
      -0.119,
      0.101,
      0.025,
      0.144,
      -0.057,
      0.185,
      0.276,
      -0.048,
      0.298,
      0.077,
      0.067,
      0.066,
      0.175,
      0.159,
      0.079,
      -0.059,
      0.335,
      0.102,
      -0.032,
      0.163,
      -0.189
    ],
    [
      0.01,
      0.04,
      0.324,
      0.193,
      0.145,
      0.002,
      0.245,
      0.004,
      -0.068,
      0.379,
      -0.006,
      -0.078,
      -0.213,
      1.0,
      -0.033,
      0.322,
      0.171,
      0.009,
      0.211,
      0.096,
      0.12,
      0.086,
      0.077,
      0.011,
      -0.063,
      0.148,
      0.017,
      0.314,
      -0.056,
      0.155,
      0.071,
      -0.02,
      0.066,
      0.104,
      -0.001,
      -0.084,
      0.517,
      0.556,
      0.056,
      0.034,
      0.285,
      0.114,
      0.134,
      -0.081,
      0.525,
      -0.004,
      -0.097,
      0.252,
      0.056,
      0.132,
      0.058,
      0.095,
      -0.009,
      -0.021,
      0.122,
      0.404,
      -0.123,
      -0.054,
      0.178,
      0.066,
      0.684
    ],
    [
      -0.039,
      0.282,
      0.039,
      0.042,
      0.116,
      0.155,
      0.183,
      0.044,
      0.147,
      -0.133,
      0.166,
      0.098,
      0.048,
      -0.033,
      1.0,
      -0.109,
      0.026,
      0.184,
      -0.015,
      0.223,
      0.192,
      0.236,
      -0.07,
      0.161,
      0.151,
      0.151,
      0.104,
      0.046,
      0.145,
      0.079,
      0.233,
      0.092,
      0.285,
      0.148,
      0.121,
      0.179,
      -0.117,
      -0.006,
      0.065,
      0.108,
      0.118,
      0.151,
      0.224,
      0.189,
      0.007,
      0.217,
      0.209,
      0.006,
      0.095,
      0.205,
      0.161,
      0.27,
      0.115,
      0.065,
      0.198,
      -0.218,
      0.125,
      0.043,
      0.019,
      0.076,
      -0.14
    ],
    [
      0.118,
      -0.056,
      0.313,
      0.143,
      0.048,
      0.046,
      0.272,
      0.048,
      0.05,
      0.337,
      0.034,
      -0.008,
      -0.032,
      0.322,
      -0.109,
      1.0,
      0.141,
      0.022,
      0.287,
      -0.017,
      0.234,
      0.058,
      -0.011,
      0.03,
      -0.087,
      -0.033,
      -0.068,
      0.334,
      -0.055,
      0.118,
      0.077,
      -0.023,
      -0.038,
      0.063,
      0.117,
      -0.082,
      0.368,
      0.277,
      0.089,
      0.139,
      0.09,
      0.036,
      -0.06,
      0.111,
      0.416,
      -0.013,
      0.003,
      0.169,
      0.074,
      -0.01,
      0.001,
      -0.095,
      -0.13,
      0.101,
      -0.002,
      0.42,
      -0.107,
      -0.055,
      0.265,
      0.047,
      0.369
    ],
    [
      0.077,
      0.157,
      0.189,
      0.171,
      0.189,
      0.188,
      0.146,
      0.061,
      0.071,
      0.086,
      0.064,
      0.004,
      0.127,
      0.171,
      0.026,
      0.141,
      1.0,
      0.016,
      0.086,
      0.183,
      0.142,
      0.142,
      -0.297,
      0.167,
      -0.004,
      0.278,
      -0.174,
      0.116,
      0.178,
      0.054,
      0.251,
      0.114,
      0.134,
      0.156,
      0.218,
      0.002,
      0.185,
      0.077,
      0.083,
      0.041,
      0.11,
      0.006,
      0.094,
      0.303,
      0.052,
      0.271,
      0.246,
      0.104,
      0.24,
      0.227,
      0.057,
      0.017,
      0.159,
      0.093,
      0.114,
      0.066,
      0.265,
      0.028,
      0.079,
      0.278,
      0.095
    ],
    [
      0.013,
      0.255,
      0.246,
      0.173,
      0.203,
      0.022,
      0.401,
      0.098,
      0.165,
      -0.098,
      -0.034,
      0.007,
      0.149,
      0.009,
      0.184,
      0.022,
      0.016,
      1.0,
      0.077,
      0.151,
      0.293,
      0.176,
      -0.055,
      0.129,
      0.091,
      0.057,
      -0.068,
      0.23,
      0.264,
      0.144,
      0.237,
      0.055,
      0.222,
      0.181,
      0.165,
      0.099,
      -0.061,
      0.043,
      -0.004,
      0.188,
      0.17,
      0.245,
      0.198,
      0.148,
      0.11,
      0.265,
      0.241,
      0.02,
      0.173,
      0.217,
      0.141,
      0.198,
      0.11,
      0.333,
      0.344,
      0.047,
      0.155,
      0.029,
      0.164,
      0.112,
      -0.053
    ],
    [
      -0.096,
      -0.078,
      0.287,
      0.249,
      0.113,
      0.053,
      0.232,
      -0.022,
      -0.001,
      0.229,
      -0.023,
      0.087,
      -0.027,
      0.211,
      -0.015,
      0.287,
      0.086,
      0.077,
      1.0,
      0.098,
      0.173,
      -0.032,
      0.006,
      0.064,
      -0.032,
      0.041,
      -0.045,
      0.2,
      0.107,
      0.113,
      0.071,
      0.002,
      -0.091,
      0.051,
      0.116,
      0.072,
      0.134,
      0.263,
      0.119,
      0.218,
      -0.054,
      0.06,
      -0.037,
      0.109,
      0.357,
      0.097,
      0.141,
      0.208,
      0.145,
      0.01,
      0.123,
      -0.032,
      -0.088,
      0.089,
      -0.076,
      0.304,
      0.072,
      0.045,
      0.281,
      0.099,
      0.234
    ],
    [
      0.061,
      0.309,
      0.207,
      0.196,
      0.395,
      0.095,
      0.313,
      0.123,
      0.152,
      -0.208,
      -0.042,
      -0.009,
      0.091,
      0.096,
      0.223,
      -0.017,
      0.183,
      0.151,
      0.098,
      1.0,
      0.171,
      0.139,
      -0.151,
      0.214,
      0.021,
      0.104,
      -0.059,
      0.192,
      0.267,
      0.217,
      0.138,
      0.17,
      0.257,
      0.21,
      0.189,
      0.111,
      0.043,
      0.086,
      0.096,
      0.1,
      0.239,
      0.089,
      0.291,
      0.211,
      0.078,
      0.305,
      0.176,
      0.064,
      0.094,
      0.265,
      0.09,
      0.149,
      0.181,
      0.076,
      0.382,
      -0.054,
      0.139,
      0.059,
      0.099,
      0.231,
      0.052
    ],
    [
      -0.046,
      0.284,
      0.426,
      0.219,
      0.253,
      0.064,
      0.431,
      0.069,
      0.168,
      0.234,
      -0.025,
      0.008,
      0.071,
      0.12,
      0.192,
      0.234,
      0.142,
      0.293,
      0.173,
      0.171,
      1.0,
      0.252,
      -0.154,
      0.26,
      0.142,
      0.181,
      -0.046,
      0.325,
      0.295,
      0.337,
      0.264,
      0.239,
      0.236,
      0.232,
      0.14,
      0.151,
      0.123,
      0.112,
      0.037,
      0.345,
      0.211,
      0.315,
      0.225,
      0.225,
      0.212,
      0.272,
      0.219,
      0.14,
      0.149,
      0.327,
      0.066,
      0.223,
      0.133,
      0.317,
      0.315,
      0.117,
      0.155,
      0.088,
      0.324,
      0.206,
      0.079
    ],
    [
      0.023,
      0.525,
      0.128,
      0.14,
      0.176,
      0.147,
      0.286,
      0.127,
      0.149,
      -0.07,
      -0.01,
      0.0,
      0.13,
      0.086,
      0.236,
      0.058,
      0.142,
      0.176,
      -0.032,
      0.139,
      0.252,
      1.0,
      -0.238,
      0.338,
      0.097,
      0.266,
      -0.168,
      0.036,
      0.407,
      0.123,
      0.45,
      0.214,
      0.532,
      0.228,
      0.246,
      0.083,
      0.109,
      0.126,
      -0.024,
      -0.013,
      0.273,
      0.193,
      0.434,
      0.356,
      0.029,
      0.442,
      0.402,
      0.011,
      0.226,
      0.529,
      0.035,
      0.164,
      0.335,
      0.156,
      0.308,
      0.045,
      0.282,
      0.099,
      0.142,
      0.283,
      -0.0
    ],
    [
      -0.066,
      -0.176,
      -0.126,
      -0.108,
      -0.066,
      -0.19,
      -0.149,
      -0.113,
      -0.114,
      0.104,
      -0.004,
      -0.043,
      -0.112,
      0.077,
      -0.07,
      -0.011,
      -0.297,
      -0.055,
      0.006,
      -0.151,
      -0.154,
      -0.238,
      1.0,
      -0.222,
      -0.043,
      -0.212,
      0.355,
      -0.056,
      -0.229,
      -0.004,
      -0.207,
      -0.155,
      -0.197,
      -0.165,
      -0.153,
      -0.107,
      -0.048,
      0.014,
      0.002,
      0.038,
      -0.048,
      -0.122,
      -0.183,
      -0.291,
      -0.024,
      -0.393,
      -0.369,
      -0.038,
      -0.168,
      -0.22,
      -0.081,
      -0.098,
      -0.221,
      -0.091,
      -0.159,
      0.095,
      -0.304,
      -0.024,
      -0.056,
      -0.252,
      0.082
    ],
    [
      0.091,
      0.389,
      0.217,
      0.165,
      0.186,
      0.161,
      0.229,
      0.162,
      0.249,
      -0.004,
      -0.181,
      -0.022,
      0.2,
      0.011,
      0.161,
      0.03,
      0.167,
      0.129,
      0.064,
      0.214,
      0.26,
      0.338,
      -0.222,
      1.0,
      0.098,
      0.292,
      -0.122,
      0.153,
      0.434,
      0.113,
      0.434,
      0.288,
      0.338,
      0.114,
      0.252,
      0.138,
      0.011,
      0.083,
      -0.104,
      0.191,
      0.095,
      0.146,
      0.285,
      0.333,
      0.048,
      0.476,
      0.413,
      -0.084,
      0.289,
      0.501,
      0.059,
      0.058,
      0.24,
      0.197,
      0.211,
      0.064,
      0.421,
      0.219,
      0.13,
      0.388,
      -0.082
    ],
    [
      -0.019,
      0.082,
      0.026,
      0.008,
      0.079,
      0.015,
      0.057,
      -0.049,
      0.07,
      -0.025,
      -0.002,
      0.083,
      0.032,
      -0.063,
      0.151,
      -0.087,
      -0.004,
      0.091,
      -0.032,
      0.021,
      0.142,
      0.097,
      -0.043,
      0.098,
      1.0,
      -0.046,
      0.043,
      -0.069,
      0.047,
      0.023,
      0.072,
      0.009,
      0.086,
      0.036,
      0.054,
      0.074,
      -0.061,
      -0.094,
      -0.024,
      0.085,
      0.041,
      0.047,
      0.042,
      -0.095,
      -0.062,
      0.043,
      0.111,
      -0.057,
      0.014,
      0.028,
      0.06,
      0.064,
      0.059,
      0.065,
      0.084,
      -0.099,
      0.069,
      -0.037,
      -0.068,
      -0.0,
      -0.065
    ],
    [
      0.12,
      0.259,
      0.052,
      0.262,
      0.106,
      0.102,
      0.123,
      -0.003,
      0.041,
      0.041,
      -0.056,
      -0.038,
      0.056,
      0.148,
      0.151,
      -0.033,
      0.278,
      0.057,
      0.041,
      0.104,
      0.181,
      0.266,
      -0.212,
      0.292,
      -0.046,
      1.0,
      -0.134,
      0.125,
      0.216,
      0.16,
      0.309,
      0.147,
      0.265,
      0.123,
      0.303,
      -0.084,
      0.094,
      0.128,
      -0.006,
      -0.123,
      0.066,
      0.075,
      0.223,
      0.339,
      0.007,
      0.286,
      0.209,
      -0.062,
      0.189,
      0.241,
      0.096,
      0.167,
      0.35,
      0.006,
      0.089,
      -0.033,
      0.3,
      0.036,
      0.031,
      0.302,
      0.049
    ],
    [
      -0.066,
      -0.109,
      -0.048,
      -0.134,
      -0.012,
      -0.164,
      -0.071,
      -0.06,
      -0.032,
      0.012,
      0.039,
      0.041,
      0.049,
      0.017,
      0.104,
      -0.068,
      -0.174,
      -0.068,
      -0.045,
      -0.059,
      -0.046,
      -0.168,
      0.355,
      -0.122,
      0.043,
      -0.134,
      1.0,
      0.062,
      -0.176,
      -0.06,
      -0.14,
      -0.1,
      -0.151,
      -0.126,
      -0.08,
      -0.1,
      -0.079,
      -0.024,
      0.041,
      0.051,
      -0.058,
      -0.041,
      -0.163,
      -0.21,
      -0.073,
      -0.206,
      -0.283,
      -0.029,
      -0.078,
      -0.174,
      -0.058,
      -0.023,
      -0.13,
      0.011,
      -0.043,
      -0.132,
      -0.255,
      -0.07,
      -0.101,
      -0.227,
      -0.03
    ],
    [
      -0.048,
      0.078,
      0.481,
      0.272,
      0.251,
      0.055,
      0.695,
      0.038,
      0.059,
      0.127,
      -0.067,
      -0.022,
      0.061,
      0.314,
      0.046,
      0.334,
      0.116,
      0.23,
      0.2,
      0.192,
      0.325,
      0.036,
      -0.056,
      0.153,
      -0.069,
      0.125,
      0.062,
      1.0,
      0.151,
      0.304,
      0.136,
      0.029,
      0.039,
      0.147,
      0.113,
      -0.051,
      0.279,
      0.174,
      0.03,
      0.312,
      0.197,
      0.236,
      0.1,
      0.069,
      0.29,
      0.194,
      0.217,
      0.177,
      0.197,
      0.07,
      -0.061,
      -0.011,
      0.111,
      0.262,
      0.281,
      0.258,
      0.057,
      0.048,
      0.265,
      0.168,
      0.22
    ],
    [
      -0.042,
      0.459,
      0.186,
      0.218,
      0.209,
      0.159,
      0.271,
      0.067,
      0.189,
      -0.051,
      -0.055,
      -0.04,
      0.227,
      -0.056,
      0.145,
      -0.055,
      0.178,
      0.264,
      0.107,
      0.267,
      0.295,
      0.407,
      -0.229,
      0.434,
      0.047,
      0.216,
      -0.176,
      0.151,
      1.0,
      0.204,
      0.46,
      0.261,
      0.467,
      0.255,
      0.341,
      0.094,
      0.061,
      -0.032,
      -0.032,
      0.157,
      0.163,
      0.215,
      0.436,
      0.397,
      -0.03,
      0.685,
      0.591,
      -0.001,
      0.338,
      0.548,
      0.136,
      0.183,
      0.259,
      0.201,
      0.391,
      0.023,
      0.474,
      0.181,
      0.126,
      0.394,
      -0.102
    ],
    [
      0.029,
      0.106,
      0.281,
      0.226,
      0.249,
      0.029,
      0.321,
      -0.012,
      0.063,
      0.148,
      -0.095,
      -0.082,
      0.051,
      0.155,
      0.079,
      0.118,
      0.054,
      0.144,
      0.113,
      0.217,
      0.337,
      0.123,
      -0.004,
      0.113,
      0.023,
      0.16,
      -0.06,
      0.304,
      0.204,
      1.0,
      0.198,
      0.105,
      0.129,
      0.228,
      0.212,
      0.005,
      0.215,
      0.179,
      0.054,
      0.243,
      0.248,
      0.186,
      0.165,
      0.122,
      0.244,
      0.243,
      0.222,
      0.153,
      0.183,
      0.219,
      0.08,
      0.156,
      0.134,
      0.171,
      0.173,
      0.21,
      0.101,
      0.127,
      0.209,
      0.22,
      0.111
    ],
    [
      0.117,
      0.458,
      0.144,
      0.303,
      0.158,
      0.156,
      0.23,
      0.075,
      0.173,
      -0.102,
      -0.034,
      -0.071,
      0.198,
      0.071,
      0.233,
      0.077,
      0.251,
      0.237,
      0.071,
      0.138,
      0.264,
      0.45,
      -0.207,
      0.434,
      0.072,
      0.309,
      -0.14,
      0.136,
      0.46,
      0.198,
      1.0,
      0.161,
      0.438,
      0.127,
      0.398,
      0.003,
      0.103,
      0.052,
      -0.07,
      0.116,
      0.148,
      0.186,
      0.37,
      0.4,
      -0.001,
      0.55,
      0.486,
      0.007,
      0.4,
      0.523,
      0.096,
      0.166,
      0.338,
      0.215,
      0.21,
      0.03,
      0.41,
      0.128,
      0.129,
      0.354,
      0.011
    ],
    [
      0.023,
      0.274,
      0.09,
      0.077,
      0.087,
      0.197,
      0.117,
      0.163,
      0.13,
      -0.016,
      0.02,
      0.088,
      0.187,
      -0.02,
      0.092,
      -0.023,
      0.114,
      0.055,
      0.002,
      0.17,
      0.239,
      0.214,
      -0.155,
      0.288,
      0.009,
      0.147,
      -0.1,
      0.029,
      0.261,
      0.105,
      0.161,
      1.0,
      0.217,
      0.184,
      0.181,
      0.197,
      0.003,
      -0.017,
      0.017,
      0.046,
      0.092,
      0.109,
      0.3,
      0.291,
      -0.07,
      0.27,
      0.285,
      -0.039,
      0.173,
      0.288,
      0.127,
      0.146,
      0.199,
      0.037,
      0.165,
      -0.045,
      0.191,
      0.168,
      0.019,
      0.196,
      -0.044
    ],
    [
      0.016,
      0.769,
      0.148,
      0.148,
      0.272,
      0.165,
      0.258,
      0.136,
      0.308,
      -0.14,
      -0.061,
      -0.072,
      0.136,
      0.066,
      0.285,
      -0.038,
      0.134,
      0.222,
      -0.091,
      0.257,
      0.236,
      0.532,
      -0.197,
      0.338,
      0.086,
      0.265,
      -0.151,
      0.039,
      0.467,
      0.129,
      0.438,
      0.217,
      1.0,
      0.297,
      0.149,
      0.143,
      0.098,
      0.155,
      -0.033,
      -0.004,
      0.361,
      0.198,
      0.662,
      0.34,
      0.062,
      0.513,
      0.302,
      0.019,
      0.237,
      0.737,
      0.087,
      0.168,
      0.334,
      0.146,
      0.438,
      -0.083,
      0.293,
      0.087,
      0.13,
      0.212,
      0.022
    ],
    [
      0.055,
      0.322,
      0.286,
      0.244,
      0.445,
      0.161,
      0.26,
      0.047,
      0.135,
      0.189,
      0.012,
      -0.006,
      -0.119,
      0.104,
      0.148,
      0.063,
      0.156,
      0.181,
      0.051,
      0.21,
      0.232,
      0.228,
      -0.165,
      0.114,
      0.036,
      0.123,
      -0.126,
      0.147,
      0.255,
      0.228,
      0.127,
      0.184,
      0.297,
      1.0,
      0.214,
      0.011,
      0.294,
      0.142,
      0.096,
      0.137,
      0.339,
      0.307,
      0.308,
      0.213,
      0.063,
      0.307,
      0.254,
      0.131,
      0.041,
      0.302,
      0.078,
      0.022,
      0.182,
      0.092,
      0.296,
      0.069,
      0.047,
      0.009,
      0.202,
      0.131,
      0.004
    ],
    [
      0.079,
      0.203,
      0.156,
      0.33,
      0.178,
      0.207,
      0.148,
      -0.006,
      0.144,
      -0.024,
      -0.052,
      -0.111,
      0.227,
      -0.001,
      0.121,
      0.117,
      0.218,
      0.165,
      0.116,
      0.189,
      0.14,
      0.246,
      -0.153,
      0.252,
      0.054,
      0.303,
      -0.08,
      0.113,
      0.341,
      0.212,
      0.398,
      0.181,
      0.149,
      0.214,
      1.0,
      0.073,
      0.088,
      0.017,
      -0.038,
      0.12,
      0.044,
      0.139,
      0.22,
      0.331,
      0.073,
      0.402,
      0.447,
      0.162,
      0.217,
      0.246,
      0.093,
      0.119,
      0.337,
      0.228,
      0.148,
      0.044,
      0.405,
      0.121,
      0.084,
      0.349,
      0.001
    ],
    [
      0.132,
      0.144,
      0.151,
      -0.028,
      0.066,
      -0.004,
      0.044,
      0.061,
      0.227,
      -0.035,
      0.133,
      0.083,
      0.119,
      -0.084,
      0.179,
      -0.082,
      0.002,
      0.099,
      0.072,
      0.111,
      0.151,
      0.083,
      -0.107,
      0.138,
      0.074,
      -0.084,
      -0.1,
      -0.051,
      0.094,
      0.005,
      0.003,
      0.197,
      0.143,
      0.011,
      0.073,
      1.0,
      -0.041,
      -0.334,
      0.011,
      0.043,
      -0.007,
      0.033,
      0.148,
      0.072,
      0.039,
      0.143,
      0.115,
      -0.03,
      0.023,
      0.151,
      0.078,
      0.157,
      0.07,
      0.12,
      0.03,
      -0.026,
      0.107,
      0.044,
      0.103,
      0.124,
      -0.091
    ],
    [
      0.064,
      -0.001,
      0.294,
      0.183,
      0.263,
      0.075,
      0.287,
      0.047,
      0.135,
      0.335,
      -0.098,
      -0.102,
      -0.164,
      0.517,
      -0.117,
      0.368,
      0.185,
      -0.061,
      0.134,
      0.043,
      0.123,
      0.109,
      -0.048,
      0.011,
      -0.061,
      0.094,
      -0.079,
      0.279,
      0.061,
      0.215,
      0.103,
      0.003,
      0.098,
      0.294,
      0.088,
      -0.041,
      1.0,
      0.377,
      0.165,
      0.056,
      0.356,
      0.072,
      0.133,
      -0.012,
      0.321,
      0.111,
      0.014,
      0.177,
      0.096,
      0.137,
      0.077,
      0.107,
      0.093,
      0.06,
      0.197,
      0.432,
      -0.03,
      -0.01,
      0.115,
      0.147,
      0.436
    ],
    [
      0.016,
      0.118,
      0.223,
      0.162,
      0.171,
      0.042,
      0.224,
      0.048,
      0.029,
      0.284,
      -0.081,
      -0.088,
      -0.198,
      0.556,
      -0.006,
      0.277,
      0.077,
      0.043,
      0.263,
      0.086,
      0.112,
      0.126,
      0.014,
      0.083,
      -0.094,
      0.128,
      -0.024,
      0.174,
      -0.032,
      0.179,
      0.052,
      -0.017,
      0.155,
      0.142,
      0.017,
      -0.334,
      0.377,
      1.0,
      0.077,
      0.059,
      0.253,
      0.218,
      0.155,
      0.013,
      0.443,
      0.03,
      -0.055,
      0.268,
      0.121,
      0.189,
      -0.021,
      -0.012,
      0.006,
      -0.002,
      0.22,
      0.357,
      -0.068,
      -0.031,
      0.13,
      0.033,
      0.486
    ],
    [
      0.115,
      -0.006,
      0.107,
      0.134,
      0.217,
      0.147,
      0.037,
      -0.002,
      0.06,
      0.033,
      0.025,
      0.092,
      -0.062,
      0.056,
      0.065,
      0.089,
      0.083,
      -0.004,
      0.119,
      0.096,
      0.037,
      -0.024,
      0.002,
      -0.104,
      -0.024,
      -0.006,
      0.041,
      0.03,
      -0.032,
      0.054,
      -0.07,
      0.017,
      -0.033,
      0.096,
      -0.038,
      0.011,
      0.165,
      0.077,
      1.0,
      0.024,
      0.032,
      -0.009,
      0.077,
      0.022,
      0.097,
      -0.026,
      0.014,
      0.378,
      0.046,
      0.02,
      0.025,
      0.098,
      -0.053,
      -0.096,
      0.052,
      0.063,
      -0.045,
      -0.1,
      0.027,
      -0.044,
      0.015
    ],
    [
      -0.032,
      0.036,
      0.374,
      0.19,
      0.171,
      0.135,
      0.286,
      -0.025,
      0.139,
      0.066,
      -0.081,
      0.083,
      0.124,
      0.034,
      0.108,
      0.139,
      0.041,
      0.188,
      0.218,
      0.1,
      0.345,
      -0.013,
      0.038,
      0.191,
      0.085,
      -0.123,
      0.051,
      0.312,
      0.157,
      0.243,
      0.116,
      0.046,
      -0.004,
      0.137,
      0.12,
      0.043,
      0.056,
      0.059,
      0.024,
      1.0,
      0.035,
      0.09,
      0.013,
      0.06,
      0.121,
      0.217,
      0.229,
      0.105,
      0.191,
      0.11,
      0.092,
      -0.046,
      -0.076,
      0.275,
      0.177,
      0.154,
      0.088,
      0.07,
      0.154,
      0.173,
      0.061
    ],
    [
      -0.07,
      0.326,
      0.148,
      0.123,
      0.265,
      0.04,
      0.343,
      0.106,
      0.138,
      0.068,
      -0.102,
      -0.176,
      -0.119,
      0.285,
      0.118,
      0.09,
      0.11,
      0.17,
      -0.054,
      0.239,
      0.211,
      0.273,
      -0.048,
      0.095,
      0.041,
      0.066,
      -0.058,
      0.197,
      0.163,
      0.248,
      0.148,
      0.092,
      0.361,
      0.339,
      0.044,
      -0.007,
      0.356,
      0.253,
      0.032,
      0.035,
      1.0,
      0.175,
      0.397,
      0.121,
      0.14,
      0.193,
      0.045,
      0.086,
      0.09,
      0.371,
      0.058,
      0.141,
      0.224,
      0.135,
      0.621,
      0.103,
      0.002,
      0.051,
      0.046,
      0.147,
      0.134
    ],
    [
      0.064,
      0.25,
      0.302,
      0.197,
      0.203,
      0.062,
      0.304,
      0.101,
      0.046,
      0.185,
      0.148,
      -0.022,
      0.101,
      0.114,
      0.151,
      0.036,
      0.006,
      0.245,
      0.06,
      0.089,
      0.315,
      0.193,
      -0.122,
      0.146,
      0.047,
      0.075,
      -0.041,
      0.236,
      0.215,
      0.186,
      0.186,
      0.109,
      0.198,
      0.307,
      0.139,
      0.033,
      0.072,
      0.218,
      -0.009,
      0.09,
      0.175,
      1.0,
      0.142,
      0.093,
      0.227,
      0.144,
      0.146,
      0.218,
      0.056,
      0.184,
      -0.079,
      0.065,
      0.147,
      0.116,
      0.262,
      0.122,
      0.082,
      -0.001,
      0.36,
      0.111,
      0.099
    ],
    [
      0.049,
      0.706,
      0.074,
      0.233,
      0.341,
      0.146,
      0.281,
      0.135,
      0.167,
      -0.132,
      -0.053,
      -0.133,
      0.025,
      0.134,
      0.224,
      -0.06,
      0.094,
      0.198,
      -0.037,
      0.291,
      0.225,
      0.434,
      -0.183,
      0.285,
      0.042,
      0.223,
      -0.163,
      0.1,
      0.436,
      0.165,
      0.37,
      0.3,
      0.662,
      0.308,
      0.22,
      0.148,
      0.133,
      0.155,
      0.077,
      0.013,
      0.397,
      0.142,
      1.0,
      0.342,
      0.042,
      0.451,
      0.314,
      0.08,
      0.22,
      0.689,
      0.14,
      0.195,
      0.283,
      0.145,
      0.433,
      -0.048,
      0.271,
      0.188,
      0.059,
      0.287,
      0.025
    ],
    [
      0.055,
      0.334,
      0.142,
      0.226,
      0.141,
      0.222,
      0.189,
      0.168,
      0.049,
      0.012,
      0.047,
      -0.039,
      0.144,
      -0.081,
      0.189,
      0.111,
      0.303,
      0.148,
      0.109,
      0.211,
      0.225,
      0.356,
      -0.291,
      0.333,
      -0.095,
      0.339,
      -0.21,
      0.069,
      0.397,
      0.122,
      0.4,
      0.291,
      0.34,
      0.213,
      0.331,
      0.072,
      -0.012,
      0.013,
      0.022,
      0.06,
      0.121,
      0.093,
      0.342,
      1.0,
      -0.004,
      0.421,
      0.382,
      0.007,
      0.371,
      0.429,
      0.118,
      0.124,
      0.352,
      0.237,
      0.257,
      0.042,
      0.368,
      0.071,
      0.101,
      0.342,
      -0.072
    ],
    [
      -0.013,
      -0.013,
      0.408,
      0.231,
      0.194,
      0.021,
      0.295,
      0.037,
      0.104,
      0.426,
      -0.047,
      0.013,
      -0.057,
      0.525,
      0.007,
      0.416,
      0.052,
      0.11,
      0.357,
      0.078,
      0.212,
      0.029,
      -0.024,
      0.048,
      -0.062,
      0.007,
      -0.073,
      0.29,
      -0.03,
      0.244,
      -0.001,
      -0.07,
      0.062,
      0.063,
      0.073,
      0.039,
      0.321,
      0.443,
      0.097,
      0.121,
      0.14,
      0.227,
      0.042,
      -0.004,
      1.0,
      -0.01,
      -0.018,
      0.262,
      0.036,
      0.083,
      0.125,
      -0.029,
      0.012,
      0.113,
      0.085,
      0.408,
      -0.056,
      0.032,
      0.251,
      0.075,
      0.509
    ],
    [
      0.031,
      0.531,
      0.238,
      0.24,
      0.288,
      0.203,
      0.301,
      0.113,
      0.25,
      -0.117,
      -0.089,
      -0.001,
      0.185,
      -0.004,
      0.217,
      -0.013,
      0.271,
      0.265,
      0.097,
      0.305,
      0.272,
      0.442,
      -0.393,
      0.476,
      0.043,
      0.286,
      -0.206,
      0.194,
      0.685,
      0.243,
      0.55,
      0.27,
      0.513,
      0.307,
      0.402,
      0.143,
      0.111,
      0.03,
      -0.026,
      0.217,
      0.193,
      0.144,
      0.451,
      0.421,
      -0.01,
      1.0,
      0.688,
      -0.002,
      0.344,
      0.637,
      0.17,
      0.169,
      0.331,
      0.239,
      0.374,
      -0.051,
      0.538,
      0.171,
      0.162,
      0.445,
      -0.077
    ],
    [
      0.026,
      0.399,
      0.208,
      0.315,
      0.213,
      0.274,
      0.279,
      0.113,
      0.161,
      -0.132,
      -0.094,
      0.001,
      0.276,
      -0.097,
      0.209,
      0.003,
      0.246,
      0.241,
      0.141,
      0.176,
      0.219,
      0.402,
      -0.369,
      0.413,
      0.111,
      0.209,
      -0.283,
      0.217,
      0.591,
      0.222,
      0.486,
      0.285,
      0.302,
      0.254,
      0.447,
      0.115,
      0.014,
      -0.055,
      0.014,
      0.229,
      0.045,
      0.146,
      0.314,
      0.382,
      -0.018,
      0.688,
      1.0,
      0.098,
      0.463,
      0.425,
      0.18,
      0.109,
      0.219,
      0.175,
      0.233,
      -0.015,
      0.494,
      0.141,
      0.12,
      0.413,
      -0.144
    ],
    [
      0.083,
      0.078,
      0.217,
      0.295,
      0.161,
      0.174,
      0.126,
      0.011,
      0.061,
      0.117,
      0.016,
      -0.083,
      -0.048,
      0.252,
      0.006,
      0.169,
      0.104,
      0.02,
      0.208,
      0.064,
      0.14,
      0.011,
      -0.038,
      -0.084,
      -0.057,
      -0.062,
      -0.029,
      0.177,
      -0.001,
      0.153,
      0.007,
      -0.039,
      0.019,
      0.131,
      0.162,
      -0.03,
      0.177,
      0.268,
      0.378,
      0.105,
      0.086,
      0.218,
      0.08,
      0.007,
      0.262,
      -0.002,
      0.098,
      1.0,
      0.034,
      0.12,
      0.005,
      0.144,
      -0.071,
      0.012,
      0.128,
      0.184,
      0.028,
      -0.081,
      0.201,
      0.019,
      0.223
    ],
    [
      -0.023,
      0.267,
      0.224,
      0.351,
      0.17,
      0.189,
      0.193,
      0.015,
      0.062,
      0.015,
      -0.034,
      0.001,
      0.298,
      0.056,
