{
  "meta": {
    "generated_at": "2026-06-25T10:25:40+00:00",
    "n_tickers": 62,
    "n_clusters": 0,
    "redundant_threshold": 0.75
  },
  "tickers": [
    "NTO",
    "ABBNE",
    "ABNB",
    "ADYEN",
    "AMZN",
    "BFIT",
    "BN",
    "CBAV",
    "CELH",
    "CHKP",
    "COR",
    "COST",
    "CPR",
    "CRWD",
    "CSU",
    "DNP",
    "DSGX",
    "EVD",
    "FERG",
    "FICO",
    "GOOG",
    "GRMN",
    "HLMA",
    "IPCO",
    "ITX",
    "JDG",
    "JFN",
    "KIST",
    "KKR",
    "KRX",
    "KSPI",
    "LIFCO B",
    "LOTB",
    "LR",
    "META",
    "MIPS",
    "MNST",
    "MSFT",
    "NET",
    "NFLX",
    "NKE",
    "NVDA",
    "OTLY",
    "PRY",
    "RAA",
    "S",
    "SGO",
    "SIKA",
    "SPOT",
    "STMN",
    "SU",
    "TFF",
    "TFPM",
    "TGYM",
    "TREX",
    "TSM",
    "VEEV",
    "VID",
    "VRLA",
    "VLTO",
    "WOSG",
    "ZS"
  ],
  "matrix_1y": [
    [
      1.0,
      0.102,
      -0.122,
      0.04,
      0.031,
      -0.039,
      -0.054,
      -0.027,
      0.018,
      -0.021,
      0.192,
      0.033,
      -0.038,
      -0.0,
      -0.114,
      0.002,
      0.077,
      0.073,
      0.018,
      -0.088,
      0.039,
      -0.033,
      -0.003,
      -0.091,
      0.12,
      -0.041,
      0.132,
      -0.105,
      -0.065,
      0.035,
      0.019,
      0.105,
      -0.0,
      0.028,
      0.026,
      0.054,
      0.137,
      0.02,
      0.016,
      0.092,
      -0.034,
      -0.108,
      0.024,
      0.069,
      0.078,
      -0.025,
      0.059,
      0.028,
      0.074,
      -0.0,
      0.104,
      -0.006,
      -0.031,
      0.064,
      -0.129,
      -0.007,
      0.034,
      0.086,
      -0.09,
      0.152,
      0.015,
      -0.024
    ],
    [
      0.102,
      1.0,
      0.156,
      0.197,
      0.252,
      0.15,
      0.277,
      0.08,
      0.131,
      -0.145,
      -0.04,
      -0.099,
      0.123,
      0.084,
      -0.097,
      0.259,
      -0.078,
      0.17,
      0.265,
      -0.091,
      0.286,
      0.278,
      0.4,
      -0.161,
      0.352,
      0.11,
      0.235,
      -0.103,
      0.075,
      0.435,
      0.123,
      0.441,
      0.237,
      0.763,
      0.31,
      0.187,
      0.105,
      -0.012,
      0.14,
      -0.02,
      0.016,
      0.342,
      0.186,
      0.712,
      0.353,
      -0.01,
      0.509,
      0.387,
      0.072,
      0.264,
      0.803,
      0.063,
      0.167,
      0.289,
      0.185,
      0.459,
      -0.162,
      0.277,
      0.094,
      0.093,
      0.306,
      -0.045
    ],
    [
      -0.122,
      0.156,
      1.0,
      0.322,
      0.368,
      0.094,
      0.446,
      0.081,
      0.103,
      0.19,
      -0.014,
      -0.037,
      0.019,
      0.332,
      0.305,
      -0.002,
      0.339,
      0.207,
      0.246,
      0.285,
      0.23,
      0.4,
      0.099,
      -0.125,
      0.205,
      0.088,
      0.042,
      -0.036,
      0.456,
      0.163,
      0.288,
      0.155,
      0.063,
      0.133,
      0.29,
      0.154,
      0.131,
      0.294,
      0.232,
      0.107,
      0.354,
      0.165,
      0.279,
      0.067,
      0.138,
      0.402,
      0.233,
      0.202,
      0.21,
      0.199,
      0.24,
      0.02,
      0.029,
      0.135,
      0.283,
      0.175,
      0.371,
      0.001,
      -0.006,
      0.369,
      0.208,
      0.314
    ],
    [
      0.04,
      0.197,
      0.322,
      1.0,
      0.266,
      0.18,
      0.202,
      -0.049,
      0.138,
      0.123,
      0.045,
      -0.032,
      0.068,
      0.19,
      0.155,
      0.009,
      0.18,
      0.218,
      0.197,
      0.248,
      0.222,
      0.211,
      0.171,
      -0.093,
      0.131,
      0.069,
      0.233,
      -0.102,
      0.302,
      0.186,
      0.207,
      0.303,
      0.028,
      0.168,
      0.246,
      0.298,
      -0.051,
      0.202,
      0.172,
      0.117,
      0.162,
      0.184,
      0.197,
      0.214,
      0.229,
      0.239,
      0.221,
      0.307,
      0.277,
      0.329,
      0.285,
      0.043,
      0.243,
      0.276,
      0.093,
      0.259,
      0.308,
      0.178,
      0.046,
      0.189,
      0.245,
      0.171
    ],
    [
      0.031,
      0.252,
      0.368,
      0.266,
      1.0,
      0.073,
      0.363,
      0.029,
      0.157,
      0.002,
      -0.114,
      -0.002,
      0.005,
      0.182,
      0.059,
      0.102,
      0.073,
      0.234,
      0.275,
      0.127,
      0.413,
      0.265,
      0.15,
      -0.058,
      0.154,
      0.096,
      0.108,
      -0.005,
      0.259,
      0.166,
      0.257,
      0.149,
      0.044,
      0.253,
      0.454,
      0.164,
      0.054,
      0.304,
      0.199,
      0.232,
      0.188,
      0.306,
      0.186,
      0.335,
      0.131,
      0.225,
      0.259,
      0.18,
      0.171,
      0.112,
      0.273,
      0.108,
      0.128,
      0.196,
      0.205,
      0.328,
      0.193,
      0.04,
      0.058,
      0.11,
      0.18,
      0.096
    ],
    [
      -0.039,
      0.15,
      0.094,
      0.18,
      0.073,
      1.0,
      0.063,
      -0.034,
      0.036,
      -0.125,
      -0.025,
      0.059,
      0.171,
      0.017,
      0.133,
      0.143,
      0.059,
      0.161,
      -0.0,
      0.047,
      0.051,
      0.031,
      0.114,
      -0.154,
      0.132,
      0.025,
      0.078,
      -0.136,
      0.039,
      0.109,
      0.02,
      0.141,
      0.223,
      0.14,
      0.109,
      0.178,
      0.024,
      0.056,
      -0.002,
      0.145,
      0.11,
      0.015,
      0.07,
      0.096,
      0.214,
      0.011,
      0.173,
      0.26,
      0.174,
      0.154,
      0.09,
      0.039,
      0.055,
      0.156,
      0.071,
      0.02,
      0.048,
      0.327,
      0.053,
      -0.006,
      0.153,
      -0.011
    ],
    [
      -0.054,
      0.277,
      0.446,
      0.202,
      0.363,
      0.063,
      1.0,
      0.057,
      0.076,
      0.04,
      -0.083,
      -0.018,
      0.069,
      0.249,
      0.246,
      0.189,
      0.298,
      0.162,
      0.474,
      0.227,
      0.345,
      0.426,
      0.214,
      -0.129,
      0.225,
      0.078,
      0.111,
      -0.075,
      0.704,
      0.227,
      0.308,
      0.21,
      0.093,
      0.242,
      0.246,
      0.134,
      0.022,
      0.292,
      0.234,
      0.034,
      0.276,
      0.359,
      0.265,
      0.257,
      0.177,
      0.298,
      0.27,
      0.236,
      0.124,
      0.138,
      0.244,
      -0.032,
      0.151,
      0.195,
      0.318,
      0.41,
      0.202,
      0.128,
      0.087,
      0.175,
      0.283,
      0.176
    ],
    [
      -0.027,
      0.08,
      0.081,
      -0.049,
      0.029,
      -0.034,
      0.057,
      1.0,
      0.119,
      -0.05,
      0.097,
      -0.03,
      0.094,
      0.017,
      0.062,
      0.054,
      0.03,
      0.056,
      0.096,
      -0.023,
      0.108,
      0.061,
      0.016,
      -0.086,
      0.142,
      -0.041,
      0.001,
      -0.07,
      0.023,
      0.053,
      -0.008,
      0.06,
      0.153,
      0.091,
      0.013,
      0.001,
      0.06,
      0.034,
      0.047,
      0.014,
      -0.015,
      0.064,
      0.084,
      0.105,
      0.197,
      0.017,
      0.07,
      0.043,
      0.02,
      -0.014,
      0.075,
      0.038,
      -0.023,
      0.037,
      0.101,
      0.031,
      0.013,
      0.042,
      -0.002,
      0.134,
      0.012,
      -0.105
    ],
    [
      0.018,
      0.131,
      0.103,
      0.138,
      0.157,
      0.036,
      0.076,
      0.119,
      1.0,
      -0.028,
      0.031,
      0.091,
      0.088,
      -0.053,
      0.075,
      0.142,
      0.02,
      0.129,
      0.136,
      -0.004,
      0.123,
      0.139,
      0.103,
      -0.1,
      0.241,
      0.079,
      0.035,
      -0.025,
      0.026,
      0.197,
      0.062,
      0.161,
      0.133,
      0.299,
      0.098,
      0.125,
      0.23,
      0.104,
      0.004,
      0.041,
      0.128,
      0.101,
      0.022,
      0.151,
      0.05,
      0.08,
      0.231,
      0.15,
      0.049,
      0.059,
      0.185,
      0.052,
      0.086,
      -0.001,
      0.102,
      0.193,
      0.084,
      0.064,
      0.177,
      0.152,
      0.086,
      -0.04
    ],
    [
      -0.021,
      -0.145,
      0.19,
      0.123,
      0.002,
      -0.125,
      0.04,
      -0.05,
      -0.028,
      1.0,
      0.115,
      -0.045,
      -0.07,
      0.371,
      0.199,
      -0.109,
      0.358,
      0.107,
      -0.101,
      0.213,
      -0.198,
      0.229,
      -0.041,
      0.092,
      -0.021,
      -0.047,
      0.051,
      0.014,
      0.126,
      -0.075,
      0.141,
      -0.099,
      -0.031,
      -0.126,
      0.164,
      -0.019,
      -0.043,
      0.336,
      0.288,
      0.035,
      0.029,
      0.058,
      0.164,
      -0.142,
      -0.001,
      0.434,
      -0.11,
      -0.123,
      0.119,
      0.011,
      -0.065,
      -0.022,
      -0.007,
      -0.047,
      -0.008,
      -0.069,
      0.335,
      -0.087,
      -0.023,
      0.155,
      -0.001,
      0.349
    ],
    [
      0.192,
      -0.04,
      -0.014,
      0.045,
      -0.114,
      -0.025,
      -0.083,
      0.097,
      0.031,
      0.115,
      1.0,
      0.171,
      -0.084,
      -0.03,
      0.004,
      0.184,
      0.045,
      0.069,
      -0.025,
      -0.008,
      -0.024,
      -0.016,
      -0.036,
      -0.015,
      -0.156,
      0.009,
      -0.055,
      0.038,
      -0.061,
      -0.064,
      -0.104,
      -0.021,
      0.033,
      -0.1,
      0.009,
      -0.033,
      0.137,
      -0.093,
      -0.073,
      0.025,
      -0.082,
      -0.123,
      0.144,
      -0.081,
      0.04,
      -0.043,
      -0.083,
      -0.095,
      0.018,
      -0.05,
      -0.056,
      -0.125,
      0.002,
      -0.163,
      -0.133,
      -0.118,
      -0.001,
      -0.072,
      -0.039,
      0.267,
      -0.051,
      0.018
    ],
    [
      0.033,
      -0.099,
      -0.037,
      -0.032,
      -0.002,
      0.059,
      -0.018,
      -0.03,
      0.091,
      -0.045,
      0.171,
      1.0,
      0.015,
      -0.105,
      0.055,
      0.101,
      -0.085,
      0.015,
      -0.013,
      0.091,
      -0.007,
      -0.014,
      0.036,
      -0.019,
      -0.051,
      0.077,
      -0.009,
      0.03,
      -0.019,
      -0.025,
      -0.081,
      -0.04,
      0.072,
      -0.103,
      -0.008,
      -0.106,
      0.07,
      -0.099,
      -0.082,
      0.093,
      0.043,
      -0.202,
      -0.033,
      -0.155,
      -0.043,
      0.001,
      -0.002,
      -0.015,
      -0.078,
      -0.05,
      -0.184,
      -0.022,
      -0.049,
      -0.002,
      -0.034,
      -0.077,
      -0.035,
      -0.029,
      0.038,
      0.107,
      0.003,
      -0.082
    ],
    [
      -0.038,
      0.123,
      0.019,
      0.068,
      0.005,
      0.171,
      0.069,
      0.094,
      0.088,
      -0.07,
      -0.084,
      0.015,
      1.0,
      -0.205,
      0.001,
      0.069,
      -0.076,
      0.147,
      0.189,
      -0.015,
      0.088,
      0.063,
      0.113,
      -0.107,
      0.202,
      0.017,
      0.076,
      0.021,
      0.069,
      0.227,
      0.041,
      0.201,
      0.164,
      0.138,
      -0.143,
      0.228,
      0.129,
      -0.156,
      -0.192,
      -0.058,
      0.119,
      -0.126,
      0.094,
      0.002,
      0.151,
      -0.052,
      0.188,
      0.287,
      -0.047,
      0.278,
      0.069,
      0.06,
      0.061,
      0.168,
      0.156,
      0.067,
      -0.039,
      0.335,
      0.095,
      0.004,
      0.138,
      -0.186
    ],
    [
      -0.0,
      0.084,
      0.332,
      0.19,
      0.182,
      0.017,
      0.249,
      0.017,
      -0.053,
      0.371,
      -0.03,
      -0.105,
      -0.205,
      1.0,
      0.223,
      -0.069,
      0.341,
      0.184,
      0.004,
      0.203,
      0.11,
      0.146,
      0.016,
      0.075,
      0.011,
      -0.056,
      0.137,
      0.024,
      0.31,
      -0.06,
      0.206,
      0.058,
      0.016,
      0.072,
      0.127,
      0.008,
      -0.084,
      0.512,
      0.568,
      0.069,
      0.062,
      0.313,
      0.153,
      0.185,
      -0.078,
      0.528,
      -0.005,
      -0.107,
      0.247,
      0.05,
      0.169,
      0.063,
      0.131,
      0.022,
      0.0,
      0.162,
      0.404,
      -0.127,
      -0.04,
      0.129,
      0.099,
      0.681
    ],
    [
      -0.114,
      -0.097,
      0.305,
      0.155,
      0.059,
      0.133,
      0.246,
      0.062,
      0.075,
      0.199,
      0.004,
      0.055,
      0.001,
      0.223,
      1.0,
      -0.054,
      0.501,
      0.084,
      -0.069,
      0.356,
      0.082,
      0.214,
      0.007,
      -0.043,
      -0.03,
      -0.101,
      0.087,
      -0.075,
      0.246,
      -0.077,
      0.166,
      0.068,
      0.05,
      -0.052,
      0.012,
      0.069,
      -0.014,
      0.303,
      0.137,
      0.113,
      0.141,
      -0.041,
      -0.013,
      -0.127,
      0.066,
      0.313,
      -0.055,
      0.001,
      0.128,
      0.108,
      -0.079,
      0.052,
      -0.039,
      -0.089,
      -0.041,
      -0.138,
      0.308,
      -0.102,
      -0.02,
      0.117,
      0.051,
      0.295
    ],
    [
      0.002,
      0.259,
      -0.002,
      0.009,
      0.102,
      0.143,
      0.189,
      0.054,
      0.142,
      -0.109,
      0.184,
      0.101,
      0.069,
      -0.069,
      -0.054,
      1.0,
      -0.121,
      0.047,
      0.226,
      -0.028,
      0.209,
      0.186,
      0.178,
      -0.059,
      0.168,
      0.15,
      0.132,
      0.106,
      0.041,
      0.142,
      0.044,
      0.227,
      0.101,
      0.245,
      0.147,
      0.134,
      0.179,
      -0.127,
      -0.012,
      0.047,
      0.084,
      0.072,
      0.119,
      0.185,
      0.176,
      -0.011,
      0.211,
      0.201,
      0.005,
      0.047,
      0.171,
      0.16,
      0.252,
      0.093,
      0.043,
      0.135,
      -0.192,
      0.159,
      0.029,
      0.025,
      0.069,
      -0.149
    ],
    [
      0.077,
      -0.078,
      0.339,
      0.18,
      0.073,
      0.059,
      0.298,
      0.03,
      0.02,
      0.358,
      0.045,
      -0.085,
      -0.076,
      0.341,
      0.501,
      -0.121,
      1.0,
      0.18,
      -0.003,
      0.321,
      0.025,
      0.251,
      0.052,
      0.022,
      0.021,
      -0.084,
      0.031,
      -0.072,
      0.37,
      -0.07,
      0.145,
      0.095,
      -0.055,
      -0.057,
      0.05,
      0.146,
      -0.107,
      0.412,
      0.331,
      0.11,
      0.135,
      0.101,
      0.079,
      -0.089,
      0.094,
      0.455,
      -0.041,
      -0.043,
      0.186,
      0.05,
      -0.033,
      -0.032,
      -0.065,
      -0.055,
      0.085,
      -0.009,
      0.481,
      -0.086,
      -0.039,
      0.243,
      0.051,
      0.413
    ],
    [
      0.073,
      0.17,
      0.207,
      0.218,
      0.234,
      0.161,
      0.162,
      0.056,
      0.129,
      0.107,
      0.069,
      0.015,
      0.147,
      0.184,
      0.084,
      0.047,
      0.18,
      1.0,
      0.078,
      0.078,
      0.227,
      0.132,
      0.15,
      -0.272,
      0.186,
      0.066,
      0.281,
      -0.168,
      0.129,
      0.177,
      0.1,
      0.245,
      0.075,
      0.188,
      0.181,
      0.194,
      0.011,
      0.224,
      0.089,
      0.081,
      0.054,
      0.141,
      0.056,
      0.089,
      0.271,
      0.089,
      0.288,
      0.249,
      0.085,
      0.188,
      0.243,
      0.046,
      0.068,
      0.197,
      0.028,
      0.114,
      0.104,
      0.246,
      0.034,
      0.081,
      0.256,
      0.122
    ],
    [
      0.018,
      0.265,
      0.246,
      0.197,
      0.275,
      -0.0,
      0.474,
      0.096,
      0.136,
      -0.101,
      -0.025,
      -0.013,
      0.189,
      0.004,
      -0.069,
      0.226,
      -0.003,
      0.078,
      1.0,
      0.083,
      0.25,
      0.352,
      0.157,
      -0.132,
      0.18,
      0.147,
      0.075,
      -0.085,
      0.307,
      0.322,
      0.159,
      0.27,
      0.075,
      0.253,
      0.236,
      0.156,
      0.118,
      -0.064,
      0.054,
      -0.014,
      0.211,
      0.182,
      0.221,
      0.199,
      0.158,
      0.07,
      0.298,
      0.287,
      0.02,
      0.157,
      0.237,
      0.075,
      0.188,
      0.143,
      0.36,
      0.399,
      0.037,
      0.165,
      0.038,
      0.223,
      0.121,
      -0.06
    ],
    [
      -0.088,
      -0.091,
      0.285,
      0.248,
      0.127,
      0.047,
      0.227,
      -0.023,
      -0.004,
      0.213,
      -0.008,
      0.091,
      -0.015,
      0.203,
      0.356,
      -0.028,
      0.321,
      0.078,
      0.083,
      1.0,
      0.106,
      0.163,
      0.014,
      0.015,
      0.046,
      -0.013,
      0.039,
      -0.022,
      0.199,
      0.066,
      0.119,
      0.079,
      0.002,
      -0.116,
      0.035,
      0.107,
      0.065,
      0.149,
      0.253,
      0.118,
      0.2,
      -0.029,
      0.066,
      -0.046,
      0.124,
      0.362,
      0.083,
      0.12,
      0.205,
      0.101,
      -0.007,
      0.12,
      -0.016,
      -0.094,
      0.105,
      -0.077,
      0.31,
      0.022,
      0.044,
      0.244,
      0.104,
      0.243
    ],
    [
      0.039,
      0.286,
      0.23,
      0.222,
      0.413,
      0.051,
      0.345,
      0.108,
      0.123,
      -0.198,
      -0.024,
      -0.007,
      0.088,
      0.11,
      0.082,
      0.209,
      0.025,
      0.227,
      0.25,
      0.106,
      1.0,
      0.177,
      0.117,
      -0.128,
      0.197,
      0.027,
      0.111,
      -0.065,
      0.215,
      0.241,
      0.207,
      0.128,
      0.127,
      0.242,
      0.231,
      0.169,
      0.118,
      0.103,
      0.103,
      0.119,
      0.125,
      0.267,
      0.115,
      0.274,
      0.218,
      0.111,
      0.284,
      0.162,
      0.078,
      0.051,
      0.245,
      0.086,
      0.205,
      0.211,
      0.082,
      0.372,
      -0.004,
      0.127,
      0.069,
      0.116,
      0.226,
      0.084
    ],
    [
      -0.033,
      0.278,
      0.4,
      0.211,
      0.265,
      0.031,
      0.426,
      0.061,
      0.139,
      0.229,
      -0.016,
      -0.014,
      0.063,
      0.146,
      0.214,
      0.186,
      0.251,
      0.132,
      0.352,
      0.163,
      0.177,
      1.0,
      0.166,
      -0.115,
      0.247,
      0.149,
      0.156,
      -0.039,
      0.316,
      0.262,
      0.33,
      0.266,
      0.227,
      0.217,
      0.226,
      0.138,
      0.131,
      0.116,
      0.134,
      0.029,
      0.327,
      0.232,
      0.281,
      0.221,
      0.194,
      0.213,
      0.247,
      0.188,
      0.137,
      0.109,
      0.331,
      0.055,
      0.261,
      0.123,
      0.321,
      0.325,
      0.126,
      0.121,
      0.079,
      0.302,
      0.197,
      0.088
    ],
    [
      -0.003,
      0.4,
      0.099,
      0.171,
      0.15,
      0.114,
      0.214,
      0.016,
      0.103,
      -0.041,
      -0.036,
      0.036,
      0.113,
      0.016,
      0.007,
      0.178,
      0.052,
      0.15,
      0.157,
      0.014,
      0.117,
      0.166,
      1.0,
      -0.19,
      0.262,
      0.091,
      0.268,
      -0.139,
      0.029,
      0.304,
      0.044,
      0.37,
      0.13,
      0.46,
      0.242,
      0.174,
      0.039,
      0.139,
      0.102,
      -0.003,
      -0.068,
      0.224,
      0.148,
      0.319,
      0.33,
      0.042,
      0.385,
      0.358,
      0.056,
      0.18,
      0.421,
      0.043,
      0.123,
      0.313,
      0.047,
      0.243,
      0.078,
      0.203,
      0.097,
      0.091,
      0.251,
      -0.014
    ],
    [
      -0.091,
      -0.161,
      -0.125,
      -0.093,
      -0.058,
      -0.154,
      -0.129,
      -0.086,
      -0.1,
      0.092,
      -0.015,
      -0.019,
      -0.107,
      0.075,
      -0.043,
      -0.059,
      0.022,
      -0.272,
      -0.132,
      0.015,
      -0.128,
      -0.115,
      -0.19,
      1.0,
      -0.243,
      -0.109,
      -0.205,
      0.365,
      -0.011,
      -0.201,
      0.033,
      -0.2,
      -0.136,
      -0.198,
      -0.132,
      -0.155,
      -0.102,
      -0.026,
      0.023,
      0.026,
      0.08,
      -0.027,
      -0.1,
      -0.12,
      -0.264,
      -0.019,
      -0.391,
      -0.379,
      -0.03,
      -0.155,
      -0.209,
      -0.044,
      -0.14,
      -0.201,
      -0.098,
      -0.137,
      0.095,
      -0.288,
      -0.001,
      -0.048,
      -0.218,
      0.076
    ],
    [
      0.12,
      0.352,
      0.205,
      0.131,
      0.154,
      0.132,
      0.225,
      0.142,
      0.241,
      -0.021,
      -0.156,
      -0.051,
      0.202,
      0.011,
      -0.03,
      0.168,
      0.021,
      0.186,
      0.18,
      0.046,
      0.197,
      0.247,
      0.262,
      -0.243,
      1.0,
      0.121,
      0.287,
      -0.124,
      0.155,
      0.435,
      0.087,
      0.442,
      0.261,
      0.309,
      0.097,
      0.259,
      0.138,
      0.0,
      0.075,
      -0.098,
      0.175,
      0.091,
      0.127,
      0.243,
      0.36,
      0.034,
      0.487,
      0.414,
      -0.085,
      0.274,
      0.451,
      0.068,
      0.06,
      0.227,
      0.181,
      0.2,
      0.064,
      0.432,
      0.209,
      0.137,
      0.359,
      -0.081
    ],
    [
      -0.041,
      0.11,
      0.088,
      0.069,
      0.096,
      0.025,
      0.078,
      -0.041,
      0.079,
      -0.047,
      0.009,
      0.077,
      0.017,
      -0.056,
      -0.101,
      0.15,
      -0.084,
      0.066,
      0.147,
      -0.013,
      0.027,
      0.149,
      0.091,
      -0.109,
      0.121,
      1.0,
      -0.048,
      -0.011,
      -0.024,
      0.081,
      0.073,
      0.111,
      0.01,
      0.102,
      0.044,
      0.044,
      0.089,
      -0.063,
      -0.092,
      -0.021,
      0.074,
      0.064,
      0.049,
      0.05,
      -0.055,
      -0.051,
      0.11,
      0.152,
      -0.068,
      0.028,
      0.064,
      0.069,
      0.098,
      0.066,
      0.094,
      0.103,
      -0.08,
      0.058,
      -0.03,
      -0.09,
      0.014,
      -0.07
    ],
    [
      0.132,
      0.235,
      0.042,
      0.233,
      0.108,
      0.078,
      0.111,
      0.001,
      0.035,
      0.051,
      -0.055,
      -0.009,
      0.076,
      0.137,
      0.087,
      0.132,
      0.031,
      0.281,
      0.075,
      0.039,
      0.111,
      0.156,
      0.268,
      -0.205,
      0.287,
      -0.048,
      1.0,
      -0.132,
      0.11,
      0.163,
      0.13,
      0.272,
      0.131,
      0.244,
      0.131,
      0.297,
      -0.086,
      0.126,
      0.131,
      0.017,
      -0.137,
      0.069,
      0.086,
      0.207,
      0.326,
      0.022,
      0.277,
      0.199,
      -0.052,
      0.169,
      0.202,
      0.102,
      0.157,
      0.347,
      -0.034,
      0.067,
      -0.022,
      0.278,
      0.037,
      0.02,
      0.292,
      0.06
    ],
    [
      -0.105,
      -0.103,
      -0.036,
      -0.102,
      -0.005,
      -0.136,
      -0.075,
      -0.07,
      -0.025,
      0.014,
      0.038,
      0.03,
      0.021,
      0.024,
      -0.075,
      0.106,
      -0.072,
      -0.168,
      -0.085,
      -0.022,
      -0.065,
      -0.039,
      -0.139,
      0.365,
      -0.124,
      -0.011,
      -0.132,
      1.0,
      0.065,
      -0.169,
      -0.033,
      -0.12,
      -0.076,
      -0.135,
      -0.125,
      -0.096,
      -0.098,
      -0.083,
      -0.02,
      0.06,
      0.073,
      -0.052,
      -0.025,
      -0.132,
      -0.21,
      -0.059,
      -0.193,
      -0.272,
      -0.003,
      -0.066,
      -0.139,
      -0.03,
      -0.053,
      -0.138,
      0.028,
      -0.021,
      -0.119,
      -0.257,
      -0.051,
      -0.076,
      -0.214,
      -0.026
    ],
    [
      -0.065,
      0.075,
      0.456,
      0.302,
      0.259,
      0.039,
      0.704,
      0.023,
      0.026,
      0.126,
      -0.061,
      -0.019,
      0.069,
      0.31,
      0.246,
      0.041,
      0.37,
      0.129,
      0.307,
      0.199,
      0.215,
      0.316,
      0.029,
      -0.011,
      0.155,
      -0.024,
      0.11,
      0.065,
      1.0,
      0.118,
      0.28,
      0.128,
      0.011,
      0.05,
      0.14,
      0.098,
      -0.064,
      0.277,
      0.173,
      0.026,
      0.306,
      0.22,
      0.219,
      0.077,
      0.058,
      0.294,
      0.161,
      0.191,
      0.179,
      0.162,
      0.078,
      -0.087,
      0.061,
      0.129,
      0.257,
      0.278,
      0.257,
      0.044,
      0.053,
      0.218,
      0.168,
      0.229
    ],
    [
      0.035,
      0.435,
      0.163,
      0.186,
      0.166,
      0.109,
      0.227,
      0.053,
      0.197,
      -0.075,
      -0.064,
      -0.025,
      0.227,
      -0.06,
      -0.077,
      0.142,
      -0.07,
      0.177,
      0.322,
      0.066,
      0.241,
      0.262,
      0.304,
      -0.201,
      0.435,
      0.081,
      0.163,
      -0.169,
      0.118,
      1.0,
      0.161,
      0.465,
      0.244,
      0.434,
      0.258,
      0.312,
      0.084,
      0.001,
      -0.041,
      -0.068,
      0.13,
      0.144,
      0.181,
      0.409,
      0.412,
      -0.07,
      0.681,
      0.589,
      -0.029,
      0.312,
      0.529,
      0.135,
      0.192,
      0.221,
      0.194,
      0.349,
      -0.013,
      0.464,
      0.149,
      0.161,
      0.352,
      -0.124
    ],
    [
      0.019,
      0.123,
      0.288,
      0.207,
      0.257,
      0.02,
      0.308,
      -0.008,
      0.062,
      0.141,
      -0.104,
      -0.081,
      0.041,
      0.206,
      0.166,
      0.044,
      0.145,
      0.1,
      0.159,
      0.119,
      0.207,
      0.33,
      0.044,
      0.033,
      0.087,
      0.073,
      0.13,
      -0.033,
      0.28,
      0.161,
      1.0,
      0.183,
      0.1,
      0.113,
      0.219,
      0.197,
      0.001,
      0.22,
      0.199,
      0.061,
      0.24,
      0.259,
      0.188,
      0.18,
      0.098,
      0.252,
      0.212,
      0.18,
      0.144,
      0.141,
      0.227,
      0.047,
      0.203,
      0.125,
      0.183,
      0.168,
      0.221,
      0.06,
      0.113,
      0.161,
      0.218,
      0.132
    ],
    [
      0.105,
      0.441,
      0.155,
      0.303,
      0.149,
      0.141,
      0.21,
      0.06,
      0.161,
      -0.099,
      -0.021,
      -0.04,
      0.201,
      0.058,
      0.068,
      0.227,
      0.095,
      0.245,
      0.27,
      0.079,
      0.128,
      0.266,
      0.37,
      -0.2,
      0.442,
      0.111,
      0.272,
      -0.12,
      0.128,
      0.465,
      0.183,
      1.0,
      0.165,
      0.406,
      0.123,
      0.39,
      0.015,
      0.064,
      0.044,
      -0.09,
      0.094,
      0.142,
      0.164,
      0.343,
      0.402,
      -0.01,
      0.557,
      0.493,
      -0.001,
      0.368,
      0.5,
      0.088,
      0.16,
      0.299,
      0.23,
      0.209,
      0.021,
      0.389,
      0.12,
      0.138,
      0.34,
      0.005
    ],
    [
      -0.0,
      0.237,
      0.063,
      0.028,
      0.044,
      0.223,
      0.093,
      0.153,
      0.133,
      -0.031,
      0.033,
      0.072,
      0.164,
      0.016,
      0.05,
      0.101,
      -0.055,
      0.075,
      0.075,
      0.002,
      0.127,
      0.227,
      0.13,
      -0.136,
      0.261,
      0.01,
      0.131,
      -0.076,
      0.011,
      0.244,
      0.1,
      0.165,
      1.0,
      0.179,
      0.139,
      0.189,
      0.202,
      -0.021,
      -0.026,
      0.023,
      0.042,
      0.079,
      0.095,
      0.259,
      0.278,
      -0.084,
      0.255,
      0.259,
      -0.038,
      0.153,
      0.239,
      0.128,
      0.111,
      0.154,
      0.04,
      0.136,
      -0.052,
      0.196,
      0.146,
      0.004,
      0.171,
      -0.038
    ],
    [
      0.028,
      0.763,
      0.133,
      0.168,
      0.253,
      0.14,
      0.242,
      0.091,
      0.299,
      -0.126,
      -0.1,
      -0.103,
      0.138,
      0.072,
      -0.052,
      0.245,
      -0.057,
      0.188,
      0.253,
      -0.116,
      0.242,
      0.217,
      0.46,
      -0.198,
      0.309,
      0.102,
      0.244,
      -0.135,
      0.05,
      0.434,
      0.113,
      0.406,
      0.179,
      1.0,
      0.275,
      0.136,
      0.102,
      0.081,
      0.147,
      -0.044,
      -0.017,
      0.367,
      0.166,
      0.63,
      0.343,
      0.06,
      0.491,
      0.31,
      0.018,
      0.283,
      0.737,
      0.066,
      0.19,
      0.327,
      0.115,
      0.452,
      -0.1,
      0.277,
      0.084,
      0.094,
      0.207,
      0.015
    ],
    [
      0.026,
      0.31,
      0.29,
      0.246,
      0.454,
      0.109,
      0.246,
      0.013,
      0.098,
      0.164,
      0.009,
      -0.008,
      -0.143,
      0.127,
      0.012,
      0.147,
      0.05,
      0.181,
      0.236,
      0.035,
      0.231,
      0.226,
      0.242,
      -0.132,
      0.097,
      0.044,
      0.131,
      -0.125,
      0.14,
      0.258,
      0.219,
      0.123,
      0.139,
      0.275,
      1.0,
      0.167,
      0.008,
      0.304,
      0.158,
      0.083,
      0.132,
      0.349,
      0.286,
      0.297,
      0.218,
      0.067,
      0.288,
      0.226,
      0.111,
      -0.02,
      0.292,
      0.09,
      0.08,
      0.21,
      0.082,
      0.289,
      0.107,
      0.011,
      0.016,
      0.201,
      0.125,
      0.003
    ],
    [
      0.054,
      0.187,
      0.154,
      0.298,
      0.164,
      0.178,
      0.134,
      0.001,
      0.125,
      -0.019,
      -0.033,
      -0.106,
      0.228,
      0.008,
      0.069,
      0.134,
      0.146,
      0.194,
      0.156,
      0.107,
      0.169,
      0.138,
      0.174,
      -0.155,
      0.259,
      0.044,
      0.297,
      -0.096,
      0.098,
      0.312,
      0.197,
      0.39,
      0.189,
      0.136,
      0.167,
      1.0,
      0.078,
      0.069,
      0.015,
      -0.043,
      0.087,
      0.026,
      0.137,
      0.194,
      0.339,
      0.077,
      0.398,
      0.423,
      0.151,
      0.219,
      0.219,
      0.072,
      0.113,
      0.301,
      0.215,
      0.11,
      0.03,
      0.398,
      0.115,
      0.08,
      0.333,
      0.003
    ],
    [
      0.137,
      0.105,
      0.131,
      -0.051,
      0.054,
      0.024,
      0.022,
      0.06,
      0.23,
      -0.043,
      0.137,
      0.07,
      0.129,
      -0.084,
      -0.014,
      0.179,
      -0.107,
      0.011,
      0.118,
      0.065,
      0.118,
      0.131,
      0.039,
      -0.102,
      0.138,
      0.089,
      -0.086,
      -0.098,
      -0.064,
      0.084,
      0.001,
      0.015,
      0.202,
      0.102,
      0.008,
      0.078,
      1.0,
      -0.043,
      -0.336,
      0.014,
      0.038,
      -0.026,
      0.023,
      0.112,
      0.08,
      0.024,
      0.139,
      0.105,
      -0.027,
      -0.008,
      0.113,
      0.08,
      0.144,
      0.064,
      0.114,
      -0.001,
      -0.012,
      0.126,
      0.034,
      0.101,
      0.111,
      -0.083
    ],
    [
      0.02,
      -0.012,
      0.294,
      0.202,
      0.304,
      0.056,
      0.292,
      0.034,
      0.104,
      0.336,
      -0.093,
      -0.099,
      -0.156,
      0.512,
      0.303,
      -0.127,
      0.412,
      0.224,
      -0.064,
      0.149,
      0.103,
      0.116,
      0.139,
      -0.026,
      0.0,
      -0.063,
      0.126,
      -0.083,
      0.277,
      0.001,
      0.22,
      0.064,
      -0.021,
      0.081,
      0.304,
      0.069,
      -0.043,
      1.0,
      0.393,
      0.189,
      0.064,
      0.367,
      0.1,
      0.126,
      -0.008,
      0.356,
      0.084,
      -0.012,
      0.184,
      0.034,
      0.116,
      0.074,
      0.137,
      0.148,
      0.029,
      0.18,
      0.466,
      -0.061,
      0.017,
      0.088,
      0.153,
      0.453
    ],
    [
      0.016,
      0.14,
      0.232,
      0.172,
      0.199,
      -0.002,
      0.234,
      0.047,
      0.004,
      0.288,
      -0.073,
      -0.082,
      -0.192,
      0.568,
      0.137,
      -0.012,
      0.331,
      0.089,
      0.054,
      0.253,
      0.103,
      0.134,
      0.102,
      0.023,
      0.075,
      -0.092,
      0.131,
      -0.02,
      0.173,
      -0.041,
      0.199,
      0.044,
      -0.026,
      0.147,
      0.158,
      0.015,
      -0.336,
      0.393,
      1.0,
      0.075,
      0.056,
      0.283,
      0.21,
      0.181,
      0.007,
      0.458,
      0.02,
      -0.073,
      0.254,
      0.091,
      0.203,
      -0.024,
      0.047,
      0.036,
      0.005,
      0.238,
      0.362,
      -0.112,
      -0.014,
      0.117,
      0.045,
      0.487
    ],
    [
      0.092,
      -0.02,
      0.107,
      0.117,
      0.232,
      0.145,
      0.034,
      0.014,
      0.041,
      0.035,
      0.025,
      0.093,
      -0.058,
      0.069,
      0.113,
      0.047,
      0.11,
      0.081,
      -0.014,
      0.118,
      0.119,
      0.029,
      -0.003,
      0.026,
      -0.098,
      -0.021,
      0.017,
      0.06,
      0.026,
      -0.068,
      0.061,
      -0.09,
      0.023,
      -0.044,
      0.083,
      -0.043,
      0.014,
      0.189,
      0.075,
      1.0,
      0.029,
      0.047,
      0.005,
      0.058,
      -0.016,
      0.111,
      -0.052,
      -0.016,
      0.376,
      0.016,
      -0.003,
      0.029,
      0.09,
      -0.036,
      -0.1,
      0.046,
      0.066,
      -0.08,
      -0.093,
      0.002,
      -0.042,
      0.03
    ],
    [
      -0.034,
      0.016,
      0.354,
      0.162,
      0.188,
      0.11,
      0.276,
      -0.015,
      0.128,
      0.029,
      -0.082,
      0.043,
      0.119,
      0.062,
      0.141,
      0.084,
      0.135,
      0.054,
      0.211,
      0.2,
      0.125,
      0.327,
      -0.068,
      0.08,
      0.175,
      0.074,
      -0.137,
      0.073,
      0.306,
      0.13,
      0.24,
      0.094,
      0.042,
      -0.017,
      0.132,
      0.087,
      0.038,
      0.064,
      0.056,
      0.029,
      1.0,
      0.055,
      0.112,
      0.001,
      0.058,
      0.107,
      0.178,
      0.18,
      0.098,
      0.141,
      0.094,
      0.097,
      -0.02,
      -0.079,
      0.28,
      0.176,
      0.153,
      0.062,
      0.062,
      0.143,
      0.158,
      0.071
    ],
    [
      -0.108,
      0.342,
      0.165,
      0.184,
      0.306,
      0.015,
      0.359,
      0.064,
      0.101,
      0.058,
      -0.123,
      -0.202,
      -0.126,
      0.313,
      -0.041,
      0.072,
      0.101,
      0.141,
      0.182,
      -0.029,
      0.267,
      0.232,
      0.224,
      -0.027,
      0.091,
      0.064,
      0.069,
      -0.052,
      0.22,
      0.144,
      0.259,
      0.142,
      0.079,
      0.367,
      0.349,
      0.026,
      -0.026,
      0.367,
      0.283,
      0.047,
      0.055,
      1.0,
      0.189,
      0.419,
      0.118,
      0.16,
      0.175,
      0.04,
      0.101,
      0.088,
      0.405,
      0.033,
      0.221,
      0.266,
      0.155,
      0.655,
      0.117,
      -0.029,
      0.065,
      0.007,
      0.168,
      0.155
    ],
    [
      0.024,
      0.186,
      0.279,
      0.197,
      0.186,
      0.07,
      0.265,
      0.084,
      0.022,
      0.164,
      0.144,
      -0.033,
      0.094,
      0.153,
      -0.013,
      0.119,
      0.079,
      0.056,
      0.221,
      0.066,
      0.115,
      0.281,
      0.148,
      -0.1,
      0.127,
      0.049,
      0.086,
      -0.025,
      0.219,
      0.181,
      0.188,
      0.164,
      0.095,
      0.166,
      0.286,
      0.137,
      0.023,
      0.1,
      0.21,
      0.005,
      0.112,
      0.189,
      1.0,
      0.099,
      0.101,
      0.226,
      0.11,
      0.112,
      0.208,
      0.066,
      0.135,
      -0.095,
      0.055,
      0.155,
      0.102,
      0.241,
      0.134,
      0.054,
      0.027,
      0.353,
      0.085,
      0.129
    ],
    [
      0.069,
      0.712,
      0.067,
      0.214,
      0.335,
      0.096,
      0.257,
      0.105,
      0.151,
      -0.142,
      -0.081,
      -0.155,
      0.002,
      0.185,
      -0.127,
      0.185,
      -0.089,
      0.089,
      0.199,
      -0.046,
      0.274,
      0.221,
      0.319,
      -0.12,
      0.243,
      0.05,
      0.207,
      -0.132,
      0.077,
      0.409,
      0.18,
      0.343,
      0.259,
      0.63,
      0.297,
      0.194,
      0.112,
      0.126,
      0.181,
      0.058,
      0.001,
      0.419,
      0.099,
      1.0,
      0.307,
      0.039,
      0.394,
      0.258,
      0.062,
      0.174,
      0.697,
      0.11,
      0.256,
      0.288,
      0.153,
      0.45,
      -0.064,
      0.204,
      0.175,
      0.032,
      0.281,
      0.029
    ],
    [
      0.078,
      0.353,
      0.138,
      0.229,
      0.131,
      0.214,
      0.177,
      0.197,
      0.05,
      -0.001,
      0.04,
      -0.043,
      0.151,
      -0.078,
      0.066,
      0.176,
      0.094,
      0.271,
      0.158,
      0.124,
      0.218,
      0.194,
      0.33,
      -0.264,
      0.36,
      -0.055,
      0.326,
      -0.21,
      0.058,
      0.412,
      0.098,
      0.402,
      0.278,
      0.343,
      0.218,
      0.339,
      0.08,
      -0.008,
      0.007,
      -0.016,
      0.058,
      0.118,
      0.101,
      0.307,
      1.0,
      -0.014,
      0.441,
      0.415,
      -0.022,
      0.368,
      0.433,
      0.115,
      0.081,
      0.337,
      0.211,
      0.237,
      0.022,
      0.363,
      0.049,
      0.107,
      0.326,
      -0.079
    ],
    [
      -0.025,
      -0.01,
      0.402,
      0.239,
      0.225,
      0.011,
      0.298,
      0.017,
      0.08,
      0.434,
      -0.043,
      0.001,
      -0.052,
      0.528,
      0.313,
      -0.011,
      0.455,
      0.089,
      0.07,
      0.362,
      0.111,
      0.213,
      0.042,
      -0.019,
      0.034,
      -0.051,
      0.022,
      -0.059,
      0.294,
      -0.07,
      0.252,
      -0.01,
      -0.084,
      0.06,
      0.067,
      0.077,
      0.024,
      0.356,
      0.458,
      0.111,
      0.107,
      0.16,
      0.226,
      0.039,
      -0.014,
      1.0,
      -0.031,
      -0.042,
      0.27,
      0.016,
      0.08,
      0.094,
      0.005,
      0.048,
      0.096,
      0.096,
      0.422,
      -0.084,
      0.044,
      0.219,
      0.082,
      0.528
    ],
    [
      0.059,
      0.509,
      0.233,
      0.221,
      0.259,
      0.173,
      0.27,
      0.07,
      0.231,
      -0.11,
      -0.083,
      -0.002,
      0.188,
      -0.005,
      -0.055,
      0.211,
      -0.041,
      0.288,
      0.298,
      0.083,
      0.284,
      0.247,
      0.385,
      -0.391,
      0.487,
      0.11,
      0.277,
      -0.193,
      0.161,
      0.681,
      0.212,
      0.557,
      0.255,
      0.491,
      0.288,
      0.398,
      0.139,
      0.084,
      0.02,
      -0.052,
      0.178,
      0.175,
      0.11,
      0.394,
      0.441,
      -0.031,
      1.0,
      0.695,
      -0.019,
      0.327,
      0.607,
      0.134,
      0.193,
      0.317,
      0.231,
      0.341,
      -0.06,
      0.522,
      0.154,
      0.164,
      0.416,
      -0.078
    ],
    [
      0.028,
      0.387,
      0.202,
      0.307,
      0.18,
      0.26,
      0.236,
      0.043,
      0.15,
      -0.123,
      -0.095,
      -0.015,
      0.287,
      -0.107,
      0.001,
      0.201,
      -0.043,
      0.249,
      0.287,
      0.12,
      0.162,
      0.188,
      0.358,
      -0.379,
      0.414,
      0.152,
      0.199,
      -0.272,
      0.191,
      0.589,
