{
  "meta": {
    "generated_at": "2026-07-23T09:45:58+00:00",
    "n_tickers": 62,
    "n_clusters": 0,
    "redundant_threshold": 0.75
  },
  "tickers": [
    "NTO",
    "ABBNE",
    "ABNB",
    "ADYEN",
    "AMZN",
    "BFIT",
    "BN",
    "CBAV",
    "CELH",
    "CHKP",
    "COR",
    "COST",
    "CPR",
    "CRWD",
    "CSU",
    "DNP",
    "DSGX",
    "EVD",
    "FERG",
    "FICO",
    "GOOG",
    "GRMN",
    "HLMA",
    "IPCO",
    "ITX",
    "JDG",
    "JFN",
    "KIST",
    "KKR",
    "KRX",
    "KSPI",
    "LIFCO B",
    "LOTB",
    "LR",
    "META",
    "MIPS",
    "MNST",
    "MSFT",
    "NET",
    "NFLX",
    "NKE",
    "NVDA",
    "OTLY",
    "PRY",
    "RAA",
    "S",
    "SGO",
    "SIKA",
    "SPOT",
    "STMN",
    "SU",
    "TFF",
    "TFPM",
    "TGYM",
    "TREX",
    "TSM",
    "VEEV",
    "VID",
    "VRLA",
    "VLTO",
    "WOSG",
    "ZS"
  ],
  "matrix_1y": [
    [
      1.0,
      0.065,
      -0.105,
      0.023,
      0.036,
      -0.053,
      -0.083,
      -0.043,
      0.011,
      -0.036,
      0.178,
      0.023,
      -0.004,
      -0.007,
      -0.112,
      -0.013,
      0.055,
      0.085,
      0.015,
      -0.082,
      0.055,
      -0.023,
      -0.014,
      -0.088,
      0.121,
      -0.033,
      0.136,
      -0.106,
      -0.074,
      0.013,
      -0.004,
      0.11,
      -0.005,
      -0.025,
      0.016,
      0.077,
      0.138,
      -0.014,
      0.002,
      0.059,
      -0.021,
      -0.133,
      0.051,
      0.039,
      0.091,
      -0.019,
      0.024,
      0.019,
      0.055,
      0.008,
      0.064,
      -0.045,
      -0.039,
      0.064,
      -0.112,
      -0.034,
      0.035,
      0.097,
      -0.089,
      0.148,
      0.03,
      -0.023
    ],
    [
      0.065,
      1.0,
      0.119,
      0.151,
      0.222,
      0.102,
      0.23,
      0.111,
      0.103,
      -0.158,
      -0.087,
      -0.187,
      0.081,
      0.139,
      -0.185,
      0.238,
      -0.16,
      0.138,
      0.278,
      -0.119,
      0.309,
      0.213,
      0.401,
      -0.191,
      0.317,
      0.116,
      0.237,
      -0.091,
      0.031,
      0.415,
      0.09,
      0.376,
      0.249,
      0.717,
      0.272,
      0.072,
      0.093,
      -0.101,
      0.115,
      -0.107,
      -0.129,
      0.329,
      0.122,
      0.71,
      0.335,
      0.004,
      0.42,
      0.344,
      0.023,
      0.265,
      0.782,
      0.063,
      0.231,
      0.274,
      0.175,
      0.471,
      -0.194,
      0.234,
      0.09,
      -0.02,
      0.261,
      -0.024
    ],
    [
      -0.105,
      0.119,
      1.0,
      0.356,
      0.386,
      0.109,
      0.44,
      0.069,
      0.136,
      0.197,
      -0.029,
      -0.05,
      0.012,
      0.334,
      0.302,
      -0.0,
      0.343,
      0.239,
      0.209,
      0.296,
      0.237,
      0.376,
      0.087,
      -0.163,
      0.225,
      0.085,
      0.075,
      -0.026,
      0.44,
      0.158,
      0.306,
      0.189,
      0.051,
      0.1,
      0.33,
      0.127,
      0.148,
      0.32,
      0.239,
      0.146,
      0.383,
      0.151,
      0.238,
      0.052,
      0.136,
      0.423,
      0.223,
      0.213,
      0.236,
      0.212,
      0.218,
      -0.02,
      0.064,
      0.154,
      0.275,
      0.139,
      0.391,
      0.016,
      -0.02,
      0.339,
      0.238,
      0.327
    ],
    [
      0.023,
      0.151,
      0.356,
      1.0,
      0.286,
      0.194,
      0.229,
      -0.012,
      0.157,
      0.101,
      0.031,
      -0.046,
      0.088,
      0.161,
      0.148,
      -0.006,
      0.188,
      0.231,
      0.179,
      0.254,
      0.238,
      0.208,
      0.182,
      -0.128,
      0.141,
      0.082,
      0.217,
      -0.105,
      0.323,
      0.193,
      0.22,
      0.307,
      0.034,
      0.125,
      0.277,
      0.228,
      -0.033,
      0.222,
      0.135,
      0.131,
      0.179,
      0.168,
      0.209,
      0.182,
      0.242,
      0.228,
      0.219,
      0.331,
      0.289,
      0.355,
      0.248,
      -0.003,
      0.243,
      0.282,
      0.098,
      0.222,
      0.315,
      0.175,
      0.068,
      0.184,
      0.266,
      0.154
    ],
    [
      0.036,
      0.222,
      0.386,
      0.286,
      1.0,
      0.068,
      0.367,
      0.037,
      0.172,
      0.014,
      -0.144,
      -0.016,
      0.008,
      0.192,
      0.058,
      0.078,
      0.085,
      0.241,
      0.248,
      0.139,
      0.416,
      0.252,
      0.128,
      -0.079,
      0.142,
      0.092,
      0.117,
      0.01,
      0.25,
      0.141,
      0.248,
      0.137,
      0.04,
      0.218,
      0.454,
      0.076,
      0.06,
      0.325,
      0.196,
      0.24,
      0.161,
      0.285,
      0.187,
      0.292,
      0.101,
      0.251,
      0.211,
      0.16,
      0.187,
      0.123,
      0.247,
      0.105,
      0.129,
      0.19,
      0.191,
      0.304,
      0.228,
      0.03,
      0.06,
      0.086,
      0.207,
      0.116
    ],
    [
      -0.053,
      0.102,
      0.109,
      0.194,
      0.068,
      1.0,
      0.068,
      -0.01,
      0.048,
      -0.117,
      -0.034,
      0.046,
      0.175,
      0.016,
      0.125,
      0.148,
      0.058,
      0.163,
      0.003,
      0.075,
      0.047,
      0.034,
      0.118,
      -0.17,
      0.153,
      0.035,
      0.088,
      -0.131,
      0.032,
      0.082,
      0.01,
      0.14,
      0.232,
      0.094,
      0.096,
      0.108,
      0.055,
      0.056,
      -0.014,
      0.15,
      0.072,
      -0.014,
      0.1,
      0.057,
      0.206,
      0.012,
      0.153,
      0.254,
      0.164,
      0.146,
      0.052,
      0.072,
      0.082,
      0.147,
      0.079,
      0.001,
      0.051,
      0.299,
      0.045,
      0.008,
      0.142,
      -0.012
    ],
    [
      -0.083,
      0.23,
      0.44,
      0.229,
      0.367,
      0.068,
      1.0,
      0.051,
      0.089,
      0.042,
      -0.088,
      -0.009,
      0.053,
      0.255,
      0.221,
      0.201,
      0.272,
      0.187,
      0.466,
      0.226,
      0.346,
      0.408,
      0.227,
      -0.16,
      0.229,
      0.093,
      0.12,
      -0.099,
      0.694,
      0.247,
      0.311,
      0.244,
      0.102,
      0.23,
      0.25,
      0.107,
      0.039,
      0.28,
      0.229,
      0.041,
      0.28,
      0.351,
      0.208,
      0.249,
      0.189,
      0.297,
      0.304,
      0.275,
      0.111,
      0.134,
      0.227,
      -0.026,
      0.169,
      0.206,
      0.323,
      0.375,
      0.195,
      0.131,
      0.065,
      0.162,
      0.324,
      0.176
    ],
    [
      -0.043,
      0.111,
      0.069,
      -0.012,
      0.037,
      -0.01,
      0.051,
      1.0,
      0.143,
      -0.068,
      0.077,
      -0.054,
      0.082,
      -0.013,
      0.048,
      -0.003,
      0.014,
      0.07,
      0.072,
      -0.023,
      0.128,
      0.078,
      0.035,
      -0.087,
      0.166,
      -0.037,
      -0.003,
      -0.086,
      0.038,
      0.099,
      -0.01,
      0.11,
      0.176,
      0.129,
      0.062,
      0.076,
      0.052,
      0.045,
      0.027,
      -0.001,
      0.062,
      0.093,
      0.044,
      0.148,
      0.213,
      0.003,
      0.11,
      0.111,
      -0.011,
      0.029,
      0.116,
      -0.018,
      -0.034,
      0.032,
      0.133,
      0.054,
      0.006,
      0.052,
      0.019,
      0.109,
      0.104,
      -0.104
    ],
    [
      0.011,
      0.103,
      0.136,
      0.157,
      0.172,
      0.048,
      0.089,
      0.143,
      1.0,
      -0.0,
      0.03,
      0.087,
      0.076,
      -0.028,
      0.079,
      0.143,
      0.059,
      0.152,
      0.112,
      0.016,
      0.13,
      0.135,
      0.112,
      -0.122,
      0.24,
      0.075,
      0.057,
      -0.01,
      0.025,
      0.185,
      0.088,
      0.2,
      0.135,
      0.273,
      0.122,
      0.1,
      0.25,
      0.143,
      -0.006,
      0.087,
      0.16,
      0.08,
      0.066,
      0.127,
      0.062,
      0.108,
      0.222,
      0.169,
      0.074,
      0.065,
      0.165,
      0.046,
      0.105,
      0.027,
      0.095,
      0.139,
      0.127,
      0.075,
      0.171,
      0.183,
      0.104,
      -0.019
    ],
    [
      -0.036,
      -0.158,
      0.197,
      0.101,
      0.014,
      -0.117,
      0.042,
      -0.068,
      -0.0,
      1.0,
      0.122,
      -0.026,
      -0.064,
      0.379,
      0.21,
      -0.113,
      0.393,
      0.098,
      -0.099,
      0.256,
      -0.216,
      0.243,
      -0.04,
      0.103,
      -0.021,
      -0.059,
      0.072,
      0.018,
      0.125,
      -0.088,
      0.145,
      -0.006,
      -0.047,
      -0.141,
      0.127,
      0.037,
      -0.034,
      0.355,
      0.294,
      0.044,
      0.052,
      0.021,
      0.152,
      -0.149,
      0.006,
      0.445,
      -0.126,
      -0.109,
      0.131,
      -0.001,
      -0.072,
      -0.081,
      0.002,
      -0.026,
      0.004,
      -0.095,
      0.366,
      -0.035,
      0.001,
      0.2,
      0.054,
      0.372
    ],
    [
      0.178,
      -0.087,
      -0.029,
      0.031,
      -0.144,
      -0.034,
      -0.088,
      0.077,
      0.03,
      0.122,
      1.0,
      0.205,
      -0.061,
      -0.065,
      0.031,
      0.183,
      0.068,
      0.075,
      -0.025,
      0.007,
      -0.07,
      0.0,
      -0.043,
      0.008,
      -0.159,
      0.011,
      -0.054,
      0.024,
      -0.061,
      -0.068,
      -0.11,
      0.004,
      0.013,
      -0.115,
      -0.025,
      0.021,
      0.138,
      -0.082,
      -0.076,
      0.029,
      -0.068,
      -0.137,
      0.133,
      -0.106,
      0.039,
      -0.063,
      -0.082,
      -0.086,
      -0.002,
      -0.062,
      -0.091,
      -0.136,
      -0.029,
      -0.152,
      -0.11,
      -0.148,
      0.005,
      -0.047,
      -0.032,
      0.301,
      -0.026,
      -0.002
    ],
    [
      0.023,
      -0.187,
      -0.05,
      -0.046,
      -0.016,
      0.046,
      -0.009,
      -0.054,
      0.087,
      -0.026,
      0.205,
      1.0,
      0.037,
      -0.137,
      0.107,
      0.113,
      -0.02,
      0.03,
      -0.002,
      0.101,
      -0.042,
      0.019,
      0.031,
      0.017,
      -0.075,
      0.057,
      0.019,
      0.042,
      -0.022,
      -0.046,
      -0.075,
      -0.014,
      0.058,
      -0.141,
      -0.08,
      -0.011,
      0.054,
      -0.058,
      -0.095,
      0.108,
      0.083,
      -0.2,
      -0.0,
      -0.178,
      -0.047,
      -0.031,
      -0.009,
      -0.02,
      -0.083,
      -0.085,
      -0.224,
      -0.019,
      -0.074,
      0.04,
      -0.011,
      -0.089,
      0.005,
      -0.002,
      0.057,
      0.132,
      0.014,
      -0.097
    ],
    [
      -0.004,
      0.081,
      0.012,
      0.088,
      0.008,
      0.175,
      0.053,
      0.082,
      0.076,
      -0.064,
      -0.061,
      0.037,
      1.0,
      -0.196,
      0.02,
      0.1,
      -0.087,
      0.164,
      0.179,
      0.006,
      0.08,
      0.071,
      0.108,
      -0.117,
      0.219,
      0.034,
      0.099,
      0.046,
      0.058,
      0.217,
      0.024,
      0.219,
      0.189,
      0.116,
      -0.141,
      0.216,
      0.142,
      -0.144,
      -0.173,
      -0.031,
      0.102,
      -0.145,
      0.091,
      -0.025,
      0.155,
      -0.054,
      0.202,
      0.288,
      -0.023,
      0.239,
      0.062,
      0.053,
      0.069,
      0.17,
      0.135,
      0.039,
      -0.029,
      0.348,
      0.074,
      0.011,
      0.133,
      -0.183
    ],
    [
      -0.007,
      0.139,
      0.334,
      0.161,
      0.192,
      0.016,
      0.255,
      -0.013,
      -0.028,
      0.379,
      -0.065,
      -0.137,
      -0.196,
      1.0,
      0.163,
      -0.081,
      0.321,
      0.157,
      0.018,
      0.189,
      0.138,
      0.146,
      0.018,
      0.06,
      -0.001,
      -0.086,
      0.162,
      0.027,
      0.31,
      -0.066,
      0.206,
      0.127,
      0.004,
      0.081,
      0.106,
      -0.005,
      -0.059,
      0.445,
      0.544,
      0.052,
      0.07,
      0.293,
      0.149,
      0.211,
      -0.061,
      0.569,
      -0.028,
      -0.093,
      0.223,
      0.053,
      0.195,
      0.029,
      0.138,
      0.036,
      0.025,
      0.158,
      0.383,
      -0.091,
      -0.019,
      0.118,
      0.14,
      0.686
    ],
    [
      -0.112,
      -0.185,
      0.302,
      0.148,
      0.058,
      0.125,
      0.221,
      0.048,
      0.079,
      0.21,
      0.031,
      0.107,
      0.02,
      0.163,
      1.0,
      -0.029,
      0.514,
      0.088,
      -0.063,
      0.373,
      0.041,
      0.229,
      -0.006,
      -0.04,
      -0.026,
      -0.098,
      0.09,
      -0.073,
      0.214,
      -0.082,
      0.138,
      0.1,
      0.045,
      -0.097,
      0.014,
      0.123,
      0.0,
      0.317,
      0.13,
      0.115,
      0.172,
      -0.077,
      -0.013,
      -0.171,
      0.054,
      0.288,
      -0.061,
      -0.01,
      0.124,
      0.092,
      -0.13,
      0.046,
      -0.043,
      -0.088,
      -0.022,
      -0.183,
      0.325,
      -0.071,
      -0.013,
      0.149,
      0.072,
      0.264
    ],
    [
      -0.013,
      0.238,
      -0.0,
      -0.006,
      0.078,
      0.148,
      0.201,
      -0.003,
      0.143,
      -0.113,
      0.183,
      0.113,
      0.1,
      -0.081,
      -0.029,
      1.0,
      -0.109,
      0.053,
      0.245,
      -0.028,
      0.173,
      0.192,
      0.158,
      -0.046,
      0.164,
      0.118,
      0.136,
      0.102,
      0.043,
      0.148,
      0.049,
      0.284,
      0.093,
      0.235,
      0.119,
      0.137,
      0.195,
      -0.137,
      -0.014,
      0.036,
      0.102,
      0.069,
      0.144,
      0.163,
      0.189,
      -0.018,
      0.216,
      0.217,
      -0.018,
      0.06,
      0.159,
      0.147,
      0.211,
      0.093,
      0.061,
      0.096,
      -0.178,
      0.202,
      0.049,
      0.053,
      0.089,
      -0.162
    ],
    [
      0.055,
      -0.16,
      0.343,
      0.188,
      0.085,
      0.058,
      0.272,
      0.014,
      0.059,
      0.393,
      0.068,
      -0.02,
      -0.087,
      0.321,
      0.514,
      -0.109,
      1.0,
      0.191,
      -0.011,
      0.35,
      -0.007,
      0.251,
      0.046,
      0.019,
      0.014,
      -0.086,
      0.063,
      -0.074,
      0.341,
      -0.077,
      0.144,
      0.139,
      -0.07,
      -0.101,
      0.053,
      0.201,
      -0.076,
      0.447,
      0.319,
      0.155,
      0.182,
      0.052,
      0.049,
      -0.113,
      0.077,
      0.461,
      -0.047,
      -0.043,
      0.2,
      0.028,
      -0.064,
      -0.034,
      -0.049,
      -0.035,
      0.095,
      -0.049,
      0.516,
      -0.052,
      -0.042,
      0.276,
      0.106,
      0.413
    ],
    [
      0.085,
      0.138,
      0.239,
      0.231,
      0.241,
      0.163,
      0.187,
      0.07,
      0.152,
      0.098,
      0.075,
      0.03,
      0.164,
      0.157,
      0.088,
      0.053,
      0.191,
      1.0,
      0.061,
      0.102,
      0.232,
      0.131,
      0.154,
      -0.292,
      0.193,
      0.08,
      0.27,
      -0.156,
      0.148,
      0.171,
      0.116,
      0.258,
      0.09,
      0.152,
      0.192,
      0.171,
      0.023,
      0.243,
      0.06,
      0.098,
      0.097,
      0.116,
      0.081,
      0.058,
      0.276,
      0.084,
      0.295,
      0.277,
      0.112,
      0.192,
      0.224,
      0.017,
      0.068,
      0.214,
      0.026,
      0.073,
      0.142,
      0.267,
      0.02,
      0.112,
      0.263,
      0.119
    ],
    [
      0.015,
      0.278,
      0.209,
      0.179,
      0.248,
      0.003,
      0.466,
      0.072,
      0.112,
      -0.099,
      -0.025,
      -0.002,
      0.179,
      0.018,
      -0.063,
      0.245,
      -0.011,
      0.061,
      1.0,
      0.074,
      0.222,
      0.338,
      0.164,
      -0.116,
      0.165,
      0.122,
      0.094,
      -0.089,
      0.3,
      0.329,
      0.156,
      0.292,
      0.072,
      0.261,
      0.178,
      0.16,
      0.136,
      -0.086,
      0.047,
      -0.002,
      0.206,
      0.176,
      0.227,
      0.214,
      0.172,
      0.072,
      0.297,
      0.272,
      0.006,
      0.138,
      0.261,
      0.055,
      0.191,
      0.136,
      0.363,
      0.39,
      0.018,
      0.17,
      0.031,
      0.212,
      0.121,
      -0.07
    ],
    [
      -0.082,
      -0.119,
      0.296,
      0.254,
      0.139,
      0.075,
      0.226,
      -0.023,
      0.016,
      0.256,
      0.007,
      0.101,
      0.006,
      0.189,
      0.373,
      -0.028,
      0.35,
      0.102,
      0.074,
      1.0,
      0.081,
      0.184,
      0.016,
      0.018,
      0.048,
      -0.014,
      0.061,
      -0.019,
      0.217,
      0.081,
      0.134,
      0.108,
      0.008,
      -0.143,
      0.028,
      0.126,
      0.033,
      0.194,
      0.253,
      0.151,
      0.221,
      -0.054,
      0.083,
      -0.065,
      0.137,
      0.373,
      0.115,
      0.131,
      0.233,
      0.101,
      -0.009,
      0.09,
      -0.028,
      -0.069,
      0.122,
      -0.094,
      0.349,
      0.067,
      0.068,
      0.281,
      0.109,
      0.248
    ],
    [
      0.055,
      0.309,
      0.237,
      0.238,
      0.416,
      0.047,
      0.346,
      0.128,
      0.13,
      -0.216,
      -0.07,
      -0.042,
      0.08,
      0.138,
      0.041,
      0.173,
      -0.007,
      0.232,
      0.222,
      0.081,
      1.0,
      0.156,
      0.111,
      -0.155,
      0.183,
      0.017,
      0.098,
      -0.039,
      0.208,
      0.236,
      0.193,
      0.125,
      0.128,
      0.248,
      0.247,
      0.018,
      0.116,
      0.085,
      0.089,
      0.098,
      0.085,
      0.275,
      0.106,
      0.278,
      0.21,
      0.111,
      0.259,
      0.159,
      0.077,
      0.083,
      0.249,
      0.083,
      0.175,
      0.216,
      0.057,
      0.372,
      -0.011,
      0.09,
      0.068,
      0.061,
      0.23,
      0.089
    ],
    [
      -0.023,
      0.213,
      0.376,
      0.208,
      0.252,
      0.034,
      0.408,
      0.078,
      0.135,
      0.243,
      0.0,
      0.019,
      0.071,
      0.146,
      0.229,
      0.192,
      0.251,
      0.131,
      0.338,
      0.184,
      0.156,
      1.0,
      0.169,
      -0.122,
      0.245,
      0.153,
      0.167,
      -0.028,
      0.303,
      0.254,
      0.296,
      0.316,
      0.237,
      0.181,
      0.199,
      0.175,
      0.16,
      0.116,
      0.131,
      0.038,
      0.335,
      0.204,
      0.278,
      0.174,
      0.203,
      0.213,
      0.24,
      0.188,
      0.131,
      0.074,
      0.3,
      0.026,
      0.247,
      0.113,
      0.324,
      0.275,
      0.128,
      0.127,
      0.076,
      0.314,
      0.212,
      0.08
    ],
    [
      -0.014,
      0.401,
      0.087,
      0.182,
      0.128,
      0.118,
      0.227,
      0.035,
      0.112,
      -0.04,
      -0.043,
      0.031,
      0.108,
      0.018,
      -0.006,
      0.158,
      0.046,
      0.154,
      0.164,
      0.016,
      0.111,
      0.169,
      1.0,
      -0.187,
      0.275,
      0.088,
      0.28,
      -0.151,
      0.051,
      0.326,
      0.049,
      0.385,
      0.165,
      0.462,
      0.205,
      0.213,
      0.055,
      0.115,
      0.07,
      -0.009,
      -0.054,
      0.21,
      0.147,
      0.332,
      0.342,
      0.029,
      0.402,
      0.382,
      0.021,
      0.181,
      0.439,
      0.025,
      0.149,
      0.313,
      0.08,
      0.243,
      0.066,
      0.201,
      0.096,
      0.087,
      0.275,
      -0.017
    ],
    [
      -0.088,
      -0.191,
      -0.163,
      -0.128,
      -0.079,
      -0.17,
      -0.16,
      -0.087,
      -0.122,
      0.103,
      0.008,
      0.017,
      -0.117,
      0.06,
      -0.04,
      -0.046,
      0.019,
      -0.292,
      -0.116,
      0.018,
      -0.155,
      -0.122,
      -0.187,
      1.0,
      -0.261,
      -0.109,
      -0.191,
      0.368,
      -0.044,
      -0.226,
      0.004,
      -0.24,
      -0.136,
      -0.224,
      -0.178,
      -0.119,
      -0.106,
      -0.046,
      0.021,
      0.026,
      0.051,
      -0.04,
      -0.088,
      -0.13,
      -0.286,
      -0.022,
      -0.424,
      -0.411,
      -0.044,
      -0.195,
      -0.24,
      0.001,
      -0.132,
      -0.198,
      -0.106,
      -0.135,
      0.077,
      -0.302,
      -0.001,
      -0.053,
      -0.25,
      0.059
    ],
    [
      0.121,
      0.317,
      0.225,
      0.141,
      0.142,
      0.153,
      0.229,
      0.166,
      0.24,
      -0.021,
      -0.159,
      -0.075,
      0.219,
      -0.001,
      -0.026,
      0.164,
      0.014,
      0.193,
      0.165,
      0.048,
      0.183,
      0.245,
      0.275,
      -0.261,
      1.0,
      0.133,
      0.297,
      -0.149,
      0.165,
      0.449,
      0.094,
      0.437,
      0.302,
      0.29,
      0.093,
      0.238,
      0.155,
      0.006,
      0.067,
      -0.068,
      0.155,
      0.058,
      0.129,
      0.225,
      0.38,
      0.029,
      0.492,
      0.432,
      -0.085,
      0.276,
      0.432,
      0.012,
      0.094,
      0.231,
      0.184,
      0.166,
      0.064,
      0.431,
      0.222,
      0.146,
      0.363,
      -0.084
    ],
    [
      -0.033,
      0.116,
      0.085,
      0.082,
      0.092,
      0.035,
      0.093,
      -0.037,
      0.075,
      -0.059,
      0.011,
      0.057,
      0.034,
      -0.086,
      -0.098,
      0.118,
      -0.086,
      0.08,
      0.122,
      -0.014,
      0.017,
      0.153,
      0.088,
      -0.109,
      0.133,
      1.0,
      -0.058,
      -0.011,
      -0.0,
      0.095,
      0.082,
      0.118,
      -0.002,
      0.116,
      0.055,
      0.022,
      0.071,
      -0.045,
      -0.088,
      -0.017,
      0.08,
      0.08,
      0.049,
      0.037,
      -0.048,
      -0.073,
      0.133,
      0.172,
      -0.058,
      0.038,
      0.074,
      0.036,
      0.071,
      0.058,
      0.099,
      0.112,
      -0.087,
      0.054,
      -0.016,
      -0.082,
      -0.0,
      -0.084
    ],
    [
      0.136,
      0.237,
      0.075,
      0.217,
      0.117,
      0.088,
      0.12,
      -0.003,
      0.057,
      0.072,
      -0.054,
      0.019,
      0.099,
      0.162,
      0.09,
      0.136,
      0.063,
      0.27,
      0.094,
      0.061,
      0.098,
      0.167,
      0.28,
      -0.191,
      0.297,
      -0.058,
      1.0,
      -0.121,
      0.112,
      0.163,
      0.129,
      0.332,
      0.155,
      0.243,
      0.1,
      0.289,
      -0.05,
      0.123,
      0.13,
      0.042,
      -0.128,
      0.042,
      0.118,
      0.21,
      0.331,
      0.044,
      0.266,
      0.204,
      -0.046,
      0.168,
      0.208,
      0.114,
      0.195,
      0.356,
      -0.001,
      0.076,
      0.014,
      0.307,
      0.06,
      0.056,
      0.301,
      0.084
    ],
    [
      -0.106,
      -0.091,
      -0.026,
      -0.105,
      0.01,
      -0.131,
      -0.099,
      -0.086,
      -0.01,
      0.018,
      0.024,
      0.042,
      0.046,
      0.027,
      -0.073,
      0.102,
      -0.074,
      -0.156,
      -0.089,
      -0.019,
      -0.039,
      -0.028,
      -0.151,
      0.368,
      -0.149,
      -0.011,
      -0.121,
      1.0,
      0.038,
      -0.163,
      -0.043,
      -0.14,
      -0.078,
      -0.139,
      -0.126,
      -0.078,
      -0.087,
      -0.089,
      -0.029,
      0.06,
      0.133,
      -0.053,
      0.002,
      -0.124,
      -0.204,
      -0.043,
      -0.213,
      -0.267,
      -0.018,
      -0.051,
      -0.147,
      -0.015,
      -0.067,
      -0.149,
      0.033,
      -0.023,
      -0.096,
      -0.221,
      -0.043,
      -0.062,
      -0.185,
      -0.022
    ],
    [
      -0.074,
      0.031,
      0.44,
      0.323,
      0.25,
      0.032,
      0.694,
      0.038,
      0.025,
      0.125,
      -0.061,
      -0.022,
      0.058,
      0.31,
      0.214,
      0.043,
      0.341,
      0.148,
      0.3,
      0.217,
      0.208,
      0.303,
      0.051,
      -0.044,
      0.165,
      -0.0,
      0.112,
      0.038,
      1.0,
      0.134,
      0.268,
      0.123,
      0.019,
      0.025,
      0.146,
      0.119,
      -0.028,
      0.257,
      0.163,
      0.029,
      0.304,
      0.198,
      0.162,
      0.07,
      0.071,
      0.296,
      0.18,
      0.214,
      0.161,
      0.15,
      0.056,
      -0.109,
      0.077,
      0.121,
      0.258,
      0.248,
      0.238,
      0.036,
      0.034,
      0.208,
      0.214,
      0.224
    ],
    [
      0.013,
      0.415,
      0.158,
      0.193,
      0.141,
      0.082,
      0.247,
      0.099,
      0.185,
      -0.088,
      -0.068,
      -0.046,
      0.217,
      -0.066,
      -0.082,
      0.148,
      -0.077,
      0.171,
      0.329,
      0.081,
      0.236,
      0.254,
      0.326,
      -0.226,
      0.449,
      0.095,
      0.163,
      -0.163,
      0.134,
      1.0,
      0.153,
      0.446,
      0.266,
      0.413,
      0.227,
      0.274,
      0.108,
      -0.019,
      -0.077,
      -0.08,
      0.1,
      0.125,
      0.163,
      0.4,
      0.416,
      -0.098,
      0.669,
      0.575,
      -0.053,
      0.293,
      0.529,
      0.118,
      0.226,
      0.218,
      0.213,
      0.334,
      -0.039,
      0.427,
      0.127,
      0.147,
      0.34,
      -0.143
    ],
    [
      -0.004,
      0.09,
      0.306,
      0.22,
      0.248,
      0.01,
      0.311,
      -0.01,
      0.088,
      0.145,
      -0.11,
      -0.075,
      0.024,
      0.206,
      0.138,
      0.049,
      0.144,
      0.116,
      0.156,
      0.134,
      0.193,
      0.296,
      0.049,
      0.004,
      0.094,
      0.082,
      0.129,
      -0.043,
      0.268,
      0.153,
      1.0,
      0.178,
      0.084,
      0.084,
      0.219,
      0.127,
      0.014,
      0.222,
      0.188,
      0.06,
      0.212,
      0.228,
      0.157,
      0.161,
      0.083,
      0.244,
      0.206,
      0.186,
      0.15,
      0.14,
      0.205,
      0.066,
      0.254,
      0.144,
      0.183,
      0.133,
      0.229,
      0.054,
      0.091,
      0.165,
      0.216,
      0.145
    ],
    [
      0.11,
      0.376,
      0.189,
      0.307,
      0.137,
      0.14,
      0.244,
      0.11,
      0.2,
      -0.006,
      0.004,
      -0.014,
      0.219,
      0.127,
      0.1,
      0.284,
      0.139,
      0.258,
      0.292,
      0.108,
      0.125,
      0.316,
      0.385,
      -0.24,
      0.437,
      0.118,
      0.332,
      -0.14,
      0.123,
      0.446,
      0.178,
      1.0,
      0.243,
      0.361,
      0.134,
      0.38,
      0.095,
      0.074,
      0.074,
      -0.038,
      0.067,
      0.121,
      0.199,
      0.306,
      0.398,
      0.092,
      0.554,
      0.496,
      0.002,
      0.348,
      0.471,
      0.095,
      0.204,
      0.291,
      0.221,
      0.144,
      0.098,
      0.429,
      0.145,
      0.174,
      0.357,
      0.045
    ],
    [
      -0.005,
      0.249,
      0.051,
      0.034,
      0.04,
      0.232,
      0.102,
      0.176,
      0.135,
      -0.047,
      0.013,
      0.058,
      0.189,
      0.004,
      0.045,
      0.093,
      -0.07,
      0.09,
      0.072,
      0.008,
      0.128,
      0.237,
      0.165,
      -0.136,
      0.302,
      -0.002,
      0.155,
      -0.078,
      0.019,
      0.266,
      0.084,
      0.243,
      1.0,
      0.193,
      0.106,
      0.193,
      0.215,
      -0.029,
      -0.045,
      0.003,
      0.021,
      0.069,
      0.129,
      0.252,
      0.291,
      -0.104,
      0.29,
      0.289,
      -0.057,
      0.134,
      0.253,
      0.084,
      0.159,
      0.165,
      0.083,
      0.127,
      -0.069,
      0.213,
      0.153,
      0.021,
      0.18,
      -0.061
    ],
    [
      -0.025,
      0.717,
      0.1,
      0.125,
      0.218,
      0.094,
      0.23,
      0.129,
      0.273,
      -0.141,
      -0.115,
      -0.141,
      0.116,
      0.081,
      -0.097,
      0.235,
      -0.101,
      0.152,
      0.261,
      -0.143,
      0.248,
      0.181,
      0.462,
      -0.224,
      0.29,
      0.116,
      0.243,
      -0.139,
      0.025,
      0.413,
      0.084,
      0.361,
      0.193,
      1.0,
      0.248,
      0.083,
      0.111,
      0.017,
      0.13,
      -0.095,
      -0.122,
      0.379,
      0.112,
      0.615,
      0.329,
      0.056,
      0.443,
      0.292,
      -0.026,
      0.278,
      0.712,
      0.083,
      0.216,
      0.322,
      0.123,
      0.461,
      -0.142,
      0.247,
      0.093,
      0.026,
      0.188,
      0.002
    ],
    [
      0.016,
      0.272,
      0.33,
      0.277,
      0.454,
      0.096,
      0.25,
      0.062,
      0.122,
      0.127,
      -0.025,
      -0.08,
      -0.141,
      0.106,
      0.014,
      0.119,
      0.053,
      0.192,
      0.178,
      0.028,
      0.247,
      0.199,
      0.205,
      -0.178,
      0.093,
      0.055,
      0.1,
      -0.126,
      0.146,
      0.227,
      0.219,
      0.134,
      0.106,
      0.248,
      1.0,
      0.099,
      0.035,
      0.31,
      0.143,
      0.073,
      0.172,
      0.336,
      0.24,
      0.251,
      0.194,
      0.076,
      0.24,
      0.213,
      0.109,
      0.025,
      0.255,
      0.029,
      0.082,
      0.166,
      0.078,
      0.231,
      0.116,
      -0.007,
      -0.003,
      0.178,
      0.147,
      0.014
    ],
    [
      0.077,
      0.072,
      0.127,
      0.228,
      0.076,
      0.108,
      0.107,
      0.076,
      0.1,
      0.037,
      0.021,
      -0.011,
      0.216,
      -0.005,
      0.123,
      0.137,
      0.201,
      0.171,
      0.16,
      0.126,
      0.018,
      0.175,
      0.213,
      -0.119,
      0.238,
      0.022,
      0.289,
      -0.078,
      0.119,
      0.274,
      0.127,
      0.38,
      0.193,
      0.083,
      0.099,
      1.0,
      0.129,
      0.087,
      -0.004,
      -0.044,
      0.104,
      -0.048,
      0.161,
      0.12,
      0.298,
      0.064,
      0.339,
      0.334,
      0.095,
      0.114,
      0.16,
      0.037,
      0.142,
      0.223,
      0.242,
      0.026,
      0.063,
      0.385,
      0.084,
      0.184,
      0.321,
      0.002
    ],
    [
      0.138,
      0.093,
      0.148,
      -0.033,
      0.06,
      0.055,
      0.039,
      0.052,
      0.25,
      -0.034,
      0.138,
      0.054,
      0.142,
      -0.059,
      0.0,
      0.195,
      -0.076,
      0.023,
      0.136,
      0.033,
      0.116,
      0.16,
      0.055,
      -0.106,
      0.155,
      0.071,
      -0.05,
      -0.087,
      -0.028,
      0.108,
      0.014,
      0.095,
      0.215,
      0.111,
      0.035,
      0.129,
      1.0,
      -0.032,
      -0.33,
      0.047,
      0.076,
      -0.006,
      0.063,
      0.138,
      0.125,
      0.033,
      0.173,
      0.126,
      -0.04,
      0.01,
      0.129,
      0.029,
      0.143,
      0.099,
      0.151,
      -0.003,
      0.008,
      0.153,
      0.046,
      0.124,
      0.13,
      -0.077
    ],
    [
      -0.014,
      -0.101,
      0.32,
      0.222,
      0.325,
      0.056,
      0.28,
      0.045,
      0.143,
      0.355,
      -0.082,
      -0.058,
      -0.144,
      0.445,
      0.317,
      -0.137,
      0.447,
      0.243,
      -0.086,
      0.194,
      0.085,
      0.116,
      0.115,
      -0.046,
      0.006,
      -0.045,
      0.123,
      -0.089,
      0.257,
      -0.019,
      0.222,
      0.074,
      -0.029,
      0.017,
      0.31,
      0.087,
      -0.032,
      1.0,
      0.358,
      0.217,
      0.11,
      0.296,
      0.074,
      0.06,
      -0.033,
      0.361,
      0.064,
      0.005,
      0.209,
      0.037,
      0.069,
      0.068,
      0.141,
      0.145,
      0.027,
      0.117,
      0.517,
      -0.029,
      0.026,
      0.119,
      0.21,
      0.445
    ],
    [
      0.002,
      0.115,
      0.239,
      0.135,
      0.196,
      -0.014,
      0.229,
      0.027,
      -0.006,
      0.294,
      -0.076,
      -0.095,
      -0.173,
      0.544,
      0.13,
      -0.014,
      0.319,
      0.06,
      0.047,
      0.253,
      0.089,
      0.131,
      0.07,
      0.021,
      0.067,
      -0.088,
      0.13,
      -0.029,
      0.163,
      -0.077,
      0.188,
      0.074,
      -0.045,
      0.13,
      0.143,
      -0.004,
      -0.33,
      0.358,
      1.0,
      0.056,
      0.056,
      0.261,
      0.188,
      0.143,
      -0.011,
      0.467,
      -0.017,
      -0.083,
      0.246,
      0.082,
      0.176,
      -0.027,
      0.045,
      0.019,
      0.03,
      0.204,
      0.345,
      -0.089,
      -0.007,
      0.123,
      0.05,
      0.482
    ],
    [
      0.059,
      -0.107,
      0.146,
      0.131,
      0.24,
      0.15,
      0.041,
      -0.001,
      0.087,
      0.044,
      0.029,
      0.108,
      -0.031,
      0.052,
      0.115,
      0.036,
      0.155,
      0.098,
      -0.002,
      0.151,
      0.098,
      0.038,
      -0.009,
      0.026,
      -0.068,
      -0.017,
      0.042,
      0.06,
      0.029,
      -0.08,
      0.06,
      -0.038,
      0.003,
      -0.095,
      0.073,
      -0.044,
      0.047,
      0.217,
      0.056,
      1.0,
      0.054,
      0.007,
      0.031,
      0.039,
      -0.012,
      0.111,
      -0.082,
      -0.001,
      0.345,
      0.023,
      -0.066,
      0.011,
      0.106,
      0.004,
      -0.062,
      -0.004,
      0.124,
      -0.059,
      -0.074,
      0.04,
      0.015,
      0.034
    ],
    [
      -0.021,
      -0.129,
      0.383,
      0.179,
      0.161,
      0.072,
      0.28,
      0.062,
      0.16,
      0.052,
      -0.068,
      0.083,
      0.102,
      0.07,
      0.172,
      0.102,
      0.182,
      0.097,
      0.206,
      0.221,
      0.085,
      0.335,
      -0.054,
      0.051,
      0.155,
      0.08,
      -0.128,
      0.133,
      0.304,
      0.1,
      0.212,
      0.067,
      0.021,
      -0.122,
      0.172,
      0.104,
      0.076,
      0.11,
      0.056,
      0.054,
      1.0,
      0.035,
      0.146,
      -0.085,
      0.029,
      0.113,
      0.134,
      0.151,
      0.127,
      0.11,
      -0.017,
      0.084,
      -0.009,
      -0.068,
      0.272,
      0.119,
      0.193,
      0.029,
      0.057,
      0.171,
      0.133,
      0.072
    ],
    [
      -0.133,
      0.329,
      0.151,
      0.168,
      0.285,
      -0.014,
      0.351,
      0.093,
      0.08,
      0.021,
      -0.137,
      -0.2,
      -0.145,
      0.293,
      -0.077,
      0.069,
      0.052,
      0.116,
      0.176,
      -0.054,
      0.275,
      0.204,
      0.21,
      -0.04,
      0.058,
      0.08,
      0.042,
      -0.053,
      0.198,
      0.125,
      0.228,
      0.121,
      0.069,
      0.379,
      0.336,
      -0.048,
      -0.006,
      0.296,
      0.261,
      0.007,
      0.035,
      1.0,
      0.168,
      0.403,
      0.084,
      0.135,
      0.138,
      0.017,
      0.068,
      0.056,
      0.398,
      0.1,
      0.213,
      0.237,
      0.154,
      0.63,
      0.065,
      -0.075,
      0.026,
      -0.026,
      0.136,
      0.131
    ],
    [
      0.051,
      0.122,
      0.238,
      0.209,
      0.187,
      0.1,
      0.208,
      0.044,
      0.066,
      0.152,
      0.133,
      -0.0,
      0.091,
      0.149,
      -0.013,
      0.144,
      0.049,
      0.081,
      0.227,
      0.083,
      0.106,
      0.278,
      0.147,
      -0.088,
      0.129,
      0.049,
      0.118,
      0.002,
      0.162,
      0.163,
      0.157,
      0.199,
      0.129,
      0.112,
      0.24,
      0.161,
      0.063,
      0.074,
      0.188,
      0.031,
      0.146,
      0.168,
      1.0,
      0.062,
      0.118,
      0.203,
      0.117,
      0.121,
      0.175,
      0.042,
      0.121,
      -0.071,
      0.074,
      0.111,
      0.091,
      0.186,
      0.151,
      0.074,
      0.013,
      0.352,
      0.075,
      0.113
    ],
    [
      0.039,
      0.71,
      0.052,
      0.182,
      0.292,
      0.057,
      0.249,
      0.148,
      0.127,
      -0.149,
      -0.106,
      -0.178,
      -0.025,
      0.211,
      -0.171,
      0.163,
      -0.113,
      0.058,
      0.214,
      -0.065,
      0.278,
      0.174,
      0.332,
      -0.13,
      0.225,
      0.037,
      0.21,
      -0.124,
      0.07,
      0.4,
      0.161,
      0.306,
      0.252,
      0.615,
      0.251,
      0.12,
      0.138,
      0.06,
      0.143,
      0.039,
      -0.085,
      0.403,
      0.062,
      1.0,
      0.291,
      0.048,
      0.328,
      0.224,
      0.025,
      0.162,
      0.687,
      0.12,
      0.295,
      0.29,
      0.162,
      0.462,
      -0.102,
      0.154,
      0.168,
      -0.032,
      0.266,
      0.026
    ],
    [
      0.091,
      0.335,
      0.136,
      0.242,
      0.101,
      0.206,
      0.189,
      0.213,
      0.062,
      0.006,
      0.039,
      -0.047,
      0.155,
      -0.061,
      0.054,
      0.189,
      0.077,
      0.276,
      0.172,
      0.137,
      0.21,
      0.203,
      0.342,
      -0.286,
      0.38,
      -0.048,
      0.331,
      -0.204,
      0.071,
      0.416,
      0.083,
      0.398,
      0.291,
      0.329,
      0.194,
      0.298,
      0.125,
      -0.033,
      -0.011,
      -0.012,
      0.029,
      0.084,
      0.118,
      0.291,
      1.0,
      -0.011,
      0.448,
      0.418,
      -0.047,
      0.358,
      0.425,
      0.103,
      0.103,
      0.321,
      0.227,
      0.195,
      0.011,
      0.349,
      0.036,
      0.117,
      0.321,
      -0.081
    ],
    [
      -0.019,
      0.004,
      0.423,
      0.228,
      0.251,
      0.012,
      0.297,
      0.003,
      0.108,
      0.445,
      -0.063,
      -0.031,
      -0.054,
      0.569,
      0.288,
      -0.018,
      0.461,
      0.084,
      0.072,
      0.373,
      0.111,
      0.213,
      0.029,
      -0.022,
      0.029,
      -0.073,
      0.044,
      -0.043,
      0.296,
      -0.098,
      0.244,
      0.092,
      -0.104,
      0.056,
      0.076,
      0.064,
      0.033,
      0.361,
      0.467,
      0.111,
      0.113,
      0.135,
      0.203,
      0.048,
      -0.011,
      1.0,
      -0.073,
      -0.058,
      0.276,
      0.014,
      0.095,
      0.029,
      0.025,
      0.045,
      0.103,
      0.083,
      0.444,
      -0.05,
      0.055,
      0.229,
      0.128,
      0.568
    ],
    [
      0.024,
      0.42,
      0.223,
      0.219,
      0.211,
      0.153,
      0.304,
      0.11,
      0.222,
      -0.126,
      -0.082,
      -0.009,
      0.202,
      -0.028,
      -0.061,
      0.216,
      -0.047,
      0.295,
      0.297,
      0.115,
      0.259,
      0.24,
      0.402,
      -0.424,
      0.492,
      0.133,
      0.266,
      -0.213,
      0.18,
      0.669,
      0.206,
      0.554,
      0.29,
      0.443,
      0.24,
      0.339,
      0.173,
      0.064,
      -0.017,
      -0.082,
      0.134,
      0.138,
      0.117,
      0.328,
      0.448,
      -0.073,
      1.0,
      0.718,
      -0.057,
      0.307,
      0.558,
      0.115,
      0.212,
      0.309,
      0.252,
      0.282,
      -0.069,
      0.506,
      0.135,
      0.181,
      0.418,
      -0.106
    ],
    [
      0.019,
      0.344,
      0.213,
      0.331,
      0.16,
      0.254,
      0.275,
      0.111,
      0.169,
      -0.109,
      -0.086,
      -0.02,
      0.288,
      -0.093,
      -0.01,
      0.217,
      -0.043,
      0.277,
      0.272,
      0.131,
      0.159,
      0.188,
      0.382,
      -0.411,
      0.432,
      0.172,
      0.204,
