{
  "meta": {
    "generated_at": "2026-06-16T12:28:30+00:00",
    "n_tickers": 57,
    "n_clusters": 0,
    "redundant_threshold": 0.75
  },
  "tickers": [
    "NTO",
    "ABBNE",
    "ABNB",
    "ADYEN",
    "AMZN",
    "BFIT",
    "BN",
    "CBAV",
    "CELH",
    "CHKP",
    "COR",
    "COST",
    "CPR",
    "CRWD",
    "CSU",
    "DNP",
    "DSGX",
    "EVD",
    "FERG",
    "FICO",
    "GOOG",
    "GRMN",
    "HLMA",
    "IPCO",
    "ITX",
    "JDG",
    "JFN",
    "KIST",
    "KKR",
    "KRX",
    "KSPI",
    "LIFCO B",
    "LOTB",
    "LR",
    "MNST",
    "MSFT",
    "NFLX",
    "NVDA",
    "OTLY",
    "PRY",
    "RAA",
    "S",
    "SGO",
    "SIKA",
    "SPOT",
    "STMN",
    "SU",
    "TFF",
    "TFPM",
    "TGYM",
    "TREX",
    "TSM",
    "VEEV",
    "VID",
    "VRLA",
    "VLTO",
    "ZS"
  ],
  "matrix_1y": [
    [
      1.0,
      0.077,
      -0.141,
      0.016,
      0.032,
      -0.041,
      -0.04,
      -0.019,
      0.023,
      -0.025,
      0.202,
      0.013,
      -0.057,
      0.002,
      -0.102,
      -0.009,
      0.074,
      0.064,
      0.038,
      -0.092,
      0.03,
      -0.039,
      0.004,
      -0.085,
      0.083,
      -0.039,
      0.122,
      -0.08,
      -0.056,
      -0.009,
      0.005,
      0.109,
      -0.016,
      0.008,
      0.121,
      0.036,
      0.101,
      -0.081,
      0.008,
      0.055,
      0.063,
      -0.021,
      0.039,
      0.033,
      0.072,
      -0.022,
      0.088,
      -0.003,
      -0.046,
      0.063,
      -0.138,
      0.003,
      0.035,
      0.065,
      -0.11,
      0.154,
      -0.016
    ],
    [
      0.077,
      1.0,
      0.167,
      0.191,
      0.262,
      0.145,
      0.28,
      0.093,
      0.117,
      -0.139,
      -0.021,
      -0.09,
      0.119,
      0.076,
      -0.081,
      0.28,
      -0.064,
      0.177,
      0.26,
      -0.084,
      0.29,
      0.29,
      0.4,
      -0.162,
      0.366,
      0.087,
      0.252,
      -0.111,
      0.067,
      0.442,
      0.126,
      0.446,
      0.254,
      0.761,
      0.123,
      -0.003,
      -0.018,
      0.326,
      0.199,
      0.712,
      0.35,
      -0.004,
      0.509,
      0.373,
      0.067,
      0.253,
      0.795,
      0.077,
      0.16,
      0.305,
      0.182,
      0.45,
      -0.141,
      0.268,
      0.107,
      0.096,
      -0.045
    ],
    [
      -0.141,
      0.167,
      1.0,
      0.317,
      0.364,
      0.093,
      0.465,
      0.085,
      0.102,
      0.192,
      -0.016,
      -0.033,
      0.014,
      0.329,
      0.314,
      0.016,
      0.36,
      0.209,
      0.231,
      0.285,
      0.232,
      0.412,
      0.093,
      -0.128,
      0.217,
      0.062,
      0.055,
      -0.056,
      0.467,
      0.169,
      0.277,
      0.13,
      0.074,
      0.14,
      0.14,
      0.299,
      0.11,
      0.15,
      0.291,
      0.082,
      0.145,
      0.404,
      0.231,
      0.192,
      0.21,
      0.217,
      0.244,
      0.035,
      0.035,
      0.152,
      0.268,
      0.182,
      0.376,
      0.007,
      0.009,
      0.368,
      0.309
    ],
    [
      0.016,
      0.191,
      0.317,
      1.0,
      0.269,
      0.184,
      0.202,
      -0.043,
      0.135,
      0.134,
      0.058,
      -0.023,
      0.058,
      0.198,
      0.175,
      0.032,
      0.206,
      0.216,
      0.184,
      0.259,
      0.223,
      0.217,
      0.168,
      -0.102,
      0.137,
      0.032,
      0.252,
      -0.135,
      0.296,
      0.171,
      0.203,
      0.298,
      0.032,
      0.162,
      -0.046,
      0.217,
      0.131,
      0.171,
      0.199,
      0.219,
      0.229,
      0.252,
      0.226,
      0.306,
      0.288,
      0.341,
      0.287,
      0.048,
      0.229,
      0.286,
      0.082,
      0.26,
      0.328,
      0.178,
      0.056,
      0.204,
      0.178
    ],
    [
      0.032,
      0.262,
      0.364,
      0.269,
      1.0,
      0.082,
      0.36,
      0.036,
      0.17,
      -0.003,
      -0.119,
      -0.008,
      -0.002,
      0.177,
      0.071,
      0.109,
      0.086,
      0.228,
      0.256,
      0.124,
      0.402,
      0.263,
      0.124,
      -0.051,
      0.159,
      0.072,
      0.102,
      -0.013,
      0.261,
      0.179,
      0.262,
      0.149,
      0.063,
      0.274,
      0.051,
      0.285,
      0.224,
      0.294,
      0.196,
      0.346,
      0.143,
      0.218,
      0.265,
      0.179,
      0.163,
      0.165,
      0.286,
      0.119,
      0.115,
      0.187,
      0.197,
      0.333,
      0.179,
      0.052,
      0.07,
      0.105,
      0.088
    ],
    [
      -0.041,
      0.145,
      0.093,
      0.184,
      0.082,
      1.0,
      0.07,
      -0.029,
      0.042,
      -0.126,
      -0.021,
      0.062,
      0.164,
      0.016,
      0.14,
      0.154,
      0.065,
      0.164,
      -0.002,
      0.052,
      0.052,
      0.029,
      0.106,
      -0.164,
      0.132,
      0.006,
      0.078,
      -0.154,
      0.049,
      0.112,
      0.03,
      0.138,
      0.214,
      0.143,
      0.021,
      0.067,
      0.149,
      0.016,
      0.063,
      0.099,
      0.217,
      0.014,
      0.18,
      0.262,
      0.173,
      0.169,
      0.088,
      0.039,
      0.051,
      0.157,
      0.068,
      0.009,
      0.055,
      0.336,
      0.059,
      0.002,
      -0.012
    ],
    [
      -0.04,
      0.28,
      0.465,
      0.202,
      0.36,
      0.07,
      1.0,
      0.058,
      0.089,
      0.043,
      -0.077,
      -0.017,
      0.06,
      0.236,
      0.265,
      0.19,
      0.308,
      0.162,
      0.485,
      0.235,
      0.322,
      0.436,
      0.204,
      -0.151,
      0.23,
      0.07,
      0.102,
      -0.073,
      0.703,
      0.234,
      0.305,
      0.23,
      0.111,
      0.255,
      0.032,
      0.283,
      0.035,
      0.353,
      0.282,
      0.26,
      0.192,
      0.296,
      0.289,
      0.263,
      0.128,
      0.188,
      0.253,
      -0.027,
      0.135,
      0.179,
      0.334,
      0.435,
      0.202,
      0.137,
      0.086,
      0.196,
      0.172
    ],
    [
      -0.019,
      0.093,
      0.085,
      -0.043,
      0.036,
      -0.029,
      0.058,
      1.0,
      0.125,
      -0.055,
      0.091,
      -0.036,
      0.105,
      0.011,
      0.049,
      0.054,
      0.017,
      0.061,
      0.107,
      -0.027,
      0.118,
      0.061,
      0.028,
      -0.096,
      0.143,
      -0.047,
      -0.002,
      -0.074,
      0.033,
      0.07,
      -0.006,
      0.064,
      0.153,
      0.116,
      0.056,
      0.034,
      0.01,
      0.076,
      0.077,
      0.11,
      0.202,
      0.014,
      0.083,
      0.054,
      0.018,
      -0.011,
      0.087,
      0.042,
      -0.018,
      0.041,
      0.106,
      0.04,
      0.011,
      0.047,
      -0.008,
      0.137,
      -0.108
    ],
    [
      0.023,
      0.117,
      0.102,
      0.135,
      0.17,
      0.042,
      0.089,
      0.125,
      1.0,
      -0.029,
      0.042,
      0.088,
      0.079,
      -0.05,
      0.087,
      0.15,
      0.037,
      0.13,
      0.142,
      0.001,
      0.126,
      0.143,
      0.105,
      -0.116,
      0.24,
      0.069,
      0.045,
      -0.049,
      0.035,
      0.181,
      0.066,
      0.16,
      0.136,
      0.293,
      0.232,
      0.125,
      0.059,
      0.111,
      0.023,
      0.154,
      0.048,
      0.091,
      0.241,
      0.156,
      0.057,
      0.051,
      0.179,
      0.067,
      0.078,
      0.005,
      0.095,
      0.207,
      0.097,
      0.06,
      0.179,
      0.157,
      -0.035
    ],
    [
      -0.025,
      -0.139,
      0.192,
      0.134,
      -0.003,
      -0.126,
      0.043,
      -0.055,
      -0.029,
      1.0,
      0.105,
      -0.035,
      -0.068,
      0.374,
      0.193,
      -0.114,
      0.355,
      0.115,
      -0.103,
      0.216,
      -0.197,
      0.228,
      -0.034,
      0.1,
      -0.021,
      -0.031,
      0.048,
      0.022,
      0.131,
      -0.066,
      0.14,
      -0.101,
      -0.037,
      -0.12,
      -0.045,
      0.342,
      0.034,
      0.064,
      0.16,
      -0.137,
      0.005,
      0.429,
      -0.116,
      -0.126,
      0.121,
      0.013,
      -0.057,
      -0.037,
      0.008,
      -0.04,
      -0.004,
      -0.065,
      0.333,
      -0.085,
      -0.025,
      0.15,
      0.349
    ],
    [
      0.202,
      -0.021,
      -0.016,
      0.058,
      -0.119,
      -0.021,
      -0.077,
      0.091,
      0.042,
      0.105,
      1.0,
      0.156,
      -0.083,
      -0.032,
      -0.014,
      0.17,
      0.032,
      0.071,
      -0.015,
      -0.022,
      -0.026,
      -0.018,
      -0.033,
      -0.019,
      -0.157,
      0.009,
      -0.061,
      0.041,
      -0.048,
      -0.055,
      -0.109,
      -0.024,
      0.033,
      -0.068,
      0.132,
      -0.108,
      0.026,
      -0.108,
      0.149,
      -0.066,
      0.052,
      -0.05,
      -0.08,
      -0.08,
      0.02,
      -0.022,
      -0.031,
      -0.117,
      0.01,
      -0.155,
      -0.136,
      -0.087,
      -0.026,
      -0.068,
      -0.039,
      0.258,
      0.011
    ],
    [
      0.013,
      -0.09,
      -0.033,
      -0.023,
      -0.008,
      0.062,
      -0.017,
      -0.036,
      0.088,
      -0.035,
      0.156,
      1.0,
      0.012,
      -0.096,
      0.048,
      0.091,
      -0.089,
      0.009,
      -0.01,
      0.088,
      -0.023,
      -0.007,
      0.032,
      -0.029,
      -0.035,
      0.085,
      -0.008,
      0.032,
      -0.025,
      -0.023,
      -0.093,
      -0.049,
      0.077,
      -0.073,
      0.07,
      -0.107,
      0.101,
      -0.203,
      -0.017,
      -0.153,
      -0.028,
      0.001,
      0.001,
      0.003,
      -0.066,
      0.004,
      -0.168,
      -0.044,
      -0.045,
      -0.0,
      -0.026,
      -0.051,
      -0.056,
      -0.012,
      0.039,
      0.109,
      -0.081
    ],
    [
      -0.057,
      0.119,
      0.014,
      0.058,
      -0.002,
      0.164,
      0.06,
      0.105,
      0.079,
      -0.068,
      -0.083,
      0.012,
      1.0,
      -0.202,
      -0.001,
      0.07,
      -0.078,
      0.144,
      0.178,
      -0.023,
      0.086,
      0.057,
      0.102,
      -0.092,
      0.206,
      0.016,
      0.081,
      0.022,
      0.058,
      0.226,
      0.037,
      0.194,
      0.161,
      0.135,
      0.127,
      -0.163,
      -0.065,
      -0.139,
      0.095,
      -0.005,
      0.144,
      -0.054,
      0.177,
      0.268,
      -0.055,
      0.296,
      0.058,
      0.056,
      0.064,
      0.174,
      0.147,
      0.054,
      -0.041,
      0.336,
      0.104,
      -0.007,
      -0.188
    ],
    [
      0.002,
      0.076,
      0.329,
      0.198,
      0.177,
      0.016,
      0.236,
      0.011,
      -0.05,
      0.374,
      -0.032,
      -0.096,
      -0.202,
      1.0,
      0.223,
      -0.067,
      0.338,
      0.185,
      -0.002,
      0.208,
      0.111,
      0.137,
      0.019,
      0.083,
      0.004,
      -0.039,
      0.131,
      0.03,
      0.301,
      -0.065,
      0.202,
      0.066,
      0.003,
      0.076,
      -0.091,
      0.516,
      0.063,
      0.31,
      0.139,
      0.175,
      -0.081,
      0.527,
      -0.01,
      -0.107,
      0.248,
      0.049,
      0.172,
      0.043,
      0.135,
      0.018,
      0.006,
      0.16,
      0.41,
      -0.126,
      -0.047,
      0.139,
      0.683
    ],
    [
      -0.102,
      -0.081,
      0.314,
      0.175,
      0.071,
      0.14,
      0.265,
      0.049,
      0.087,
      0.193,
      -0.014,
      0.048,
      -0.001,
      0.223,
      1.0,
      -0.062,
      0.496,
      0.089,
      -0.049,
      0.353,
      0.088,
      0.219,
      0.022,
      -0.056,
      -0.034,
      -0.114,
      0.081,
      -0.082,
      0.268,
      -0.073,
      0.161,
      0.064,
      0.042,
      -0.018,
      -0.017,
      0.319,
      0.125,
      -0.019,
      -0.015,
      -0.113,
      0.077,
      0.317,
      -0.049,
      0.023,
      0.141,
      0.131,
      -0.053,
      0.057,
      -0.031,
      -0.083,
      -0.039,
      -0.105,
      0.304,
      -0.094,
      -0.023,
      0.119,
      0.295
    ],
    [
      -0.009,
      0.28,
      0.016,
      0.032,
      0.109,
      0.154,
      0.19,
      0.054,
      0.15,
      -0.114,
      0.17,
      0.091,
      0.07,
      -0.067,
      -0.062,
      1.0,
      -0.128,
      0.054,
      0.244,
      -0.028,
      0.215,
      0.197,
      0.191,
      -0.092,
      0.183,
      0.173,
      0.136,
      0.092,
      0.054,
      0.157,
      0.057,
      0.25,
      0.106,
      0.29,
      0.179,
      -0.136,
      0.057,
      0.097,
      0.13,
      0.203,
      0.194,
      -0.011,
      0.237,
      0.227,
      0.013,
      0.097,
      0.201,
      0.156,
      0.258,
      0.102,
      0.058,
      0.187,
      -0.214,
      0.166,
      0.032,
      0.021,
      -0.151
    ],
    [
      0.074,
      -0.064,
      0.36,
      0.206,
      0.086,
      0.065,
      0.308,
      0.017,
      0.037,
      0.355,
      0.032,
      -0.089,
      -0.078,
      0.338,
      0.496,
      -0.128,
      1.0,
      0.188,
      0.017,
      0.322,
      0.024,
      0.256,
      0.06,
      0.001,
      0.023,
      -0.094,
      0.023,
      -0.082,
      0.382,
      -0.062,
      0.145,
      0.099,
      -0.056,
      -0.022,
      -0.106,
      0.418,
      0.115,
      0.111,
      0.084,
      -0.075,
      0.107,
      0.46,
      -0.022,
      -0.008,
      0.201,
      0.084,
      -0.002,
      -0.025,
      -0.064,
      -0.055,
      0.099,
      0.026,
      0.482,
      -0.074,
      -0.041,
      0.26,
      0.412
    ],
    [
      0.064,
      0.177,
      0.209,
      0.216,
      0.228,
      0.164,
      0.162,
      0.061,
      0.13,
      0.115,
      0.071,
      0.009,
      0.144,
      0.185,
      0.089,
      0.054,
      0.188,
      1.0,
      0.074,
      0.076,
      0.221,
      0.142,
      0.151,
      -0.283,
      0.191,
      0.054,
      0.291,
      -0.176,
      0.125,
      0.172,
      0.088,
      0.251,
      0.08,
      0.203,
      0.014,
      0.223,
      0.086,
      0.139,
      0.067,
      0.095,
      0.277,
      0.093,
      0.294,
      0.256,
      0.089,
      0.221,
      0.25,
      0.046,
      0.057,
      0.196,
      0.025,
      0.135,
      0.102,
      0.248,
      0.039,
      0.089,
      0.124
    ],
    [
      0.038,
      0.26,
      0.231,
      0.184,
      0.256,
      -0.002,
      0.485,
      0.107,
      0.142,
      -0.103,
      -0.015,
      -0.01,
      0.178,
      -0.002,
      -0.049,
      0.244,
      0.017,
      0.074,
      1.0,
      0.084,
      0.233,
      0.351,
      0.131,
      -0.122,
      0.179,
      0.132,
      0.074,
      -0.09,
      0.312,
      0.324,
      0.155,
      0.265,
      0.084,
      0.247,
      0.119,
      -0.077,
      -0.021,
      0.164,
      0.226,
      0.198,
      0.165,
      0.064,
      0.293,
      0.277,
      0.007,
      0.183,
      0.229,
      0.079,
      0.18,
      0.137,
      0.347,
      0.386,
      0.033,
      0.172,
      0.046,
      0.224,
      -0.067
    ],
    [
      -0.092,
      -0.084,
      0.285,
      0.259,
      0.124,
      0.052,
      0.235,
      -0.027,
      0.001,
      0.216,
      -0.022,
      0.088,
      -0.023,
      0.208,
      0.353,
      -0.028,
      0.322,
      0.076,
      0.084,
      1.0,
      0.097,
      0.166,
      0.007,
      0.002,
      0.053,
      -0.029,
      0.04,
      -0.032,
      0.206,
      0.064,
      0.11,
      0.064,
      -0.001,
      -0.093,
      0.062,
      0.151,
      0.126,
      -0.025,
      0.071,
      -0.039,
      0.136,
      0.364,
      0.086,
      0.132,
      0.214,
      0.151,
      0.009,
      0.11,
      -0.017,
      -0.09,
      0.102,
      -0.058,
      0.299,
      0.037,
      0.047,
      0.248,
      0.242
    ],
    [
      0.03,
      0.29,
      0.232,
      0.223,
      0.402,
      0.052,
      0.322,
      0.118,
      0.126,
      -0.197,
      -0.026,
      -0.023,
      0.086,
      0.111,
      0.088,
      0.215,
      0.024,
      0.221,
      0.233,
      0.097,
      1.0,
      0.173,
      0.104,
      -0.139,
      0.202,
      0.02,
      0.116,
      -0.079,
      0.205,
      0.242,
      0.211,
      0.134,
      0.13,
      0.259,
      0.11,
      0.083,
      0.109,
      0.26,
      0.117,
      0.271,
      0.218,
      0.111,
      0.291,
      0.156,
      0.067,
      0.089,
      0.249,
      0.089,
      0.191,
      0.205,
      0.075,
      0.382,
      -0.012,
      0.129,
      0.077,
      0.115,
      0.083
    ],
    [
      -0.039,
      0.29,
      0.412,
      0.217,
      0.263,
      0.029,
      0.436,
      0.061,
      0.143,
      0.228,
      -0.018,
      -0.007,
      0.057,
      0.137,
      0.219,
      0.197,
      0.256,
      0.142,
      0.351,
      0.166,
      0.173,
      1.0,
      0.16,
      -0.129,
      0.252,
      0.144,
      0.156,
      -0.051,
      0.326,
      0.276,
      0.332,
      0.262,
      0.228,
      0.235,
      0.137,
      0.115,
      0.027,
      0.227,
      0.286,
      0.23,
      0.207,
      0.208,
      0.253,
      0.189,
      0.133,
      0.135,
      0.342,
      0.054,
      0.264,
      0.124,
      0.323,
      0.333,
      0.125,
      0.129,
      0.086,
      0.307,
      0.081
    ],
    [
      0.004,
      0.4,
      0.093,
      0.168,
      0.124,
      0.106,
      0.204,
      0.028,
      0.105,
      -0.034,
      -0.033,
      0.032,
      0.102,
      0.019,
      0.022,
      0.191,
      0.06,
      0.151,
      0.131,
      0.007,
      0.104,
      0.16,
      1.0,
      -0.192,
      0.265,
      0.094,
      0.275,
      -0.145,
      0.016,
      0.301,
      0.035,
      0.374,
      0.127,
      0.482,
      0.033,
      0.123,
      -0.016,
      0.207,
      0.154,
      0.313,
      0.337,
      0.04,
      0.383,
      0.352,
      0.043,
      0.229,
      0.423,
      0.03,
      0.115,
      0.318,
      0.031,
      0.236,
      0.072,
      0.21,
      0.104,
      0.092,
      -0.016
    ],
    [
      -0.085,
      -0.162,
      -0.128,
      -0.102,
      -0.051,
      -0.164,
      -0.151,
      -0.096,
      -0.116,
      0.1,
      -0.019,
      -0.029,
      -0.092,
      0.083,
      -0.056,
      -0.092,
      0.001,
      -0.283,
      -0.122,
      0.002,
      -0.139,
      -0.129,
      -0.192,
      1.0,
      -0.243,
      -0.084,
      -0.207,
      0.388,
      -0.04,
      -0.21,
      0.028,
      -0.2,
      -0.134,
      -0.195,
      -0.108,
      -0.027,
      0.02,
      -0.028,
      -0.098,
      -0.142,
      -0.274,
      -0.02,
      -0.402,
      -0.373,
      -0.032,
      -0.154,
      -0.21,
      -0.061,
      -0.133,
      -0.208,
      -0.091,
      -0.149,
      0.088,
      -0.285,
      -0.014,
      -0.06,
      0.079
    ],
    [
      0.083,
      0.366,
      0.217,
      0.137,
      0.159,
      0.132,
      0.23,
      0.143,
      0.24,
      -0.021,
      -0.157,
      -0.035,
      0.206,
      0.004,
      -0.034,
      0.183,
      0.023,
      0.191,
      0.179,
      0.053,
      0.202,
      0.252,
      0.265,
      -0.243,
      1.0,
      0.097,
      0.291,
      -0.137,
      0.156,
      0.45,
      0.087,
      0.443,
      0.261,
      0.326,
      0.149,
      -0.001,
      -0.103,
      0.075,
      0.132,
      0.26,
      0.364,
      0.033,
      0.486,
      0.411,
      -0.083,
      0.284,
      0.46,
      0.069,
      0.068,
      0.226,
      0.187,
      0.198,
      0.073,
      0.441,
      0.218,
      0.145,
      -0.085
    ],
    [
      -0.039,
      0.087,
      0.062,
      0.032,
      0.072,
      0.006,
      0.07,
      -0.047,
      0.069,
      -0.031,
      0.009,
      0.085,
      0.016,
      -0.039,
      -0.114,
      0.173,
      -0.094,
      0.054,
      0.132,
      -0.029,
      0.02,
      0.144,
      0.094,
      -0.084,
      0.097,
      1.0,
      -0.037,
      0.013,
      -0.057,
      0.026,
      0.019,
      0.076,
      -0.012,
      0.095,
      0.081,
      -0.071,
      -0.028,
      0.04,
      0.037,
      0.029,
      -0.078,
      -0.045,
      0.062,
      0.123,
      -0.062,
      0.009,
      0.041,
      0.042,
      0.096,
      0.061,
      0.073,
      0.101,
      -0.082,
      0.047,
      -0.044,
      -0.087,
      -0.061
    ],
    [
      0.122,
      0.252,
      0.055,
      0.252,
      0.102,
      0.078,
      0.102,
      -0.002,
      0.045,
      0.048,
      -0.061,
      -0.008,
      0.081,
      0.131,
      0.081,
      0.136,
      0.023,
      0.291,
      0.074,
      0.04,
      0.116,
      0.156,
      0.275,
      -0.207,
      0.291,
      -0.037,
      1.0,
      -0.131,
      0.109,
      0.188,
      0.131,
      0.293,
      0.128,
      0.272,
      -0.086,
      0.11,
      0.002,
      0.063,
      0.085,
      0.211,
      0.334,
      0.017,
      0.289,
      0.207,
      -0.056,
      0.193,
      0.22,
      0.099,
      0.165,
      0.348,
      -0.026,
      0.074,
      -0.026,
      0.287,
      0.041,
      0.028,
      0.057
    ],
    [
      -0.08,
      -0.111,
      -0.056,
      -0.135,
      -0.013,
      -0.154,
      -0.073,
      -0.074,
      -0.049,
      0.022,
      0.041,
      0.032,
      0.022,
      0.03,
      -0.082,
      0.092,
      -0.082,
      -0.176,
      -0.09,
      -0.032,
      -0.079,
      -0.051,
      -0.145,
      0.388,
      -0.137,
      0.013,
      -0.131,
      1.0,
      0.053,
      -0.185,
      -0.046,
      -0.142,
      -0.087,
      -0.152,
      -0.1,
      -0.071,
      0.056,
      -0.055,
      -0.029,
      -0.155,
      -0.219,
      -0.067,
      -0.23,
      -0.297,
      -0.019,
      -0.08,
      -0.164,
      -0.057,
      -0.038,
      -0.147,
      0.015,
      -0.055,
      -0.122,
      -0.256,
      -0.065,
      -0.098,
      -0.025
    ],
    [
      -0.056,
      0.067,
      0.467,
      0.296,
      0.261,
      0.049,
      0.703,
      0.033,
      0.035,
      0.131,
      -0.048,
      -0.025,
      0.058,
      0.301,
      0.268,
      0.054,
      0.382,
      0.125,
      0.312,
      0.206,
      0.205,
      0.326,
      0.016,
      -0.04,
      0.156,
      -0.057,
      0.109,
      0.053,
      1.0,
      0.114,
      0.283,
      0.141,
      0.023,
      0.041,
      -0.058,
      0.279,
      0.03,
      0.217,
      0.226,
      0.076,
      0.063,
      0.299,
      0.179,
      0.202,
      0.18,
      0.193,
      0.071,
      -0.073,
      0.03,
      0.112,
      0.264,
      0.287,
      0.268,
      0.049,
      0.055,
      0.243,
      0.23
    ],
    [
      -0.009,
      0.442,
      0.169,
      0.171,
      0.179,
      0.112,
      0.234,
      0.07,
      0.181,
      -0.066,
      -0.055,
      -0.023,
      0.226,
      -0.065,
      -0.073,
      0.157,
      -0.062,
      0.172,
      0.324,
      0.064,
      0.242,
      0.276,
      0.301,
      -0.21,
      0.45,
      0.026,
      0.188,
      -0.185,
      0.114,
      1.0,
      0.158,
      0.457,
      0.259,
      0.438,
      0.1,
      0.015,
      -0.059,
      0.132,
      0.198,
      0.422,
      0.41,
      -0.063,
      0.681,
      0.579,
      -0.027,
      0.325,
      0.524,
      0.148,
      0.184,
      0.231,
      0.188,
      0.354,
      0.0,
      0.469,
      0.167,
      0.161,
      -0.125
    ],
    [
      0.005,
      0.126,
      0.277,
      0.203,
      0.262,
      0.03,
      0.305,
      -0.006,
      0.066,
      0.14,
      -0.109,
      -0.093,
      0.037,
      0.202,
      0.161,
      0.057,
      0.145,
      0.088,
      0.155,
      0.11,
      0.211,
      0.332,
      0.035,
      0.028,
      0.087,
      0.019,
      0.131,
      -0.046,
      0.283,
      0.158,
      1.0,
      0.171,
      0.108,
      0.126,
      -0.002,
      0.222,
      0.062,
      0.259,
      0.186,
      0.187,
      0.093,
      0.254,
      0.211,
      0.173,
      0.146,
      0.16,
      0.232,
      0.067,
      0.183,
      0.122,
      0.174,
      0.176,
      0.22,
      0.069,
      0.122,
      0.165,
      0.128
    ],
    [
      0.109,
      0.446,
      0.13,
      0.298,
      0.149,
      0.138,
      0.23,
      0.064,
      0.16,
      -0.101,
      -0.024,
      -0.049,
      0.194,
      0.066,
      0.064,
      0.25,
      0.099,
      0.251,
      0.265,
      0.064,
      0.134,
      0.262,
      0.374,
      -0.2,
      0.443,
      0.076,
      0.293,
      -0.142,
      0.141,
      0.457,
      0.171,
      1.0,
      0.15,
      0.431,
      0.006,
      0.084,
      -0.087,
      0.145,
      0.155,
      0.351,
      0.407,
      -0.008,
      0.548,
      0.485,
      -0.006,
      0.397,
      0.506,
      0.091,
      0.168,
      0.331,
      0.201,
      0.208,
      0.018,
      0.401,
      0.131,
      0.13,
      0.002
    ],
    [
      -0.016,
      0.254,
      0.074,
      0.032,
      0.063,
      0.214,
      0.111,
      0.153,
      0.136,
      -0.037,
      0.033,
      0.077,
      0.161,
      0.003,
      0.042,
      0.106,
      -0.056,
      0.08,
      0.084,
      -0.001,
      0.13,
      0.228,
      0.127,
      -0.134,
      0.261,
      -0.012,
      0.128,
      -0.087,
      0.023,
      0.259,
      0.108,
      0.15,
      1.0,
      0.195,
      0.212,
      -0.015,
      0.021,
      0.071,
      0.102,
      0.274,
      0.281,
      -0.084,
      0.253,
      0.26,
      -0.04,
      0.155,
      0.25,
      0.144,
      0.122,
      0.153,
      0.039,
      0.131,
      -0.047,
      0.205,
      0.155,
      0.002,
      -0.049
    ],
    [
      0.008,
      0.761,
      0.14,
      0.162,
      0.274,
      0.143,
      0.255,
      0.116,
      0.293,
      -0.12,
      -0.068,
      -0.073,
      0.135,
      0.076,
      -0.018,
      0.29,
      -0.022,
      0.203,
      0.247,
      -0.093,
      0.259,
      0.235,
      0.482,
      -0.195,
      0.326,
      0.095,
      0.272,
      -0.152,
      0.041,
      0.438,
      0.126,
      0.431,
      0.195,
      1.0,
      0.126,
      0.113,
      -0.035,
      0.359,
      0.171,
      0.643,
      0.342,
      0.075,
      0.503,
      0.294,
      0.02,
      0.236,
      0.73,
      0.075,
      0.188,
      0.349,
      0.115,
      0.432,
      -0.058,
      0.27,
      0.097,
      0.114,
      0.026
    ],
    [
      0.121,
      0.123,
      0.14,
      -0.046,
      0.051,
      0.021,
      0.032,
      0.056,
      0.232,
      -0.045,
      0.132,
      0.07,
      0.127,
      -0.091,
      -0.017,
      0.179,
      -0.106,
      0.014,
      0.119,
      0.062,
      0.11,
      0.137,
      0.033,
      -0.108,
      0.149,
      0.081,
      -0.086,
      -0.1,
      -0.058,
      0.1,
      -0.002,
      0.006,
      0.212,
      0.126,
      1.0,
      -0.053,
      0.012,
      -0.034,
      0.04,
      0.123,
      0.093,
      0.02,
      0.144,
      0.113,
      -0.027,
      0.02,
      0.129,
      0.083,
      0.149,
      0.066,
      0.115,
      0.008,
      -0.022,
      0.135,
      0.041,
      0.098,
      -0.09
    ],
    [
      0.036,
      -0.003,
      0.299,
      0.217,
      0.285,
      0.067,
      0.283,
      0.034,
      0.125,
      0.342,
      -0.108,
      -0.107,
      -0.163,
      0.516,
      0.319,
      -0.136,
      0.418,
      0.223,
      -0.077,
      0.151,
      0.083,
      0.115,
      0.123,
      -0.027,
      -0.001,
      -0.071,
      0.11,
      -0.071,
      0.279,
      0.015,
      0.222,
      0.084,
      -0.015,
      0.113,
      -0.053,
      1.0,
      0.177,
      0.37,
      0.106,
      0.131,
      0.008,
      0.35,
      0.092,
      0.002,
      0.184,
      0.102,
      0.138,
      0.061,
      0.125,
      0.13,
      0.04,
      0.199,
      0.455,
      -0.048,
      0.016,
      0.099,
      0.456
    ],
    [
      0.101,
      -0.018,
      0.11,
      0.131,
      0.224,
      0.149,
      0.035,
      0.01,
      0.059,
      0.034,
      0.026,
      0.101,
      -0.065,
      0.063,
      0.125,
      0.057,
      0.115,
      0.086,
      -0.021,
      0.126,
      0.109,
      0.027,
      -0.016,
      0.02,
      -0.103,
      -0.028,
      0.002,
      0.056,
      0.03,
      -0.059,
      0.062,
      -0.087,
      0.021,
      -0.035,
      0.012,
      0.177,
      1.0,
      0.035,
      0.003,
      0.06,
      -0.005,
      0.107,
      -0.044,
      -0.005,
      0.377,
      0.041,
      0.008,
      0.023,
      0.083,
      -0.054,
      -0.096,
      0.038,
      0.062,
      -0.07,
      -0.094,
      0.021,
      0.026
    ],
    [
      -0.081,
      0.326,
      0.15,
      0.171,
      0.294,
      0.016,
      0.353,
      0.076,
      0.111,
      0.064,
      -0.108,
      -0.203,
      -0.139,
      0.31,
      -0.019,
      0.097,
      0.111,
      0.139,
      0.164,
      -0.025,
      0.26,
      0.227,
      0.207,
      -0.028,
      0.075,
      0.04,
      0.063,
      -0.055,
      0.217,
      0.132,
      0.259,
      0.145,
      0.071,
      0.359,
      -0.034,
      0.37,
      0.035,
      1.0,
      0.176,
      0.407,
      0.112,
      0.159,
      0.169,
      0.023,
      0.088,
      0.091,
      0.391,
      0.03,
      0.196,
      0.249,
      0.145,
      0.643,
      0.129,
      -0.029,
      0.066,
      0.028,
      0.157
    ],
    [
      0.008,
      0.199,
      0.291,
      0.199,
      0.196,
      0.063,
      0.282,
      0.077,
      0.023,
      0.16,
      0.149,
      -0.017,
      0.095,
      0.139,
      -0.015,
      0.13,
      0.084,
      0.067,
      0.226,
      0.071,
      0.117,
      0.286,
      0.154,
      -0.098,
      0.132,
      0.037,
      0.085,
      -0.029,
      0.226,
      0.198,
      0.186,
      0.155,
      0.102,
      0.171,
      0.04,
      0.106,
      0.003,
      0.176,
      1.0,
      0.111,
      0.106,
      0.225,
      0.111,
      0.113,
      0.208,
      0.048,
      0.142,
      -0.078,
      0.067,
      0.16,
      0.104,
      0.239,
      0.147,
      0.057,
      0.033,
      0.359,
      0.122
    ],
    [
      0.055,
      0.712,
      0.082,
      0.219,
      0.346,
      0.099,
      0.26,
      0.11,
      0.154,
      -0.137,
      -0.066,
      -0.153,
      -0.005,
      0.175,
      -0.113,
      0.203,
      -0.075,
      0.095,
      0.198,
      -0.039,
      0.271,
      0.23,
      0.313,
      -0.142,
      0.26,
      0.029,
      0.211,
      -0.155,
      0.076,
      0.422,
      0.187,
      0.351,
      0.274,
      0.643,
      0.123,
      0.131,
      0.06,
      0.407,
      0.111,
      1.0,
      0.313,
      0.047,
      0.418,
      0.27,
      0.06,
      0.195,
      0.699,
      0.125,
      0.245,
      0.292,
      0.155,
      0.452,
      -0.048,
      0.212,
      0.185,
      0.05,
      0.028
    ],
    [
      0.063,
      0.35,
      0.145,
      0.229,
      0.143,
      0.217,
      0.192,
      0.202,
      0.048,
      0.005,
      0.052,
      -0.028,
      0.144,
      -0.081,
      0.077,
      0.194,
      0.107,
      0.277,
      0.165,
      0.136,
      0.218,
      0.207,
      0.337,
      -0.274,
      0.364,
      -0.078,
      0.334,
      -0.219,
      0.063,
      0.41,
      0.093,
      0.407,
      0.281,
      0.342,
      0.093,
      0.008,
      -0.005,
      0.112,
      0.106,
      0.313,
      1.0,
      -0.007,
      0.444,
      0.42,
      -0.013,
      0.374,
      0.431,
      0.116,
      0.076,
      0.346,
      0.217,
      0.241,
      0.041,
      0.364,
      0.053,
      0.126,
      -0.076
    ],
    [
      -0.021,
      -0.004,
      0.404,
      0.252,
      0.218,
      0.014,
      0.296,
      0.014,
      0.091,
      0.429,
      -0.05,
      0.001,
      -0.054,
      0.527,
      0.317,
      -0.011,
      0.46,
      0.093,
      0.064,
      0.364,
      0.111,
      0.208,
      0.04,
      -0.02,
      0.033,
      -0.045,
      0.017,
      -0.067,
      0.299,
      -0.063,
      0.254,
      -0.008,
      -0.084,
      0.075,
      0.02,
      0.35,
      0.107,
      0.159,
      0.225,
      0.047,
      -0.007,
      1.0,
      -0.024,
      -0.034,
      0.271,
      0.033,
      0.095,
      0.094,
      0.009,
      0.05,
      0.096,
      0.106,
      0.421,
      -0.081,
      0.046,
      0.22,
      0.526
    ],
    [
      0.039,
      0.509,
      0.231,
      0.226,
      0.265,
      0.18,
      0.289,
      0.083,
      0.241,
      -0.116,
      -0.08,
      0.001,
      0.177,
      -0.01,
      -0.049,
      0.237,
      -0.022,
      0.294,
      0.293,
      0.086,
      0.291,
      0.253,
      0.383,
      -0.402,
      0.486,
      0.062,
      0.289,
      -0.23,
      0.179,
      0.681,
      0.211,
      0.548,
      0.253,
      0.503,
      0.144,
      0.092,
      -0.044,
      0.169,
      0.111,
      0.418,
      0.444,
      -0.024,
      1.0,
      0.691,
      -0.012,
      0.336,
      0.612,
      0.155,
      0.188,
      0.333,
      0.216,
      0.355,
      -0.054,
      0.524,
      0.172,
      0.171,
      -0.082
    ],
    [
      0.033,
      0.373,
      0.192,
      0.306,
      0.179,
      0.262,
      0.263,
      0.054,
      0.156,
      -0.126,
      -0.08,
      0.003,
      0.268,
      -0.107,
      0.023,
      0.227,
      -0.008,
      0.256,
      0.277,
      0.132,
      0.156,
      0.189,
      0.352,
      -0.373,
      0.411,
      0.123,
      0.207,
      -0.297,
      0.202,
      0.579,
      0.173,
      0.485,
      0.26,
      0.294,
      0.113,
      0.002,
      -0.005,
      0.023,
      0.113,
      0.27,
      0.42,
      -0.034,
      0.691,
      1.0,
      0.093,
      0.452,
      0.397,
      0.161,
      0.141,
      0.234,
      0.145,
      0.214,
      -0.017,
      0.492,
      0.143,
      0.119,
      -0.138
    ],
    [
      0.072,
      0.067,
      0.21,
      0.288,
      0.163,
      0.173,
      0.128,
      0.018,
      0.057,
      0.121,
      0.02,
      -0.066,
      -0.055,
      0.248,
      0.141,
      0.013,
      0.201,
      0.089,
      0.007,
      0.214,
      0.067,
      0.133,
      0.043,
      -0.032,
      -0.083,
      -0.062,
      -0.056,
      -0.019,
      0.18,
      -0.027,
      0.146,
      -0.006,
      -0.04,
      0.02,
      -0.027,
      0.184,
      0.377,
      0.088,
      0.208,
      0.06,
      -0.013,
      0.271,
      -0.012,
      0.093,
      1.0,
      0.035,
      0.105,
      -0.001,
      0.125,
      -0.074,
      0.001,
      0.111,
      0.178,
      0.001,
      -0.077,
      0.19,
      0.222
    ],
    [
      -0.022,
      0.253,
      0.217,
      0.341,
      0.165,
      0.169,
      0.188,
      -0.011,
      0.051,
      0.013,
      -0.022,
      0.004,
      0.296,
      0.049,
      0.131,
      0.097,
      0.084,
      0.221,
      0.183,
      0.151,
      0.089,
      0.135,
      0.229,
      -0.154,
      0.284,
      0.009,
      0.193,
      -0.08,
      0.193,
      0.325,
      0.16,
      0.397,
      0.155,
      0.236,
      0.02,
      0.102,
      0.041,
      0.091,
      0.048,
      0.195,
      0.374,
      0.033,
      0.336,
      0.452,
      0.035,
      1.0,
      0.34,
      0.077,
      0.124,
      0.233,
      0.156,
      0.186,
      0.11,
      0.343,
      0.105,
      0.05,
      0.018
    ],
    [
      0.088,
      0.795,
      0.244,
      0.287,
      0.286,
      0.088,
      0.253,
      0.087,
      0.179,
      -0.057,
      -0.031,
      -0.168,
      0.058,
      0.172,
      -0.053,
      0.201,
      -0.002,
      0.25,
      0.229,
      0.009,
      0.249,
      0.342,
      0.423,
      -0.21,
      0.46,
      0.041,
      0.22,
      -0.164,
      0.071,
      0.524,
      0.232,
      0.506,
      0.25,
      0.73,
      0.129,
      0.138,
      0.008,
      0.391,
      0.142,
      0.699,
      0.431,
      0.095,
      0.612,
      0.397,
      0.105,
      0.34,
      1.0,
      0.116,
      0.226,
      0.284,
      0.153,
      0.489,
      0.036,
      0.311,
      0.116,
      0.161,
      0.037
    ],
    [
      -0.003,
      0.077,
      0.035,
      0.048,
      0.119,
      0.039,
      -0.027,
      0.042,
      0.067,
      -0.037,
      -0.117,
      -0.044,
      0.056,
      0.043,
      0.057,
      0.156,
      -0.025,
      0.046,
      0.079,
      0.11,
      0.089,
      0.054,
      0.03,
      -0.061,
      0.069,
      0.042,
      0.099,
      -0.057,
      -0.073,
      0.148,
      0.067,
      0.091,
      0.144,
      0.075,
      0.083,
      0.061,
      0.023,
      0.03,
      -0.078,
      0.125,
      0.116,
      0.094,
      0.155,
      0.161,
      -0.001,
      0.077,
      0.116,
      1.0,
      0.048,
      0.021,
      0.007,
      0.025,
      0.026,
      0.07,
      0.05,
      0.004,
      0.014
    ],
    [
      -0.046,
      0.16,
      0.035,
      0.229,
      0.115,
      0.051,
      0.135,
      -0.018,
      0.078,
      0.008,
      0.01,
      -0.045,
      0.064,
      0.135,
      -0.031,
      0.258,
      -0.064,
      0.057,
      0.18,
      -0.017,
      0.191,
      0.264,
      0.115,
      -0.133,
      0.068,
      0.096,
      0.165,
      -0.038,
      0.03,
      0.184,
      0.183,
      0.168,
      0.122,
      0.188,
      0.149,
      0.125,
      0.083,
      0.196,
      0.067,
      0.245,
      0.076,
      0.009,
      0.188,
      0.141,
      0.125,
      0.124,
      0.226,
      0.048,
      1.0,
      0.245,
      0.09,
      0.329,
      0.018,
      0.186,
      0.04,
      0.031,
      0.015
    ],
    [
      0.063,
      0.305,
      0.152,
      0.286,
      0.187,
      0.157,
      0.179,
      0.041,
      0.005,
      -0.04,
      -0.155,
      -0.0,
      0.174,
      0.018,
      -0.083,
      0.102,
      -0.055,
      0.196,
      0.137,
      -0.09,
      0.205,
      0.124,
      0.318,
      -0.208,
      0.226,
      0.061,
      0.348,
      -0.147,
      0.112,
      0.231,
      0.122,
      0.331,
      0.153,
      0.349,
      0.066,
      0.13,
      -0.054,
      0.249,
      0.16,
      0.292,
      0.346,
      0.05,
      0.333,
      0.234,
      -0.074,
      0.233,
      0.284,
      0.021,
      0.245,
      1.0,
      0.096,
      0.272,
      0.048,
      0.24,
      0.131,
      0.022,
      0.157
    ],
    [
      -0.138,
      0.182,
      0.268,
      0.082,
      0.197,
      0.068,
      0.334,
      0.106,
      0.095,
      -0.004,
      -0.136,
      -0.026,
      0.147,
      0.006,
      -0.039,
      0.058,
      0.099,
      0.025,
      0.347,
      0.102,
      0.075,
      0.323,
      0.031,
      -0.091,
      0.187,
      0.073,
      -0.026,
      0.015,
      0.264,
      0.188,
      0.174,
      0.201,
      0.039,
      0.115,
      0.115,
      0.04,
      -0.096,
      0.145,
      0.104,
      0.155,
      0.217,
      0.096,
      0.216,
      0.145,
      0.001,
      0.156,
      0.153,
      0.007,
      0.09,
      0.096,
      1.0,
      0.242,
      0.029,
      0.123,
      0.073,
      0.126,
      -0.052
    ],
    [
      0.003,
      0.45,
      0.182,
      0.26,
      0.333,
      0.009,
      0.435,
      0.04,
      0.207,
      -0.065,
      -0.087,
      -0.051,
      0.054,
      0.16,
      -0.105,
      0.187,
      0.026,
      0.135,
      0.386,
      -0.058,
      0.382,
      0.333,
      0.236,
      -0.149,
      0.198,
      0.101,
      0.074,
      -0.055,
      0.287,
      0.354,
      0.176,
      0.208,
      0.131,
      0.432,
