{
  "meta": {
    "generated_at": "2026-06-22T13:11:19+00:00",
    "n_tickers": 62,
    "n_clusters": 0,
    "redundant_threshold": 0.75
  },
  "tickers": [
    "NTO",
    "ABBNE",
    "ABNB",
    "ADYEN",
    "AMZN",
    "BFIT",
    "BN",
    "CBAV",
    "CELH",
    "CHKP",
    "COR",
    "COST",
    "CPR",
    "CRWD",
    "CSU",
    "DNP",
    "DSGX",
    "EVD",
    "FERG",
    "FICO",
    "GOOG",
    "GRMN",
    "HLMA",
    "IPCO",
    "ITX",
    "JDG",
    "JFN",
    "KIST",
    "KKR",
    "KRX",
    "KSPI",
    "LIFCO B",
    "LOTB",
    "LR",
    "META",
    "MIPS",
    "MNST",
    "MSFT",
    "NET",
    "NFLX",
    "NKE",
    "NVDA",
    "OTLY",
    "PRY",
    "RAA",
    "S",
    "SGO",
    "SIKA",
    "SPOT",
    "STMN",
    "SU",
    "TFF",
    "TFPM",
    "TGYM",
    "TREX",
    "TSM",
    "VEEV",
    "VID",
    "VRLA",
    "VLTO",
    "WOSG",
    "ZS"
  ],
  "matrix_1y": [
    [
      1.0,
      0.093,
      -0.125,
      0.039,
      0.033,
      -0.034,
      -0.058,
      -0.021,
      0.023,
      -0.022,
      0.196,
      0.024,
      -0.042,
      0.002,
      -0.112,
      0.007,
      0.074,
      0.074,
      0.022,
      -0.086,
      0.047,
      -0.033,
      0.001,
      -0.106,
      0.111,
      -0.042,
      0.13,
      -0.111,
      -0.059,
      0.025,
      0.024,
      0.115,
      -0.01,
      0.024,
      0.027,
      0.059,
      0.128,
      0.025,
      0.022,
      0.094,
      -0.037,
      -0.094,
      0.011,
      0.066,
      0.074,
      -0.023,
      0.065,
      0.027,
      0.072,
      -0.002,
      0.1,
      -0.006,
      -0.044,
      0.059,
      -0.129,
      -0.003,
      0.037,
      0.084,
      -0.091,
      0.163,
      0.012,
      -0.02
    ],
    [
      0.093,
      1.0,
      0.159,
      0.189,
      0.255,
      0.145,
      0.281,
      0.085,
      0.124,
      -0.137,
      -0.025,
      -0.091,
      0.118,
      0.084,
      -0.085,
      0.272,
      -0.068,
      0.169,
      0.26,
      -0.088,
      0.28,
      0.281,
      0.393,
      -0.159,
      0.357,
      0.098,
      0.243,
      -0.105,
      0.063,
      0.43,
      0.117,
      0.442,
      0.24,
      0.759,
      0.312,
      0.196,
      0.112,
      -0.003,
      0.145,
      -0.019,
      0.012,
      0.323,
      0.191,
      0.707,
      0.347,
      -0.002,
      0.506,
      0.382,
      0.073,
      0.256,
      0.798,
      0.062,
      0.161,
      0.296,
      0.182,
      0.443,
      -0.148,
      0.277,
      0.096,
      0.105,
      0.302,
      -0.042
    ],
    [
      -0.125,
      0.159,
      1.0,
      0.323,
      0.374,
      0.091,
      0.466,
      0.076,
      0.104,
      0.185,
      -0.016,
      -0.039,
      0.013,
      0.331,
      0.302,
      0.004,
      0.346,
      0.209,
      0.244,
      0.277,
      0.232,
      0.399,
      0.095,
      -0.119,
      0.205,
      0.068,
      0.047,
      -0.052,
      0.468,
      0.159,
      0.282,
      0.128,
      0.061,
      0.14,
      0.294,
      0.15,
      0.133,
      0.307,
      0.233,
      0.113,
      0.361,
      0.162,
      0.281,
      0.075,
      0.141,
      0.407,
      0.227,
      0.2,
      0.212,
      0.195,
      0.247,
      0.031,
      0.038,
      0.151,
      0.267,
      0.177,
      0.374,
      0.007,
      0.0,
      0.36,
      0.21,
      0.31
    ],
    [
      0.039,
      0.189,
      0.323,
      1.0,
      0.274,
      0.18,
      0.212,
      -0.051,
      0.141,
      0.129,
      0.059,
      -0.029,
      0.061,
      0.189,
      0.167,
      0.024,
      0.193,
      0.218,
      0.197,
      0.254,
      0.22,
      0.215,
      0.166,
      -0.107,
      0.13,
      0.048,
      0.24,
      -0.123,
      0.305,
      0.176,
      0.205,
      0.298,
      0.027,
      0.161,
      0.252,
      0.312,
      -0.047,
      0.217,
      0.179,
      0.125,
      0.162,
      0.176,
      0.196,
      0.213,
      0.227,
      0.249,
      0.228,
      0.312,
      0.282,
      0.326,
      0.28,
      0.051,
      0.233,
      0.278,
      0.085,
      0.251,
      0.326,
      0.181,
      0.047,
      0.205,
      0.239,
      0.174
    ],
    [
      0.033,
      0.255,
      0.374,
      0.274,
      1.0,
      0.078,
      0.368,
      0.028,
      0.164,
      -0.004,
      -0.115,
      -0.005,
      0.002,
      0.176,
      0.06,
      0.103,
      0.077,
      0.236,
      0.279,
      0.128,
      0.413,
      0.267,
      0.152,
      -0.069,
      0.154,
      0.091,
      0.106,
      -0.016,
      0.268,
      0.17,
      0.262,
      0.155,
      0.047,
      0.261,
      0.454,
      0.165,
      0.056,
      0.304,
      0.198,
      0.234,
      0.189,
      0.309,
      0.187,
      0.344,
      0.137,
      0.226,
      0.268,
      0.19,
      0.172,
      0.117,
      0.283,
      0.116,
      0.125,
      0.197,
      0.208,
      0.341,
      0.193,
      0.042,
      0.06,
      0.112,
      0.183,
      0.094
    ],
    [
      -0.034,
      0.145,
      0.091,
      0.18,
      0.078,
      1.0,
      0.07,
      -0.03,
      0.04,
      -0.125,
      -0.02,
      0.057,
      0.163,
      0.017,
      0.137,
      0.153,
      0.065,
      0.162,
      0.0,
      0.049,
      0.053,
      0.032,
      0.112,
      -0.162,
      0.128,
      0.013,
      0.079,
      -0.149,
      0.045,
      0.1,
      0.02,
      0.137,
      0.215,
      0.136,
      0.112,
      0.181,
      0.023,
      0.066,
      0.003,
      0.15,
      0.11,
      0.017,
      0.065,
      0.097,
      0.212,
      0.016,
      0.174,
      0.259,
      0.176,
      0.149,
      0.087,
      0.045,
      0.048,
      0.157,
      0.065,
      0.019,
      0.055,
      0.328,
      0.055,
      0.002,
      0.149,
      -0.009
    ],
    [
      -0.058,
      0.281,
      0.466,
      0.212,
      0.368,
      0.07,
      1.0,
      0.056,
      0.086,
      0.042,
      -0.075,
      -0.006,
      0.065,
      0.242,
      0.261,
      0.194,
      0.311,
      0.166,
      0.48,
      0.243,
      0.336,
      0.436,
      0.212,
      -0.148,
      0.232,
      0.075,
      0.106,
      -0.088,
      0.703,
      0.238,
      0.315,
      0.232,
      0.108,
      0.243,
      0.251,
      0.143,
      0.033,
      0.291,
      0.234,
      0.04,
      0.277,
      0.352,
      0.274,
      0.264,
      0.186,
      0.302,
      0.294,
      0.259,
      0.134,
      0.149,
      0.253,
      -0.018,
      0.142,
      0.183,
      0.337,
      0.421,
      0.212,
      0.132,
      0.089,
      0.197,
      0.285,
      0.177
    ],
    [
      -0.021,
      0.085,
      0.076,
      -0.051,
      0.028,
      -0.03,
      0.056,
      1.0,
      0.12,
      -0.053,
      0.091,
      -0.035,
      0.103,
      0.018,
      0.055,
      0.051,
      0.025,
      0.055,
      0.097,
      -0.027,
      0.112,
      0.058,
      0.022,
      -0.088,
      0.14,
      -0.04,
      0.005,
      -0.074,
      0.027,
      0.055,
      -0.007,
      0.061,
      0.153,
      0.104,
      0.013,
      0.007,
      0.054,
      0.034,
      0.047,
      0.014,
      -0.014,
      0.073,
      0.078,
      0.11,
      0.199,
      0.015,
      0.074,
      0.046,
      0.019,
      -0.009,
      0.081,
      0.037,
      -0.021,
      0.038,
      0.1,
      0.037,
      0.007,
      0.044,
      -0.007,
      0.129,
      0.012,
      -0.105
    ],
    [
      0.023,
      0.124,
      0.104,
      0.141,
      0.164,
      0.04,
      0.086,
      0.12,
      1.0,
      -0.03,
      0.038,
      0.087,
      0.079,
      -0.056,
      0.082,
      0.153,
      0.029,
      0.132,
      0.139,
      -0.001,
      0.124,
      0.142,
      0.1,
      -0.118,
      0.237,
      0.061,
      0.037,
      -0.046,
      0.036,
      0.19,
      0.065,
      0.158,
      0.13,
      0.297,
      0.102,
      0.131,
      0.23,
      0.112,
      0.009,
      0.048,
      0.128,
      0.102,
      0.021,
      0.155,
      0.052,
      0.087,
      0.24,
      0.158,
      0.053,
      0.057,
      0.185,
      0.064,
      0.075,
      -0.003,
      0.098,
      0.196,
      0.093,
      0.066,
      0.178,
      0.163,
      0.084,
      -0.04
    ],
    [
      -0.022,
      -0.137,
      0.185,
      0.129,
      -0.004,
      -0.125,
      0.042,
      -0.053,
      -0.03,
      1.0,
      0.104,
      -0.038,
      -0.066,
      0.376,
      0.192,
      -0.116,
      0.352,
      0.108,
      -0.101,
      0.213,
      -0.198,
      0.228,
      -0.036,
      0.101,
      -0.021,
      -0.039,
      0.049,
      0.022,
      0.129,
      -0.067,
      0.137,
      -0.102,
      -0.031,
      -0.115,
      0.167,
      -0.027,
      -0.046,
      0.336,
      0.287,
      0.036,
      0.036,
      0.066,
      0.16,
      -0.135,
      0.002,
      0.429,
      -0.115,
      -0.125,
      0.123,
      0.016,
      -0.057,
      -0.024,
      0.005,
      -0.039,
      -0.005,
      -0.059,
      0.327,
      -0.088,
      -0.023,
      0.147,
      0.004,
      0.349
    ],
    [
      0.196,
      -0.025,
      -0.016,
      0.059,
      -0.115,
      -0.02,
      -0.075,
      0.091,
      0.038,
      0.104,
      1.0,
      0.166,
      -0.082,
      -0.032,
      -0.009,
      0.177,
      0.041,
      0.073,
      -0.02,
      -0.013,
      -0.02,
      -0.016,
      -0.029,
      -0.012,
      -0.156,
      0.012,
      -0.06,
      0.036,
      -0.046,
      -0.053,
      -0.102,
      -0.022,
      0.034,
      -0.081,
      0.012,
      -0.044,
      0.136,
      -0.1,
      -0.08,
      0.027,
      -0.075,
      -0.11,
      0.146,
      -0.065,
      0.05,
      -0.05,
      -0.081,
      -0.089,
      0.021,
      -0.042,
      -0.037,
      -0.118,
      0.014,
      -0.153,
      -0.135,
      -0.097,
      -0.017,
      -0.071,
      -0.038,
      0.255,
      -0.043,
      0.012
    ],
    [
      0.024,
      -0.091,
      -0.039,
      -0.029,
      -0.005,
      0.057,
      -0.006,
      -0.035,
      0.087,
      -0.038,
      0.166,
      1.0,
      0.017,
      -0.096,
      0.056,
      0.101,
      -0.075,
      0.015,
      -0.013,
      0.101,
      -0.017,
      -0.01,
      0.034,
      -0.011,
      -0.045,
      0.077,
      -0.01,
      0.03,
      -0.02,
      -0.016,
      -0.089,
      -0.047,
      0.08,
      -0.097,
      0.002,
      -0.111,
      0.075,
      -0.092,
      -0.08,
      0.1,
      0.053,
      -0.205,
      -0.028,
      -0.149,
      -0.037,
      0.001,
      -0.002,
      -0.01,
      -0.064,
      -0.046,
      -0.177,
      -0.018,
      -0.036,
      0.001,
      -0.027,
      -0.074,
      -0.038,
      -0.025,
      0.041,
      0.111,
      0.007,
      -0.078
    ],
    [
      -0.042,
      0.118,
      0.013,
      0.061,
      0.002,
      0.163,
      0.065,
      0.103,
      0.079,
      -0.066,
      -0.082,
      0.017,
      1.0,
      -0.202,
      -0.0,
      0.07,
      -0.078,
      0.146,
      0.182,
      -0.019,
      0.085,
      0.059,
      0.107,
      -0.091,
      0.201,
      0.018,
      0.078,
      0.032,
      0.06,
      0.222,
      0.034,
      0.195,
      0.159,
      0.129,
      -0.145,
      0.223,
      0.128,
      -0.154,
      -0.191,
      -0.061,
      0.117,
      -0.134,
      0.092,
      -0.008,
      0.145,
      -0.052,
      0.172,
      0.271,
      -0.05,
      0.27,
      0.059,
      0.054,
      0.064,
      0.178,
      0.15,
      0.054,
      -0.037,
      0.334,
      0.098,
      -0.001,
      0.137,
      -0.186
    ],
    [
      0.002,
      0.084,
      0.331,
      0.189,
      0.176,
      0.017,
      0.242,
      0.018,
      -0.056,
      0.376,
      -0.032,
      -0.096,
      -0.202,
      1.0,
      0.224,
      -0.07,
      0.336,
      0.183,
      0.003,
      0.207,
      0.108,
      0.146,
      0.018,
      0.077,
      0.01,
      -0.048,
      0.136,
      0.032,
      0.304,
      -0.06,
      0.203,
      0.068,
      0.014,
      0.073,
      0.127,
      0.008,
      -0.086,
      0.513,
      0.568,
      0.069,
      0.063,
      0.314,
      0.147,
      0.182,
      -0.08,
      0.526,
      -0.007,
      -0.11,
      0.247,
      0.051,
      0.168,
      0.056,
      0.132,
      0.021,
      0.008,
      0.163,
      0.405,
      -0.13,
      -0.042,
      0.133,
      0.099,
      0.683
    ],
    [
      -0.112,
      -0.085,
      0.302,
      0.167,
      0.06,
      0.137,
      0.261,
      0.055,
      0.082,
      0.192,
      -0.009,
      0.056,
      -0.0,
      0.224,
      1.0,
      -0.056,
      0.502,
      0.087,
      -0.065,
      0.355,
      0.085,
      0.215,
      0.012,
      -0.044,
      -0.034,
      -0.106,
      0.084,
      -0.088,
      0.264,
      -0.071,
      0.165,
      0.061,
      0.047,
      -0.032,
      0.02,
      0.061,
      -0.016,
      0.309,
      0.136,
      0.121,
      0.152,
      -0.029,
      -0.014,
      -0.111,
      0.074,
      0.312,
      -0.053,
      0.007,
      0.135,
      0.115,
      -0.061,
      0.063,
      -0.029,
      -0.087,
      -0.046,
      -0.12,
      0.3,
      -0.097,
      -0.017,
      0.109,
      0.054,
      0.292
    ],
    [
      0.007,
      0.272,
      0.004,
      0.024,
      0.103,
      0.153,
      0.194,
      0.051,
      0.153,
      -0.116,
      0.177,
      0.101,
      0.07,
      -0.07,
      -0.056,
      1.0,
      -0.119,
      0.053,
      0.235,
      -0.022,
      0.211,
      0.191,
      0.185,
      -0.069,
      0.17,
      0.155,
      0.127,
      0.1,
      0.054,
      0.156,
      0.051,
      0.247,
      0.105,
      0.264,
      0.153,
      0.133,
      0.179,
      -0.132,
      -0.014,
      0.051,
      0.09,
      0.086,
      0.119,
      0.201,
      0.186,
      -0.013,
      0.225,
      0.215,
      0.012,
      0.059,
      0.19,
      0.167,
      0.254,
      0.096,
      0.054,
      0.16,
      -0.203,
      0.16,
      0.029,
      0.027,
      0.076,
      -0.15
    ],
    [
      0.074,
      -0.068,
      0.346,
      0.193,
      0.077,
      0.065,
      0.311,
      0.025,
      0.029,
      0.352,
      0.041,
      -0.075,
      -0.078,
      0.336,
      0.502,
      -0.119,
      1.0,
      0.185,
      0.004,
      0.327,
      0.022,
      0.257,
      0.054,
      0.012,
      0.026,
      -0.089,
      0.027,
      -0.083,
      0.379,
      -0.058,
      0.148,
      0.098,
      -0.045,
      -0.046,
      0.058,
      0.144,
      -0.099,
      0.413,
      0.328,
      0.117,
      0.142,
      0.104,
      0.085,
      -0.073,
      0.105,
      0.454,
      -0.026,
      -0.025,
      0.196,
      0.059,
      -0.016,
      -0.017,
      -0.061,
      -0.052,
      0.093,
      0.008,
      0.479,
      -0.08,
      -0.035,
      0.247,
      0.057,
      0.409
    ],
    [
      0.074,
      0.169,
      0.209,
      0.218,
      0.236,
      0.162,
      0.166,
      0.055,
      0.132,
      0.108,
      0.073,
      0.015,
      0.146,
      0.183,
      0.087,
      0.053,
      0.185,
      1.0,
      0.079,
      0.08,
      0.226,
      0.134,
      0.15,
      -0.276,
      0.185,
      0.061,
      0.282,
      -0.177,
      0.132,
      0.176,
      0.102,
      0.249,
      0.076,
      0.189,
      0.183,
      0.2,
      0.012,
      0.23,
      0.091,
      0.084,
      0.054,
      0.14,
      0.055,
      0.09,
      0.272,
      0.093,
      0.294,
      0.254,
      0.087,
      0.19,
      0.245,
      0.051,
      0.064,
      0.194,
      0.028,
      0.115,
      0.109,
      0.25,
      0.035,
      0.089,
      0.255,
      0.122
    ],
    [
      0.022,
      0.26,
      0.244,
      0.197,
      0.279,
      0.0,
      0.48,
      0.097,
      0.139,
      -0.101,
      -0.02,
      -0.013,
      0.182,
      0.003,
      -0.065,
      0.235,
      0.004,
      0.079,
      1.0,
      0.083,
      0.25,
      0.353,
      0.155,
      -0.139,
      0.178,
      0.133,
      0.078,
      -0.098,
      0.312,
      0.316,
      0.158,
      0.267,
      0.072,
      0.251,
      0.239,
      0.161,
      0.119,
      -0.055,
      0.058,
      -0.008,
      0.212,
      0.181,
      0.217,
      0.2,
      0.157,
      0.075,
      0.3,
      0.288,
      0.022,
      0.154,
      0.236,
      0.082,
      0.183,
      0.145,
      0.357,
      0.4,
      0.043,
      0.167,
      0.04,
      0.23,
      0.119,
      -0.06
    ],
    [
      -0.086,
      -0.088,
      0.277,
      0.254,
      0.128,
      0.049,
      0.243,
      -0.027,
      -0.001,
      0.213,
      -0.013,
      0.101,
      -0.019,
      0.207,
      0.355,
      -0.022,
      0.327,
      0.08,
      0.083,
      1.0,
      0.103,
      0.165,
      0.014,
      0.013,
      0.046,
      -0.026,
      0.04,
      -0.035,
      0.209,
      0.066,
      0.112,
      0.066,
      0.0,
      -0.111,
      0.046,
      0.104,
      0.066,
      0.161,
      0.256,
      0.129,
      0.209,
      -0.025,
      0.062,
      -0.037,
      0.128,
      0.364,
      0.084,
      0.123,
      0.215,
      0.102,
      0.001,
      0.129,
      -0.009,
      -0.085,
      0.101,
      -0.07,
      0.309,
      0.026,
      0.047,
      0.247,
      0.107,
      0.243
    ],
    [
      0.047,
      0.28,
      0.232,
      0.22,
      0.413,
      0.053,
      0.336,
      0.112,
      0.124,
      -0.198,
      -0.02,
      -0.017,
      0.085,
      0.108,
      0.085,
      0.211,
      0.022,
      0.226,
      0.25,
      0.103,
      1.0,
      0.176,
      0.118,
      -0.135,
      0.192,
      0.025,
      0.112,
      -0.067,
      0.214,
      0.234,
      0.211,
      0.137,
      0.12,
      0.238,
      0.226,
      0.175,
      0.114,
      0.102,
      0.105,
      0.116,
      0.119,
      0.27,
      0.109,
      0.269,
      0.213,
      0.113,
      0.284,
      0.159,
      0.072,
      0.048,
      0.24,
      0.083,
      0.194,
      0.208,
      0.081,
      0.373,
      0.001,
      0.124,
      0.067,
      0.12,
      0.222,
      0.085
    ],
    [
      -0.033,
      0.281,
      0.399,
      0.215,
      0.267,
      0.032,
      0.436,
      0.058,
      0.142,
      0.228,
      -0.016,
      -0.01,
      0.059,
      0.146,
      0.215,
      0.191,
      0.257,
      0.134,
      0.353,
      0.165,
      0.176,
      1.0,
      0.165,
      -0.118,
      0.246,
      0.139,
      0.157,
      -0.051,
      0.323,
      0.262,
      0.327,
      0.262,
      0.226,
      0.223,
      0.231,
      0.138,
      0.132,
      0.124,
      0.136,
      0.036,
      0.332,
      0.233,
      0.279,
      0.228,
      0.197,
      0.215,
      0.249,
      0.191,
      0.142,
      0.109,
      0.337,
      0.064,
      0.263,
      0.129,
      0.32,
      0.332,
      0.127,
      0.124,
      0.081,
      0.305,
      0.198,
      0.087
    ],
    [
      0.001,
      0.393,
      0.095,
      0.166,
      0.152,
      0.112,
      0.212,
      0.022,
      0.1,
      -0.036,
      -0.029,
      0.034,
      0.107,
      0.018,
      0.012,
      0.185,
      0.054,
      0.15,
      0.155,
      0.014,
      0.118,
      0.165,
      1.0,
      -0.191,
      0.258,
      0.085,
      0.271,
      -0.141,
      0.026,
      0.295,
      0.043,
      0.375,
      0.123,
      0.457,
      0.242,
      0.178,
      0.037,
      0.147,
      0.107,
      -0.002,
      -0.071,
      0.222,
      0.143,
      0.313,
      0.324,
      0.046,
      0.381,
      0.35,
      0.054,
      0.174,
      0.414,
      0.04,
      0.116,
      0.318,
      0.043,
      0.236,
      0.086,
      0.202,
      0.098,
      0.098,
      0.247,
      -0.011
    ],
    [
      -0.106,
      -0.159,
      -0.119,
      -0.107,
      -0.069,
      -0.162,
      -0.148,
      -0.088,
      -0.118,
      0.101,
      -0.012,
      -0.011,
      -0.091,
      0.077,
      -0.044,
      -0.069,
      0.012,
      -0.276,
      -0.139,
      0.013,
      -0.135,
      -0.118,
      -0.191,
      1.0,
      -0.233,
      -0.086,
      -0.202,
      0.387,
      -0.041,
      -0.194,
      0.025,
      -0.196,
      -0.126,
      -0.207,
      -0.141,
      -0.153,
      -0.096,
      -0.039,
      0.017,
      0.012,
      0.071,
      -0.048,
      -0.09,
      -0.136,
      -0.268,
      -0.025,
      -0.401,
      -0.387,
      -0.039,
      -0.155,
      -0.22,
      -0.064,
      -0.129,
      -0.208,
      -0.09,
      -0.16,
      0.095,
      -0.286,
      -0.006,
      -0.056,
      -0.218,
      0.077
    ],
    [
      0.111,
      0.357,
      0.205,
      0.13,
      0.154,
      0.128,
      0.232,
      0.14,
      0.237,
      -0.021,
      -0.156,
      -0.045,
      0.201,
      0.01,
      -0.034,
      0.17,
      0.026,
      0.185,
      0.178,
      0.046,
      0.192,
      0.246,
      0.258,
      -0.233,
      1.0,
      0.118,
      0.287,
      -0.128,
      0.153,
      0.439,
      0.083,
      0.439,
      0.264,
      0.314,
      0.099,
      0.256,
      0.143,
      0.002,
      0.073,
      -0.096,
      0.178,
      0.081,
      0.133,
      0.246,
      0.361,
      0.034,
      0.482,
      0.412,
      -0.082,
      0.275,
      0.457,
      0.073,
      0.067,
      0.229,
      0.178,
      0.197,
      0.065,
      0.439,
      0.213,
      0.134,
      0.359,
      -0.083
    ],
    [
      -0.042,
      0.098,
      0.068,
      0.048,
      0.091,
      0.013,
      0.075,
      -0.04,
      0.061,
      -0.039,
      0.012,
      0.077,
      0.018,
      -0.048,
      -0.106,
      0.155,
      -0.089,
      0.061,
      0.133,
      -0.026,
      0.025,
      0.139,
      0.085,
      -0.086,
      0.118,
      1.0,
      -0.036,
      -0.002,
      -0.037,
      0.065,
      0.056,
      0.085,
      0.001,
      0.09,
      0.04,
      0.043,
      0.084,
      -0.052,
      -0.088,
      -0.024,
      0.071,
      0.053,
      0.04,
      0.032,
      -0.068,
      -0.051,
      0.084,
      0.127,
      -0.076,
      0.012,
      0.044,
      0.058,
      0.104,
      0.082,
      0.073,
      0.077,
      -0.077,
      0.055,
      -0.03,
      -0.103,
      0.01,
      -0.068
    ],
    [
      0.13,
      0.243,
      0.047,
      0.24,
      0.106,
      0.079,
      0.106,
      0.005,
      0.037,
      0.049,
      -0.06,
      -0.01,
      0.078,
      0.136,
      0.084,
      0.127,
      0.027,
      0.282,
      0.078,
      0.04,
      0.112,
      0.157,
      0.271,
      -0.202,
      0.287,
      -0.036,
      1.0,
      -0.125,
      0.11,
      0.171,
      0.135,
      0.291,
      0.131,
      0.252,
      0.13,
      0.295,
      -0.086,
      0.12,
      0.129,
      0.014,
      -0.137,
      0.074,
      0.087,
      0.21,
      0.329,
      0.019,
      0.278,
      0.2,
      -0.052,
      0.175,
      0.21,
      0.1,
      0.159,
      0.346,
      -0.027,
      0.075,
      -0.027,
      0.281,
      0.039,
      0.019,
      0.295,
      0.06
    ],
    [
      -0.111,
      -0.105,
      -0.052,
      -0.123,
      -0.016,
      -0.149,
      -0.088,
      -0.074,
      -0.046,
      0.022,
      0.036,
      0.03,
      0.032,
      0.032,
      -0.088,
      0.1,
      -0.083,
      -0.177,
      -0.098,
      -0.035,
      -0.067,
      -0.051,
      -0.141,
      0.387,
      -0.128,
      -0.002,
      -0.125,
      1.0,
      0.044,
      -0.178,
      -0.048,
      -0.14,
      -0.083,
      -0.141,
      -0.132,
      -0.098,
      -0.102,
      -0.081,
      -0.02,
      0.05,
      0.067,
      -0.063,
      -0.031,
      -0.15,
      -0.221,
      -0.063,
      -0.22,
      -0.295,
      -0.014,
      -0.076,
      -0.155,
      -0.048,
      -0.04,
      -0.142,
      0.014,
      -0.047,
      -0.121,
      -0.254,
      -0.055,
      -0.094,
      -0.219,
      -0.024
    ],
    [
      -0.059,
      0.063,
      0.468,
      0.305,
      0.268,
      0.045,
      0.703,
      0.027,
      0.036,
      0.129,
      -0.046,
      -0.02,
      0.06,
      0.304,
      0.264,
      0.054,
      0.379,
      0.132,
      0.312,
      0.209,
      0.214,
      0.323,
      0.026,
      -0.041,
      0.153,
      -0.037,
      0.11,
      0.044,
      1.0,
      0.112,
      0.289,
      0.142,
      0.013,
      0.037,
      0.144,
      0.112,
      -0.059,
      0.284,
      0.18,
      0.032,
      0.301,
      0.218,
      0.218,
      0.075,
      0.06,
      0.303,
      0.182,
      0.205,
      0.182,
      0.162,
      0.074,
      -0.076,
      0.04,
      0.116,
      0.266,
      0.278,
      0.274,
      0.045,
      0.053,
      0.243,
      0.163,
      0.232
    ],
    [
      0.025,
      0.43,
      0.159,
      0.176,
      0.17,
      0.1,
      0.238,
      0.055,
      0.19,
      -0.067,
      -0.053,
      -0.016,
      0.222,
      -0.06,
      -0.071,
      0.156,
      -0.058,
      0.176,
      0.316,
      0.066,
      0.234,
      0.262,
      0.295,
      -0.194,
      0.439,
      0.065,
      0.171,
      -0.178,
      0.112,
      1.0,
      0.151,
      0.452,
      0.245,
      0.427,
      0.262,
      0.318,
      0.091,
      0.015,
      -0.037,
      -0.065,
      0.13,
      0.123,
      0.185,
      0.403,
      0.409,
      -0.063,
      0.675,
      0.583,
      -0.027,
      0.304,
      0.524,
      0.14,
      0.194,
      0.227,
      0.183,
      0.332,
      0.0,
      0.472,
      0.155,
      0.168,
      0.35,
      -0.124
    ],
    [
      0.024,
      0.117,
      0.282,
      0.205,
      0.262,
      0.02,
      0.315,
      -0.007,
      0.065,
      0.137,
      -0.102,
      -0.089,
      0.034,
      0.203,
      0.165,
      0.051,
      0.148,
      0.102,
      0.158,
      0.112,
      0.211,
      0.327,
      0.043,
      0.025,
      0.083,
      0.056,
      0.135,
      -0.048,
      0.289,
      0.151,
      1.0,
      0.171,
      0.092,
      0.112,
      0.22,
      0.2,
      -0.002,
      0.229,
      0.202,
      0.065,
      0.239,
      0.261,
      0.183,
      0.182,
      0.096,
      0.256,
      0.21,
      0.177,
      0.142,
      0.135,
      0.226,
      0.053,
      0.198,
      0.132,
      0.17,
      0.167,
      0.226,
      0.062,
      0.116,
      0.159,
      0.216,
      0.129
    ],
    [
      0.115,
      0.442,
      0.128,
      0.298,
      0.155,
      0.137,
      0.232,
      0.061,
      0.158,
      -0.102,
      -0.022,
      -0.047,
      0.195,
      0.068,
      0.061,
      0.247,
      0.098,
      0.249,
      0.267,
      0.066,
      0.137,
      0.262,
      0.375,
      -0.196,
      0.439,
      0.085,
      0.291,
      -0.14,
      0.142,
      0.452,
      0.171,
      1.0,
      0.147,
      0.417,
      0.131,
      0.396,
      0.006,
      0.091,
      0.053,
      -0.082,
      0.1,
      0.149,
      0.15,
      0.349,
      0.402,
      -0.005,
      0.546,
      0.482,
      -0.002,
      0.359,
      0.504,
      0.093,
      0.168,
      0.329,
      0.202,
      0.204,
      0.023,
      0.399,
      0.127,
      0.131,
      0.342,
      0.004
    ],
    [
      -0.01,
      0.24,
      0.061,
      0.027,
      0.047,
      0.215,
      0.108,
      0.153,
      0.13,
      -0.031,
      0.034,
      0.08,
      0.159,
      0.014,
      0.047,
      0.105,
      -0.045,
      0.076,
      0.072,
      0.0,
      0.12,
      0.226,
      0.123,
      -0.126,
      0.264,
      0.001,
      0.131,
      -0.083,
      0.013,
      0.245,
      0.092,
      0.147,
      1.0,
      0.179,
      0.142,
      0.182,
      0.209,
      -0.016,
      -0.028,
      0.027,
      0.047,
      0.065,
      0.103,
      0.263,
      0.282,
      -0.081,
      0.25,
      0.258,
      -0.033,
      0.151,
      0.244,
      0.138,
      0.121,
      0.161,
      0.031,
      0.132,
      -0.051,
      0.206,
      0.154,
      -0.0,
      0.174,
      -0.042
    ],
    [
      0.024,
      0.759,
      0.14,
      0.161,
      0.261,
      0.136,
      0.243,
      0.104,
      0.297,
      -0.115,
      -0.081,
      -0.097,
      0.129,
      0.073,
      -0.032,
      0.264,
      -0.046,
      0.189,
      0.251,
      -0.111,
      0.238,
      0.223,
      0.457,
      -0.207,
      0.314,
      0.09,
      0.252,
      -0.141,
      0.037,
      0.427,
      0.112,
      0.417,
      0.179,
      1.0,
      0.278,
      0.149,
      0.109,
      0.093,
      0.157,
      -0.043,
      -0.025,
      0.352,
      0.169,
      0.624,
      0.337,
      0.072,
      0.496,
      0.309,
      0.018,
      0.275,
      0.73,
      0.065,
      0.176,
      0.33,
      0.115,
      0.436,
      -0.079,
      0.276,
      0.086,
      0.117,
      0.201,
      0.021
    ],
    [
      0.027,
      0.312,
      0.294,
      0.252,
      0.454,
      0.112,
      0.251,
      0.013,
      0.102,
      0.167,
      0.012,
      0.002,
      -0.145,
      0.127,
      0.02,
      0.153,
      0.058,
      0.183,
      0.239,
      0.046,
      0.226,
      0.231,
      0.242,
      -0.141,
      0.099,
      0.04,
      0.13,
      -0.132,
      0.144,
      0.262,
      0.22,
      0.131,
      0.142,
      0.278,
      1.0,
      0.171,
      0.011,
      0.309,
      0.161,
      0.089,
      0.136,
      0.349,
      0.284,
      0.302,
      0.221,
      0.071,
      0.297,
      0.234,
      0.119,
      -0.016,
      0.298,
      0.096,
      0.076,
      0.208,
      0.09,
      0.296,
      0.111,
      0.013,
      0.017,
      0.215,
      0.126,
      0.006
    ],
    [
      0.059,
      0.196,
      0.15,
      0.312,
      0.165,
      0.181,
      0.143,
      0.007,
      0.131,
      -0.027,
      -0.044,
      -0.111,
      0.223,
      0.008,
      0.061,
      0.133,
      0.144,
      0.2,
      0.161,
      0.104,
      0.175,
      0.138,
      0.178,
      -0.153,
      0.256,
      0.043,
      0.295,
      -0.098,
      0.112,
      0.318,
      0.2,
      0.396,
      0.182,
      0.149,
      0.171,
      1.0,
      0.074,
      0.071,
      0.014,
      -0.039,
      0.093,
      0.04,
      0.133,
      0.207,
      0.346,
      0.074,
      0.396,
      0.423,
      0.154,
      0.221,
      0.233,
      0.079,
      0.12,
      0.317,
      0.214,
      0.128,
      0.019,
      0.401,
      0.122,
      0.071,
      0.34,
      -0.001
    ],
    [
      0.128,
      0.112,
      0.133,
      -0.047,
      0.056,
      0.023,
      0.033,
      0.054,
      0.23,
      -0.046,
      0.136,
      0.075,
      0.128,
      -0.086,
      -0.016,
      0.179,
      -0.099,
      0.012,
      0.119,
      0.066,
      0.114,
      0.132,
      0.037,
      -0.096,
      0.143,
      0.084,
      -0.086,
      -0.102,
      -0.059,
      0.091,
      -0.002,
      0.006,
      0.209,
      0.109,
      0.011,
      0.074,
      1.0,
      -0.043,
      -0.338,
      0.017,
      0.042,
      -0.031,
      0.031,
      0.12,
      0.085,
      0.024,
      0.14,
      0.11,
      -0.022,
      -0.005,
      0.122,
      0.088,
      0.152,
      0.069,
      0.113,
      0.002,
      -0.015,
      0.131,
      0.038,
      0.098,
      0.115,
      -0.087
    ],
    [
      0.025,
      -0.003,
      0.307,
      0.217,
      0.304,
      0.066,
      0.291,
      0.034,
      0.112,
      0.336,
      -0.1,
      -0.092,
      -0.154,
      0.513,
      0.309,
      -0.132,
      0.413,
      0.23,
      -0.055,
      0.161,
      0.102,
      0.124,
      0.147,
      -0.039,
      0.002,
      -0.052,
      0.12,
      -0.081,
      0.284,
      0.015,
      0.229,
      0.091,
      -0.016,
      0.093,
      0.309,
      0.071,
      -0.043,
      1.0,
      0.394,
      0.193,
      0.068,
      0.38,
      0.1,
      0.137,
      0.0,
      0.355,
      0.101,
      0.003,
      0.192,
      0.047,
      0.131,
      0.077,
      0.136,
      0.144,
      0.05,
      0.202,
      0.466,
      -0.062,
      0.016,
      0.099,
      0.16,
      0.457
    ],
    [
      0.022,
      0.145,
      0.233,
      0.179,
      0.198,
      0.003,
      0.234,
      0.047,
      0.009,
      0.287,
      -0.08,
      -0.08,
      -0.191,
      0.568,
      0.136,
      -0.014,
      0.328,
      0.091,
      0.058,
      0.256,
      0.105,
      0.136,
      0.107,
      0.017,
      0.073,
      -0.088,
      0.129,
      -0.02,
      0.18,
      -0.037,
      0.202,
      0.053,
      -0.028,
      0.157,
      0.161,
      0.014,
      -0.338,
      0.394,
      1.0,
      0.078,
      0.06,
      0.293,
      0.205,
      0.188,
      0.01,
      0.457,
      0.025,
      -0.068,
      0.256,
      0.097,
      0.212,
      -0.022,
      0.047,
      0.038,
      0.011,
      0.253,
      0.36,
      -0.113,
      -0.015,
      0.119,
      0.048,
      0.488
    ],
    [
      0.094,
      -0.019,
      0.113,
      0.125,
      0.234,
      0.15,
      0.04,
      0.014,
      0.048,
      0.036,
      0.027,
      0.1,
      -0.061,
      0.069,
      0.121,
      0.051,
      0.117,
      0.084,
      -0.008,
      0.129,
      0.116,
      0.036,
      -0.002,
      0.012,
      -0.096,
      -0.024,
      0.014,
      0.05,
      0.032,
      -0.065,
      0.065,
      -0.082,
      0.027,
      -0.043,
      0.089,
      -0.039,
      0.017,
      0.193,
      0.078,
      1.0,
      0.033,
      0.051,
      0.006,
      0.064,
      -0.01,
      0.114,
      -0.038,
      -0.003,
      0.382,
      0.021,
      0.003,
      0.036,
      0.085,
      -0.041,
      -0.09,
      0.055,
      0.069,
      -0.078,
      -0.092,
      0.016,
      -0.041,
      0.033
    ],
    [
      -0.037,
      0.012,
      0.361,
      0.162,
      0.189,
      0.11,
      0.277,
      -0.014,
      0.128,
      0.036,
      -0.075,
      0.053,
      0.117,
      0.063,
      0.152,
      0.09,
      0.142,
      0.054,
      0.212,
      0.209,
      0.119,
      0.332,
      -0.071,
      0.071,
      0.178,
      0.071,
      -0.137,
      0.067,
      0.301,
      0.13,
      0.239,
      0.1,
      0.047,
      -0.025,
      0.136,
      0.093,
      0.042,
      0.068,
      0.06,
      0.033,
      1.0,
      0.048,
      0.114,
      -0.002,
      0.058,
      0.111,
      0.184,
      0.185,
      0.103,
      0.142,
      0.092,
      0.099,
      -0.026,
      -0.087,
      0.289,
      0.173,
      0.163,
      0.063,
      0.062,
      0.158,
      0.156,
      0.075
    ],
    [
      -0.094,
      0.323,
      0.162,
      0.176,
      0.309,
      0.017,
      0.352,
      0.073,
      0.102,
      0.066,
      -0.11,
      -0.205,
      -0.134,
      0.314,
      -0.029,
      0.086,
      0.104,
      0.14,
      0.181,
      -0.025,
      0.27,
      0.233,
      0.222,
      -0.048,
      0.081,
      0.053,
      0.074,
      -0.063,
      0.218,
      0.123,
      0.261,
      0.149,
      0.065,
      0.352,
      0.349,
      0.04,
      -0.031,
      0.38,
      0.293,
      0.051,
      0.048,
      1.0,
      0.175,
      0.407,
      0.108,
      0.168,
      0.178,
      0.035,
      0.098,
      0.078,
      0.389,
      0.03,
      0.198,
      0.259,
      0.153,
      0.649,
      0.134,
      -0.033,
      0.063,
      0.027,
      0.158,
      0.162
    ],
    [
      0.011,
      0.191,
      0.281,
      0.196,
      0.187,
      0.065,
      0.274,
      0.078,
      0.021,
      0.16,
      0.146,
      -0.028,
      0.092,
      0.147,
      -0.014,
      0.119,
      0.085,
      0.055,
      0.217,
      0.062,
      0.109,
      0.279,
      0.143,
      -0.09,
      0.133,
      0.04,
      0.087,
      -0.031,
      0.218,
      0.185,
      0.183,
      0.15,
      0.103,
      0.169,
      0.284,
      0.133,
      0.031,
      0.1,
      0.205,
      0.006,
      0.114,
      0.175,
      1.0,
      0.104,
      0.104,
      0.226,
      0.107,
      0.115,
      0.207,
      0.066,
      0.14,
      -0.085,
      0.063,
      0.161,
      0.094,
      0.238,
      0.134,
      0.06,
      0.031,
      0.345,
      0.087,
      0.123
    ],
    [
      0.066,
      0.707,
      0.075,
      0.213,
      0.344,
      0.097,
      0.264,
      0.11,
      0.155,
      -0.135,
      -0.065,
      -0.149,
      -0.008,
      0.182,
      -0.111,
      0.201,
      -0.073,
      0.09,
      0.2,
      -0.037,
      0.269,
      0.228,
      0.313,
      -0.136,
      0.246,
      0.032,
      0.21,
      -0.15,
      0.075,
      0.403,
      0.182,
      0.349,
      0.263,
      0.624,
      0.302,
      0.207,
      0.12,
      0.137,
      0.188,
      0.064,
      -0.002,
      0.407,
      0.104,
      1.0,
      0.306,
      0.05,
      0.405,
      0.267,
      0.067,
      0.171,
      0.695,
      0.118,
      0.242,
      0.285,
      0.156,
      0.444,
      -0.046,
      0.207,
      0.178,
      0.055,
      0.276,
      0.032
    ],
    [
      0.074,
      0.347,
      0.141,
      0.227,
      0.137,
      0.212,
      0.186,
      0.199,
      0.052,
      0.002,
      0.05,
      -0.037,
      0.145,
      -0.08,
      0.074,
      0.186,
      0.105,
      0.272,
      0.157,
      0.128,
      0.213,
      0.197,
      0.324,
      -0.268,
      0.361,
      -0.068,
      0.329,
      -0.221,
      0.06,
      0.409,
      0.096,
      0.402,
      0.282,
      0.337,
      0.221,
      0.346,
      0.085,
      0.0,
      0.01,
      -0.01,
      0.058,
      0.108,
      0.104,
      0.306,
      1.0,
      -0.008,
      0.445,
      0.419,
      -0.018,
      0.366,
      0.432,
      0.124,
      0.076,
      0.343,
      0.209,
      0.231,
      0.033,
      0.368,
      0.053,
      0.118,
      0.326,
      -0.078
    ],
    [
      -0.023,
      -0.002,
      0.407,
      0.249,
      0.226,
      0.016,
      0.302,
      0.015,
      0.087,
      0.429,
      -0.05,
      0.001,
      -0.052,
      0.526,
      0.312,
      -0.013,
      0.454,
      0.093,
      0.075,
      0.364,
      0.113,
      0.215,
      0.046,
      -0.025,
      0.034,
      -0.051,
      0.019,
      -0.063,
      0.303,
      -0.063,
      0.256,
      -0.005,
      -0.081,
      0.072,
      0.071,
      0.074,
      0.024,
      0.355,
      0.457,
      0.114,
      0.111,
      0.168,
      0.226,
      0.05,
      -0.008,
      1.0,
      -0.023,
      -0.033,
      0.274,
      0.023,
      0.093,
      0.099,
      0.008,
      0.052,
      0.102,
      0.111,
      0.42,
      -0.083,
      0.045,
      0.219,
      0.087,
      0.527
    ],
    [
      0.065,
      0.506,
      0.227,
      0.228,
      0.268,
      0.174,
      0.294,
      0.074,
      0.24,
      -0.115,
      -0.081,
      -0.002,
      0.172,
      -0.007,
      -0.053,
      0.225,
      -0.026,
      0.294,
      0.3,
      0.084,
      0.284,
      0.249,
      0.381,
      -0.401,
      0.482,
      0.084,
      0.278,
      -0.22,
      0.182,
      0.675,
      0.21,
      0.546,
      0.25,
      0.496,
      0.297,
      0.396,
      0.14,
      0.101,
      0.025,
      -0.038,
      0.184,
      0.178,
      0.107,
      0.405,
      0.445,
      -0.023,
      1.0,
      0.698,
      -0.009,
      0.323,
      0.615,
      0.154,
      0.189,
      0.333,
      0.218,
      0.351,
      -0.056,
      0.527,
      0.163,
      0.171,
      0.417,
      -0.081
    ],
    [
      0.027,
      0.382,
      0.2,
      0.312,
      0.19,
      0.259,
      0.259,
      0.046,
      0.158,
      -0.125,
      -0.089,
      -0.01,
      0.271,
      -0.11,
      0.007,
      0.215,
      -0.025,
      0.254,
      0.288,
      0.123,
      0.159,
      0.191,
      0.35,
      -0.387,
      0.412,
      0.127,
      0.2,
      -0.295,
      0.205,
      0.583,
      0.177,
