{
  "meta": {
    "generated_at": "2026-06-04T10:49:46+00:00",
    "n_tickers": 61,
    "n_clusters": 0,
    "redundant_threshold": 0.75
  },
  "tickers": [
    "NTO",
    "ABBNE",
    "ABNB",
    "ADYEN",
    "AMZN",
    "BFIT",
    "BN",
    "CBAV",
    "CELH",
    "CHKP",
    "COR",
    "COST",
    "CPR",
    "CRWD",
    "DNP",
    "DSGX",
    "EVD",
    "FERG",
    "FICO",
    "GOOG",
    "GRMN",
    "HLMA",
    "IPCO",
    "ITX",
    "JDG",
    "JFN",
    "KIST",
    "KKR",
    "KRX",
    "KSPI",
    "LIFCO B",
    "LOTB",
    "LR",
    "META",
    "MIPS",
    "MNST",
    "MSFT",
    "NET",
    "NFLX",
    "NKE",
    "NVDA",
    "OTLY",
    "PRY",
    "RAA",
    "S",
    "SGO",
    "SIKA",
    "SPOT",
    "STMN",
    "SU",
    "TFF",
    "TFPM",
    "TGYM",
    "TREX",
    "TSM",
    "VEEV",
    "VID",
    "VRLA",
    "VLTO",
    "WOSG",
    "ZS"
  ],
  "matrix_1y": [
    [
      1.0,
      0.092,
      -0.153,
      0.032,
      0.046,
      0.008,
      -0.047,
      -0.012,
      0.022,
      -0.016,
      0.204,
      0.048,
      -0.063,
      0.019,
      -0.012,
      0.106,
      0.061,
      0.019,
      -0.105,
      0.038,
      -0.04,
      0.022,
      -0.055,
      0.083,
      -0.028,
      0.106,
      -0.064,
      -0.051,
      -0.036,
      0.02,
      0.103,
      0.012,
      0.017,
      0.046,
      0.063,
      0.133,
      0.041,
      0.018,
      0.098,
      -0.047,
      -0.074,
      0.021,
      0.053,
      0.045,
      -0.018,
      0.026,
      0.022,
      0.069,
      -0.034,
      0.101,
      -0.008,
      -0.045,
      0.074,
      -0.158,
      0.004,
      0.027,
      0.069,
      -0.111,
      0.116,
      0.02,
      -0.011
    ],
    [
      0.092,
      1.0,
      0.152,
      0.182,
      0.256,
      0.172,
      0.296,
      0.116,
      0.125,
      -0.14,
      -0.006,
      -0.078,
      0.131,
      0.041,
      0.297,
      -0.06,
      0.147,
      0.281,
      -0.078,
      0.29,
      0.289,
      0.523,
      -0.177,
      0.378,
      0.083,
      0.246,
      -0.108,
      0.081,
      0.445,
      0.103,
      0.448,
      0.273,
      0.769,
      0.31,
      0.197,
      0.139,
      -0.016,
      0.12,
      -0.015,
      0.019,
      0.321,
      0.201,
      0.707,
      0.325,
      -0.018,
      0.527,
      0.396,
      0.074,
      0.26,
      0.788,
      0.078,
      0.126,
      0.287,
      0.191,
      0.448,
      -0.157,
      0.293,
      0.1,
      0.108,
      0.312,
      -0.056
    ],
    [
      -0.153,
      0.152,
      1.0,
      0.321,
      0.366,
      0.127,
      0.482,
      0.1,
      0.108,
      0.203,
      -0.008,
      -0.041,
      0.01,
      0.331,
      0.03,
      0.316,
      0.204,
      0.231,
      0.291,
      0.225,
      0.418,
      0.123,
      -0.125,
      0.217,
      0.025,
      0.062,
      -0.044,
      0.484,
      0.176,
      0.286,
      0.135,
      0.095,
      0.143,
      0.284,
      0.152,
      0.154,
      0.304,
      0.222,
      0.114,
      0.379,
      0.145,
      0.308,
      0.062,
      0.141,
      0.405,
      0.228,
      0.2,
      0.219,
      0.221,
      0.23,
      0.045,
      -0.019,
      0.136,
      0.274,
      0.164,
      0.376,
      0.038,
      0.007,
      0.383,
      0.216,
      0.308
    ],
    [
      0.032,
      0.182,
      0.321,
      1.0,
      0.264,
      0.226,
      0.201,
      0.013,
      0.169,
      0.144,
      0.059,
      -0.041,
      0.071,
      0.205,
      0.038,
      0.157,
      0.19,
      0.182,
      0.261,
      0.207,
      0.219,
      0.124,
      -0.112,
      0.158,
      0.014,
      0.264,
      -0.13,
      0.283,
      0.189,
      0.237,
      0.292,
      0.073,
      0.147,
      0.227,
      0.328,
      -0.028,
      0.2,
      0.166,
      0.143,
      0.192,
      0.133,
      0.196,
      0.218,
      0.22,
      0.244,
      0.23,
      0.307,
      0.299,
      0.347,
      0.264,
      0.066,
      0.161,
      0.244,
      0.098,
      0.222,
      0.327,
      0.205,
      0.038,
      0.231,
      0.245,
      0.166
    ],
    [
      0.046,
      0.256,
      0.366,
      0.264,
      1.0,
      0.116,
      0.357,
      0.054,
      0.198,
      0.001,
      -0.121,
      0.001,
      0.01,
      0.158,
      0.111,
      0.063,
      0.202,
      0.247,
      0.125,
      0.401,
      0.252,
      0.165,
      -0.068,
      0.18,
      0.078,
      0.109,
      -0.009,
      0.258,
      0.182,
      0.258,
      0.149,
      0.081,
      0.272,
      0.428,
      0.177,
      0.066,
      0.278,
      0.174,
      0.225,
      0.176,
      0.275,
      0.209,
      0.334,
      0.137,
      0.211,
      0.281,
      0.208,
      0.165,
      0.169,
      0.272,
      0.118,
      0.077,
      0.183,
      0.196,
      0.312,
      0.158,
      0.073,
      0.059,
      0.111,
      0.178,
      0.083
    ],
    [
      0.008,
      0.172,
      0.127,
      0.226,
      0.116,
      1.0,
      0.098,
      0.003,
      0.03,
      -0.13,
      -0.033,
      0.021,
      0.177,
      0.018,
      0.159,
      0.055,
      0.192,
      0.052,
      0.061,
      0.096,
      0.067,
      0.139,
      -0.187,
      0.154,
      0.009,
      0.103,
      -0.162,
      0.061,
      0.141,
      0.035,
      0.148,
      0.188,
      0.168,
      0.147,
      0.204,
      -0.001,
      0.086,
      0.047,
      0.15,
      0.138,
      0.052,
      0.065,
      0.145,
      0.216,
      0.038,
      0.199,
      0.272,
      0.173,
      0.188,
      0.128,
      0.039,
      0.086,
      0.194,
      0.104,
      0.066,
      0.092,
      0.317,
      0.069,
      0.057,
      0.155,
      -0.014
    ],
    [
      -0.047,
      0.296,
      0.482,
      0.201,
      0.357,
      0.098,
      1.0,
      0.055,
      0.109,
      0.048,
      -0.09,
      -0.007,
      0.062,
      0.249,
      0.18,
      0.282,
      0.157,
      0.46,
      0.244,
      0.312,
      0.434,
      0.277,
      -0.164,
      0.219,
      0.069,
      0.12,
      -0.07,
      0.7,
      0.237,
      0.33,
      0.226,
      0.117,
      0.263,
      0.242,
      0.156,
      0.037,
      0.292,
      0.228,
      0.044,
      0.278,
      0.353,
      0.281,
      0.283,
      0.183,
      0.306,
      0.298,
      0.278,
      0.135,
      0.194,
      0.261,
      -0.023,
      0.111,
      0.189,
      0.336,
      0.439,
      0.193,
      0.141,
      0.085,
      0.189,
      0.297,
      0.174
    ],
    [
      -0.012,
      0.116,
      0.1,
      0.013,
      0.054,
      0.003,
      0.055,
      1.0,
      0.154,
      -0.039,
      0.068,
      0.014,
      0.124,
      0.004,
      0.039,
      0.05,
      0.067,
      0.084,
      -0.019,
      0.131,
      0.065,
      0.127,
      -0.114,
      0.162,
      -0.05,
      0.002,
      -0.057,
      0.041,
      0.064,
      -0.009,
      0.071,
      0.167,
      0.134,
      0.047,
      -0.008,
      0.062,
      0.053,
      0.047,
      0.001,
      -0.021,
      0.104,
      0.105,
      0.133,
      0.169,
      0.034,
      0.109,
      0.11,
      0.012,
      0.013,
      0.113,
      0.032,
      -0.019,
      0.083,
      0.098,
      0.055,
      -0.012,
      0.052,
      0.001,
      0.128,
      0.049,
      -0.101
    ],
    [
      0.022,
      0.125,
      0.108,
      0.169,
      0.198,
      0.03,
      0.109,
      0.154,
      1.0,
      -0.024,
      0.041,
      0.089,
      0.091,
      -0.061,
      0.149,
      0.053,
      0.077,
      0.158,
      0.004,
      0.157,
      0.167,
      0.146,
      -0.116,
      0.248,
      0.071,
      0.044,
      -0.031,
      0.064,
      0.179,
      0.067,
      0.166,
      0.13,
      0.307,
      0.128,
      0.141,
      0.23,
      0.138,
      0.03,
      0.061,
      0.138,
      0.137,
      0.042,
      0.162,
      0.045,
      0.104,
      0.245,
      0.158,
      0.059,
      0.059,
      0.186,
      0.067,
      0.077,
      0.018,
      0.102,
      0.236,
      0.101,
      0.067,
      0.181,
      0.163,
      0.094,
      -0.033
    ],
    [
      -0.016,
      -0.14,
      0.203,
      0.144,
      0.001,
      -0.13,
      0.048,
      -0.039,
      -0.024,
      1.0,
      0.107,
      -0.027,
      -0.067,
      0.387,
      -0.128,
      0.34,
      0.09,
      -0.114,
      0.235,
      -0.206,
      0.238,
      -0.073,
      0.096,
      -0.009,
      -0.019,
      0.039,
      0.011,
      0.135,
      -0.064,
      0.153,
      -0.104,
      -0.019,
      -0.134,
      0.176,
      -0.022,
      -0.037,
      0.332,
      0.288,
      0.035,
      0.061,
      0.075,
      0.167,
      -0.128,
      0.007,
      0.432,
      -0.118,
      -0.129,
      0.119,
      0.016,
      -0.049,
      -0.036,
      -0.005,
      -0.063,
      0.03,
      -0.056,
      0.319,
      -0.095,
      -0.029,
      0.155,
      0.009,
      0.347
    ],
    [
      0.204,
      -0.006,
      -0.008,
      0.059,
      -0.121,
      -0.033,
      -0.09,
      0.068,
      0.041,
      0.107,
      1.0,
      0.156,
      -0.092,
      -0.009,
      0.164,
      0.036,
      0.066,
      -0.034,
      -0.02,
      -0.041,
      -0.024,
      -0.01,
      -0.007,
      -0.182,
      0.001,
      -0.057,
      0.038,
      -0.065,
      -0.057,
      -0.092,
      -0.032,
      0.022,
      -0.059,
      0.013,
      -0.049,
      0.131,
      -0.094,
      -0.081,
      0.027,
      -0.08,
      -0.099,
      0.144,
      -0.05,
      0.048,
      -0.045,
      -0.088,
      -0.093,
      0.02,
      -0.032,
      -0.017,
      -0.114,
      0.026,
      -0.157,
      -0.144,
      -0.078,
      -0.027,
      -0.095,
      -0.036,
      0.257,
      -0.041,
      0.017
    ],
    [
      0.048,
      -0.078,
      -0.041,
      -0.041,
      0.001,
      0.021,
      -0.007,
      0.014,
      0.089,
      -0.027,
      0.156,
      1.0,
      0.047,
      -0.085,
      0.101,
      -0.016,
      -0.006,
      0.014,
      0.079,
      -0.018,
      0.009,
      0.006,
      -0.043,
      -0.019,
      0.085,
      -0.042,
      0.038,
      -0.028,
      -0.028,
      -0.087,
      -0.065,
      0.091,
      -0.072,
      0.0,
      -0.11,
      0.081,
      -0.113,
      -0.09,
      0.086,
      0.077,
      -0.18,
      -0.031,
      -0.128,
      -0.037,
      0.005,
      0.003,
      0.004,
      -0.085,
      0.002,
      -0.158,
      -0.034,
      -0.053,
      -0.041,
      -0.003,
      -0.04,
      -0.069,
      -0.054,
      0.038,
      0.13,
      0.001,
      -0.088
    ],
    [
      -0.063,
      0.131,
      0.01,
      0.071,
      0.01,
      0.177,
      0.062,
      0.124,
      0.091,
      -0.067,
      -0.092,
      0.047,
      1.0,
      -0.189,
      0.069,
      -0.029,
      0.127,
      0.176,
      -0.026,
      0.09,
      0.072,
      0.119,
      -0.105,
      0.201,
      0.023,
      0.06,
      0.049,
      0.064,
      0.216,
      0.052,
      0.189,
      0.173,
      0.137,
      -0.141,
      0.217,
      0.132,
      -0.157,
      -0.196,
      -0.07,
      0.124,
      -0.116,
      0.091,
      0.011,
      0.134,
      -0.046,
      0.179,
      0.278,
      -0.067,
      0.297,
      0.066,
      0.062,
      0.062,
      0.172,
      0.157,
      0.071,
      -0.054,
      0.319,
      0.106,
      -0.021,
      0.149,
      -0.187
    ],
    [
      0.019,
      0.041,
      0.331,
      0.205,
      0.158,
      0.018,
      0.249,
      0.004,
      -0.061,
      0.387,
      -0.009,
      -0.085,
      -0.189,
      1.0,
      -0.054,
      0.333,
      0.191,
      -0.004,
      0.224,
      0.111,
      0.121,
      0.087,
      0.063,
      0.011,
      -0.049,
      0.152,
      0.019,
      0.324,
      -0.068,
      0.167,
      0.077,
      -0.006,
      0.069,
      0.11,
      0.014,
      -0.092,
      0.526,
      0.559,
      0.072,
      0.04,
      0.293,
      0.128,
      0.137,
      -0.075,
      0.531,
      -0.001,
      -0.098,
      0.274,
      0.063,
      0.135,
      0.053,
      0.102,
      0.002,
      -0.015,
      0.132,
      0.41,
      -0.112,
      -0.05,
      0.161,
      0.083,
      0.694
    ],
    [
      -0.012,
      0.297,
      0.03,
      0.038,
      0.111,
      0.159,
      0.18,
      0.039,
      0.149,
      -0.128,
      0.164,
      0.101,
      0.069,
      -0.054,
      1.0,
      -0.115,
      0.016,
      0.222,
      -0.019,
      0.208,
      0.198,
      0.246,
      -0.085,
      0.162,
      0.168,
      0.141,
      0.099,
      0.044,
      0.15,
      0.074,
      0.251,
      0.105,
      0.29,
      0.157,
      0.137,
      0.168,
      -0.133,
      -0.008,
      0.062,
      0.095,
      0.114,
      0.122,
      0.239,
      0.195,
      -0.004,
      0.229,
      0.218,
      0.014,
      0.102,
      0.222,
      0.163,
      0.278,
      0.11,
      0.069,
      0.211,
      -0.228,
      0.137,
      0.036,
      0.004,
      0.089,
      -0.151
    ],
    [
      0.106,
      -0.06,
      0.316,
      0.157,
      0.063,
      0.055,
      0.282,
      0.05,
      0.053,
      0.34,
      0.036,
      -0.016,
      -0.029,
      0.333,
      -0.115,
      1.0,
      0.16,
      0.011,
      0.3,
      -0.0,
      0.232,
      0.047,
      -0.018,
      0.024,
      -0.084,
      -0.027,
      -0.064,
      0.344,
      -0.079,
      0.131,
      0.067,
      -0.025,
      -0.035,
      0.048,
      0.117,
      -0.081,
      0.383,
      0.28,
      0.1,
      0.144,
      0.103,
      0.047,
      -0.065,
      0.105,
      0.428,
      -0.02,
      -0.001,
      0.175,
      0.073,
      -0.014,
      -0.012,
      -0.091,
      -0.122,
      0.103,
      0.001,
      0.426,
      -0.115,
      -0.048,
      0.251,
      0.05,
      0.382
    ],
    [
      0.061,
      0.147,
      0.204,
      0.19,
      0.202,
      0.192,
      0.157,
      0.067,
      0.077,
      0.09,
      0.066,
      -0.006,
      0.127,
      0.191,
      0.016,
      0.16,
      1.0,
      0.046,
      0.102,
      0.199,
      0.139,
      0.126,
      -0.293,
      0.16,
      -0.007,
      0.284,
      -0.169,
      0.126,
      0.145,
      0.069,
      0.24,
      0.103,
      0.134,
      0.138,
      0.217,
      0.006,
      0.214,
      0.083,
      0.097,
      0.057,
      0.128,
      0.039,
      0.085,
      0.296,
      0.079,
      0.263,
      0.24,
      0.109,
      0.239,
      0.215,
      0.053,
      0.023,
      0.163,
      0.099,
      0.111,
      0.087,
      0.255,
      0.034,
      0.074,
      0.275,
      0.121
    ],
    [
      0.019,
      0.281,
      0.231,
      0.182,
      0.247,
      0.052,
      0.46,
      0.084,
      0.158,
      -0.114,
      -0.034,
      0.014,
      0.176,
      -0.004,
      0.222,
      0.011,
      0.046,
      1.0,
      0.093,
      0.21,
      0.333,
      0.217,
      -0.098,
      0.164,
      0.138,
      0.083,
      -0.078,
      0.289,
      0.313,
      0.173,
      0.262,
      0.106,
      0.25,
      0.211,
      0.187,
      0.114,
      -0.08,
      0.04,
      -0.013,
      0.189,
      0.153,
      0.213,
      0.211,
      0.164,
      0.062,
      0.286,
      0.272,
      0.016,
      0.186,
      0.242,
      0.083,
      0.173,
      0.148,
      0.345,
      0.385,
      0.013,
      0.164,
      0.046,
      0.185,
      0.131,
      -0.074
    ],
    [
      -0.105,
      -0.078,
      0.291,
      0.261,
      0.125,
      0.061,
      0.244,
      -0.019,
      0.004,
      0.235,
      -0.02,
      0.079,
      -0.026,
      0.224,
      -0.019,
      0.3,
      0.102,
      0.093,
      1.0,
      0.107,
      0.174,
      -0.042,
      -0.0,
      0.057,
      -0.029,
      0.044,
      -0.042,
      0.212,
      0.077,
      0.125,
      0.063,
      -0.003,
      -0.086,
      0.035,
      0.117,
      0.07,
      0.153,
      0.267,
      0.128,
      0.22,
      -0.038,
      0.066,
      -0.039,
      0.103,
      0.373,
      0.091,
      0.137,
      0.214,
      0.144,
      0.009,
      0.111,
      -0.025,
      -0.083,
      0.094,
      -0.07,
      0.312,
      0.062,
      0.049,
      0.264,
      0.102,
      0.249
    ],
    [
      0.038,
      0.29,
      0.225,
      0.207,
      0.401,
      0.096,
      0.312,
      0.131,
      0.157,
      -0.206,
      -0.041,
      -0.018,
      0.09,
      0.111,
      0.208,
      -0.0,
      0.199,
      0.21,
      0.107,
      1.0,
      0.163,
      0.125,
      -0.138,
      0.208,
      0.008,
      0.112,
      -0.052,
      0.194,
      0.241,
      0.224,
      0.126,
      0.16,
      0.251,
      0.201,
      0.183,
      0.117,
      0.072,
      0.088,
      0.109,
      0.119,
      0.249,
      0.129,
      0.277,
      0.209,
      0.1,
      0.295,
      0.166,
      0.068,
      0.093,
      0.245,
      0.096,
      0.15,
      0.188,
      0.081,
      0.372,
      -0.034,
      0.137,
      0.066,
      0.104,
      0.226,
      0.075
    ],
    [
      -0.04,
      0.289,
      0.418,
      0.219,
      0.252,
      0.067,
      0.434,
      0.065,
      0.167,
      0.238,
      -0.024,
      0.009,
      0.072,
      0.121,
      0.198,
      0.232,
      0.139,
      0.333,
      0.174,
      0.163,
      1.0,
      0.251,
      -0.162,
      0.257,
      0.149,
      0.176,
      -0.048,
      0.327,
      0.282,
      0.336,
      0.265,
      0.241,
      0.239,
      0.224,
      0.143,
      0.147,
      0.116,
      0.114,
      0.035,
      0.333,
      0.212,
      0.283,
      0.229,
      0.222,
      0.212,
      0.273,
      0.222,
      0.141,
      0.15,
      0.333,
      0.058,
      0.226,
      0.129,
      0.318,
      0.32,
      0.113,
      0.149,
      0.085,
      0.31,
      0.21,
      0.075
    ],
    [
      0.022,
      0.523,
      0.123,
      0.124,
      0.165,
      0.139,
      0.277,
      0.127,
      0.146,
      -0.073,
      -0.01,
      0.006,
      0.119,
      0.087,
      0.246,
      0.047,
      0.126,
      0.217,
      -0.042,
      0.125,
      0.251,
      1.0,
      -0.225,
      0.334,
      0.087,
      0.258,
      -0.166,
      0.027,
      0.41,
      0.113,
      0.442,
      0.21,
      0.529,
      0.229,
      0.235,
      0.085,
      0.091,
      0.124,
      -0.034,
      -0.019,
      0.264,
      0.172,
      0.434,
      0.353,
      0.021,
      0.44,
      0.398,
      0.002,
      0.22,
      0.526,
      0.04,
      0.162,
      0.332,
      0.153,
      0.303,
      0.039,
      0.278,
      0.096,
      0.148,
      0.277,
      -0.013
    ],
    [
      -0.055,
      -0.177,
      -0.125,
      -0.112,
      -0.068,
      -0.187,
      -0.164,
      -0.114,
      -0.116,
      0.096,
      -0.007,
      -0.043,
      -0.105,
      0.063,
      -0.085,
      -0.018,
      -0.293,
      -0.098,
      -0.0,
      -0.138,
      -0.162,
      -0.225,
      1.0,
      -0.214,
      -0.047,
      -0.204,
      0.356,
      -0.063,
      -0.208,
      -0.008,
      -0.202,
      -0.144,
      -0.202,
      -0.146,
      -0.151,
      -0.105,
      -0.048,
      0.006,
      0.005,
      0.046,
      -0.06,
      -0.096,
      -0.179,
      -0.282,
      -0.04,
      -0.392,
      -0.369,
      -0.035,
      -0.166,
      -0.222,
      -0.078,
      -0.11,
      -0.216,
      -0.097,
      -0.167,
      0.09,
      -0.291,
      -0.024,
      -0.043,
      -0.251,
      0.078
    ],
    [
      0.083,
      0.378,
      0.217,
      0.158,
      0.18,
      0.154,
      0.219,
      0.162,
      0.248,
      -0.009,
      -0.182,
      -0.019,
      0.201,
      0.011,
      0.162,
      0.024,
      0.16,
      0.164,
      0.057,
      0.208,
      0.257,
      0.334,
      -0.214,
      1.0,
      0.095,
      0.29,
      -0.123,
      0.145,
      0.435,
      0.107,
      0.436,
      0.288,
      0.332,
      0.119,
      0.249,
      0.141,
      0.004,
      0.081,
      -0.108,
      0.191,
      0.09,
      0.145,
      0.274,
      0.334,
      0.044,
      0.475,
      0.411,
      -0.089,
      0.288,
      0.489,
      0.068,
      0.055,
      0.24,
      0.195,
      0.206,
      0.063,
      0.427,
      0.22,
      0.138,
      0.383,
      -0.087
    ],
    [
      -0.028,
      0.083,
      0.025,
      0.014,
      0.078,
      0.009,
      0.069,
      -0.05,
      0.071,
      -0.019,
      0.001,
      0.085,
      0.023,
      -0.049,
      0.168,
      -0.084,
      -0.007,
      0.138,
      -0.029,
      0.008,
      0.149,
      0.087,
      -0.047,
      0.095,
      1.0,
      -0.05,
      0.038,
      -0.064,
      0.036,
      0.024,
      0.073,
      -0.002,
      0.09,
      0.02,
      0.053,
      0.074,
      -0.062,
      -0.088,
      -0.03,
      0.076,
      0.05,
      0.024,
      0.037,
      -0.102,
      -0.049,
      0.044,
      0.115,
      -0.063,
      0.015,
      0.03,
      0.059,
      0.072,
      0.051,
      0.069,
      0.089,
      -0.096,
      0.057,
      -0.039,
      -0.075,
      -0.004,
      -0.065
    ],
    [
      0.106,
      0.246,
      0.062,
      0.264,
      0.109,
      0.103,
      0.12,
      0.002,
      0.044,
      0.039,
      -0.057,
      -0.042,
      0.06,
      0.152,
      0.141,
      -0.027,
      0.284,
      0.083,
      0.044,
      0.112,
      0.176,
      0.258,
      -0.204,
      0.29,
      -0.05,
      1.0,
      -0.13,
      0.124,
      0.207,
      0.162,
      0.304,
      0.145,
      0.26,
      0.124,
      0.302,
      -0.081,
      0.104,
      0.128,
      0.002,
      -0.111,
      0.07,
      0.097,
      0.211,
      0.341,
      0.014,
      0.281,
      0.203,
      -0.059,
      0.189,
      0.226,
      0.102,
      0.167,
      0.358,
      0.008,
      0.085,
      -0.024,
      0.306,
      0.042,
      0.035,
      0.302,
      0.058
    ],
    [
      -0.064,
      -0.108,
      -0.044,
      -0.13,
      -0.009,
      -0.162,
      -0.07,
      -0.057,
      -0.031,
      0.011,
      0.038,
      0.038,
      0.049,
      0.019,
      0.099,
      -0.064,
      -0.169,
      -0.078,
      -0.042,
      -0.052,
      -0.048,
      -0.166,
      0.356,
      -0.123,
      0.038,
      -0.13,
      1.0,
      0.063,
      -0.175,
      -0.057,
      -0.143,
      -0.101,
      -0.15,
      -0.125,
      -0.08,
      -0.099,
      -0.07,
      -0.024,
      0.045,
      0.056,
      -0.056,
      -0.028,
      -0.158,
      -0.21,
      -0.069,
      -0.207,
      -0.283,
      -0.027,
      -0.078,
      -0.172,
      -0.058,
      -0.023,
      -0.129,
      0.012,
      -0.045,
      -0.127,
      -0.257,
      -0.07,
      -0.098,
      -0.227,
      -0.024
    ],
    [
      -0.051,
      0.081,
      0.484,
      0.283,
      0.258,
      0.061,
      0.7,
      0.041,
      0.064,
      0.135,
      -0.065,
      -0.028,
      0.064,
      0.324,
      0.044,
      0.344,
      0.126,
      0.289,
      0.212,
      0.194,
      0.327,
      0.027,
      -0.063,
      0.145,
      -0.064,
      0.124,
      0.063,
      1.0,
      0.124,
      0.312,
      0.131,
      0.024,
      0.045,
      0.131,
      0.116,
      -0.054,
      0.288,
      0.18,
      0.038,
      0.31,
      0.211,
      0.228,
      0.102,
      0.064,
      0.307,
      0.191,
      0.216,
      0.183,
      0.198,
      0.073,
      -0.068,
      0.0,
      0.111,
      0.269,
      0.287,
      0.266,
      0.048,
      0.049,
      0.247,
      0.173,
      0.231
    ],
    [
      -0.036,
      0.445,
      0.176,
      0.189,
      0.182,
      0.141,
      0.237,
      0.064,
      0.179,
      -0.064,
      -0.057,
      -0.028,
      0.216,
      -0.068,
      0.15,
      -0.079,
      0.145,
      0.313,
      0.077,
      0.241,
      0.282,
      0.41,
      -0.208,
      0.435,
      0.036,
      0.207,
      -0.175,
      0.124,
      1.0,
      0.177,
      0.46,
      0.26,
      0.449,
      0.27,
      0.328,
      0.097,
      0.025,
      -0.04,
      -0.048,
      0.148,
      0.136,
      0.197,
      0.424,
      0.396,
      -0.055,
      0.678,
      0.58,
      -0.016,
      0.33,
      0.53,
      0.153,
      0.169,
      0.247,
      0.189,
      0.37,
      0.008,
      0.479,
      0.172,
      0.147,
      0.378,
      -0.127
    ],
    [
      0.02,
      0.103,
      0.286,
      0.237,
      0.258,
      0.035,
      0.33,
      -0.009,
      0.067,
      0.153,
      -0.092,
      -0.087,
      0.052,
      0.167,
      0.074,
      0.131,
      0.069,
      0.173,
      0.125,
      0.224,
      0.336,
      0.113,
      -0.008,
      0.107,
      0.024,
      0.162,
      -0.057,
      0.312,
      0.177,
      1.0,
      0.19,
      0.1,
      0.132,
      0.213,
      0.212,
      0.005,
      0.229,
      0.183,
      0.063,
      0.245,
      0.259,
      0.189,
      0.161,
      0.118,
      0.259,
      0.237,
      0.218,
      0.158,
      0.182,
      0.214,
      0.072,
      0.161,
      0.137,
      0.175,
      0.175,
      0.219,
      0.093,
      0.13,
      0.197,
      0.222,
      0.126
    ],
    [
      0.103,
      0.448,
      0.135,
      0.292,
      0.149,
      0.148,
      0.226,
      0.071,
      0.166,
      -0.104,
      -0.032,
      -0.065,
      0.189,
      0.077,
      0.251,
      0.067,
      0.24,
      0.262,
      0.063,
      0.126,
      0.265,
      0.442,
      -0.202,
      0.436,
      0.073,
      0.304,
      -0.143,
      0.131,
      0.46,
      0.19,
      1.0,
      0.157,
      0.434,
      0.122,
      0.392,
      0.006,
      0.086,
      0.053,
      -0.082,
      0.105,
      0.14,
      0.155,
      0.355,
      0.396,
      -0.009,
      0.548,
      0.485,
      -0.005,
      0.396,
      0.512,
      0.095,
      0.16,
      0.336,
      0.21,
      0.206,
      0.022,
      0.406,
      0.129,
      0.133,
      0.345,
      -0.002
    ],
    [
      0.012,
      0.273,
      0.095,
      0.073,
      0.081,
      0.188,
      0.117,
      0.167,
      0.13,
      -0.019,
      0.022,
      0.091,
      0.173,
      -0.006,
      0.105,
      -0.025,
      0.103,
      0.106,
      -0.003,
      0.16,
      0.241,
      0.21,
      -0.144,
      0.288,
      -0.002,
      0.145,
      -0.101,
      0.024,
      0.26,
      0.1,
      0.157,
      1.0,
      0.217,
      0.178,
      0.174,
      0.204,
      -0.002,
      -0.015,
      0.01,
      0.046,
      0.095,
      0.104,
      0.297,
      0.288,
      -0.063,
      0.271,
      0.287,
      -0.049,
      0.171,
      0.284,
      0.137,
      0.149,
      0.194,
      0.039,
      0.162,
      -0.042,
      0.185,
      0.168,
      0.028,
      0.188,
      -0.047
    ],
    [
      0.017,
      0.769,
      0.143,
      0.147,
      0.272,
      0.168,
      0.263,
      0.134,
      0.307,
      -0.134,
      -0.059,
      -0.072,
      0.137,
      0.069,
      0.29,
      -0.035,
      0.134,
      0.25,
      -0.086,
      0.251,
      0.239,
      0.529,
      -0.202,
      0.332,
      0.09,
      0.26,
      -0.15,
      0.045,
      0.449,
      0.132,
      0.434,
      0.217,
      1.0,
      0.288,
      0.15,
      0.139,
      0.095,
      0.157,
      -0.033,
      -0.01,
      0.362,
      0.174,
      0.661,
      0.336,
      0.064,
      0.511,
      0.302,
      0.02,
      0.236,
      0.737,
      0.078,
      0.171,
      0.333,
      0.147,
      0.441,
      -0.084,
      0.286,
      0.086,
      0.119,
      0.214,
      0.022
    ],
    [
      0.046,
      0.31,
      0.284,
      0.227,
      0.428,
      0.147,
      0.242,
      0.047,
      0.128,
      0.176,
      0.013,
      0.0,
      -0.141,
      0.11,
      0.157,
      0.048,
      0.138,
      0.211,
      0.035,
      0.201,
      0.224,
      0.229,
      -0.146,
      0.119,
      0.02,
      0.124,
      -0.125,
      0.131,
      0.27,
      0.213,
      0.122,
      0.178,
      0.288,
      1.0,
      0.2,
      0.02,
      0.273,
      0.138,
      0.083,
      0.137,
      0.324,
      0.298,
      0.299,
      0.212,
      0.052,
      0.303,
      0.249,
      0.115,
      0.035,
      0.288,
      0.088,
      0.011,
      0.178,
      0.084,
      0.28,
      0.064,
      0.046,
      0.009,
      0.223,
      0.116,
      -0.009
    ],
    [
      0.063,
      0.197,
      0.152,
      0.328,
      0.177,
      0.204,
      0.156,
      -0.008,
      0.141,
      -0.022,
      -0.049,
      -0.11,
      0.217,
      0.014,
      0.137,
      0.117,
      0.217,
      0.187,
      0.117,
      0.183,
      0.143,
      0.235,
      -0.151,
      0.249,
      0.053,
      0.302,
      -0.08,
      0.116,
      0.328,
      0.212,
      0.392,
      0.174,
      0.15,
      0.2,
      1.0,
      0.076,
      0.085,
      0.021,
      -0.044,
      0.113,
      0.047,
      0.116,
      0.21,
      0.324,
      0.078,
      0.398,
      0.446,
      0.155,
      0.212,
      0.24,
      0.088,
      0.119,
      0.337,
      0.227,
      0.147,
      0.045,
      0.394,
      0.123,
      0.082,
      0.343,
      0.0
    ],
    [
      0.133,
      0.139,
      0.154,
      -0.028,
      0.066,
      -0.001,
      0.037,
      0.062,
      0.23,
      -0.037,
      0.131,
      0.081,
      0.132,
      -0.092,
      0.168,
      -0.081,
      0.006,
      0.114,
      0.07,
      0.117,
      0.147,
      0.085,
      -0.105,
      0.141,
      0.074,
      -0.081,
      -0.099,
      -0.054,
      0.097,
      0.005,
      0.006,
      0.204,
      0.139,
      0.02,
      0.076,
      1.0,
      -0.037,
      -0.337,
      0.016,
      0.05,
      -0.01,
      0.049,
      0.146,
      0.078,
      0.036,
      0.144,
      0.113,
      -0.025,
      0.025,
      0.146,
      0.084,
      0.155,
      0.076,
      0.121,
      0.028,
      -0.025,
      0.119,
      0.046,
      0.105,
      0.128,
      -0.087
    ],
    [
      0.041,
      -0.016,
      0.304,
      0.2,
      0.278,
      0.086,
      0.292,
      0.053,
      0.138,
      0.332,
      -0.094,
      -0.113,
      -0.157,
      0.526,
      -0.133,
      0.383,
      0.214,
      -0.08,
      0.153,
      0.072,
      0.116,
      0.091,
      -0.048,
      0.004,
      -0.062,
      0.104,
      -0.07,
      0.288,
      0.025,
      0.229,
      0.086,
      -0.002,
      0.095,
      0.273,
      0.085,
      -0.037,
      1.0,
      0.374,
      0.182,
      0.074,
      0.365,
      0.108,
      0.118,
      -0.015,
      0.338,
      0.097,
      0.004,
      0.184,
      0.093,
      0.118,
      0.065,
      0.107,
      0.106,
      0.064,
      0.191,
      0.443,
      -0.036,
      0.003,
      0.106,
      0.146,
      0.456
    ],
    [
      0.018,
      0.12,
      0.222,
      0.166,
      0.174,
      0.047,
      0.228,
      0.047,
      0.03,
      0.288,
      -0.081,
      -0.09,
      -0.196,
      0.559,
      -0.008,
      0.28,
      0.083,
      0.04,
      0.267,
      0.088,
      0.114,
      0.124,
      0.006,
      0.081,
      -0.088,
      0.128,
      -0.024,
      0.18,
      -0.04,
      0.183,
      0.053,
      -0.015,
      0.157,
      0.138,
      0.021,
      -0.337,
      0.374,
      1.0,
      0.081,
      0.057,
      0.255,
      0.206,
      0.156,
      0.012,
      0.445,
      0.03,
      -0.054,
      0.274,
      0.122,
      0.191,
      -0.028,
      -0.009,
      0.007,
      -0.0,
      0.224,
      0.356,
      -0.07,
      -0.03,
      0.12,
      0.038,
      0.483
    ],
    [
      0.098,
      -0.015,
      0.114,
      0.143,
      0.225,
      0.15,
      0.044,
      0.001,
      0.061,
      0.035,
      0.027,
      0.086,
      -0.07,
      0.072,
      0.062,
      0.1,
      0.097,
      -0.013,
      0.128,
      0.109,
      0.035,
      -0.034,
      0.005,
      -0.108,
      -0.03,
      0.002,
      0.045,
      0.038,
      -0.048,
      0.063,
      -0.082,
      0.01,
      -0.033,
      0.083,
      -0.044,
      0.016,
      0.182,
      0.081,
      1.0,
      0.032,
      0.04,
      0.008,
      0.068,
      0.017,
      0.11,
      -0.035,
      0.008,
      0.378,
      0.043,
      0.01,
      0.018,
      0.096,
      -0.047,
      -0.095,
      0.047,
      0.073,
      -0.055,
      -0.093,
      0.028,
      -0.048,
      0.031
    ],
    [
      -0.047,
      0.019,
      0.379,
      0.192,
      0.176,
      0.138,
      0.278,
      -0.021,
      0.138,
      0.061,
      -0.08,
      0.077,
      0.124,
      0.04,
      0.095,
      0.144,
      0.057,
      0.189,
      0.22,
      0.119,
      0.333,
      -0.019,
      0.046,
      0.191,
      0.076,
      -0.111,
      0.056,
      0.31,
      0.148,
      0.245,
      0.105,
      0.046,
      -0.01,
      0.137,
      0.113,
      0.05,
      0.074,
      0.057,
      0.032,
      1.0,
      0.035,
      0.117,
      -0.0,
      0.061,
      0.122,
      0.206,
      0.217,
      0.105,
      0.187,
      0.091,
      0.089,
      -0.056,
      -0.064,
      0.269,
      0.165,
      0.16,
      0.09,
      0.079,
      0.162,
      0.167,
      0.073
    ],
    [
      -0.074,
      0.321,
      0.145,
      0.133,
      0.275,
      0.052,
      0.353,
      0.104,
      0.137,
      0.075,
      -0.099,
      -0.18,
      -0.116,
      0.293,
      0.114,
      0.103,
      0.128,
      0.153,
      -0.038,
      0.249,
      0.212,
      0.264,
      -0.06,
      0.09,
      0.05,
      0.07,
      -0.056,
      0.211,
      0.136,
      0.259,
      0.14,
      0.095,
      0.362,
      0.324,
      0.047,
      -0.01,
      0.365,
      0.255,
      0.04,
      0.035,
      1.0,
      0.166,
      0.391,
      0.115,
      0.147,
      0.186,
      0.042,
      0.092,
      0.089,
      0.366,
      0.037,
      0.14,
      0.229,
      0.134,
      0.622,
      0.107,
      -0.008,
      0.055,
      0.032,
      0.152,
      0.147
    ],
    [
      0.021,
      0.201,
      0.308,
      0.196,
      0.209,
      0.065,
      0.281,
      0.105,
      0.042,
      0.167,
      0.144,
      -0.031,
      0.091,
      0.128,
      0.122,
      0.047,
      0.039,
      0.213,
      0.066,
      0.129,
      0.283,
      0.172,
      -0.096,
      0.145,
      0.024,
      0.097,
      -0.028,
      0.228,
      0.197,
      0.189,
      0.155,
      0.104,
      0.174,
      0.298,
      0.116,
      0.049,
      0.108,
      0.206,
      0.008,
      0.117,
      0.166,
      1.0,
      0.106,
      0.091,
      0.223,
      0.117,
      0.119,
      0.208,
      0.045,
      0.135,
      -0.082,
      0.038,
      0.165,
      0.101,
      0.226,
      0.134,
      0.082,
      0.018,
      0.373,
      0.094,
      0.123
    ],
    [
      0.053,
      0.707,
      0.062,
      0.218,
      0.334,
      0.145,
      0.283,
      0.133,
      0.162,
      -0.128,
      -0.05,
      -0.128,
      0.011,
      0.137,
      0.239,
      -0.065,
      0.085,
      0.211,
      -0.039,
      0.277,
      0.229,
      0.434,
      -0.179,
      0.274,
      0.037,
      0.211,
      -0.158,
      0.102,
      0.424,
      0.161,
      0.355,
      0.297,
      0.661,
      0.299,
      0.21,
      0.146,
      0.118,
      0.156,
      0.068,
      -0.0,
      0.391,
      0.106,
      1.0,
      0.332,
      0.037,
      0.444,
      0.308,
      0.074,
      0.21,
      0.691,
      0.129,
      0.195,
      0.279,
      0.142,
      0.434,
      -0.055,
      0.255,
      0.183,
      0.053,
      0.284,
      0.015
    ],
    [
      0.045,
      0.325,
      0.141,
      0.22,
      0.137,
      0.216,
      0.183,
      0.169,
      0.045,
      0.007,
      0.048,
      -0.037,
      0.134,
      -0.075,
      0.195,
      0.105,
      0.296,
      0.164,
      0.103,
      0.209,
      0.222,
      0.353,
      -0.282,
      0.334,
      -0.102,
      0.341,
      -0.21,
      0.064,
      0.396,
      0.118,
      0.396,
      0.288,
      0.336,
      0.212,
      0.324,
      0.078,
      -0.015,
      0.012,
      0.017,
      0.061,
      0.115,
      0.091,
      0.332,
      1.0,
      -0.008,
      0.418,
      0.379,
      -0.001,
      0.367,
      0.418,
      0.12,
      0.117,
      0.352,
      0.233,
      0.248,
      0.041,
      0.366,
      0.073,
      0.112,
      0.334,
      -0.074
    ],
    [
      -0.018,
      -0.018,
      0.405,
      0.244,
      0.211,
      0.038,
      0.306,
      0.034,
      0.104,
      0.432,
      -0.045,
      0.005,
      -0.046,
      0.531,
      -0.004,
      0.428,
      0.079,
      0.062,
      0.373,
      0.1,
      0.212,
      0.021,
      -0.04,
      0.044,
      -0.049,
      0.014,
      -0.069,
      0.307,
      -0.055,
      0.259,
      -0.009,
      -0.063,
      0.064,
      0.052,
      0.078,
      0.036,
      0.338,
      0.445,
      0.11,
      0.122,
      0.147,
      0.223,
      0.037,
      -0.008,
      1.0,
      -0.019,
      -0.023,
      0.273,
      0.036,
      0.079,
      0.099,
      -0.032,
      0.024,
      0.112,
      0.089,
      0.41,
      -0.063,
      0.04,
      0.232,
      0.083,
      0.521
    ],
    [
      0.026,
      0.527,
      0.228,
      0.23,
      0.281,
      0.199,
      0.298,
      0.109,
      0.245,
      -0.118,
      -0.088,
      0.003,
      0.179,
      -0.001,
      0.229,
      -0.02,
      0.263,
      0.286,
      0.091,
      0.295,
      0.273,
      0.44,
      -0.392,
      0.475,
      0.044,
      0.281,
      -0.207,
      0.191,
      0.678,
      0.237,
      0.548,
      0.271,
      0.511,
      0.303,
      0.398,
      0.144,
      0.097,
      0.03,
      -0.035,
      0.206,
      0.186,
      0.117,
      0.444,
      0.418,
      -0.019,
      1.0,
      0.688,
      -0.009,
      0.34,
      0.633,
      0.166,
      0.164,
      0.33,
      0.234,
      0.371,
      -0.059,
      0.534,
      0.171,
      0.162,
      0.442,
      -0.086
    ],
    [
      0.022,
      0.396,
      0.2,
      0.307,
      0.208,
      0.272,
      0.278,
      0.11,
      0.158,
      -0.129,
      -0.093,
      0.004,
      0.278,
      -0.098,
      0.218,
      -0.001,
      0.24,
      0.272,
      0.137,
      0.166,
      0.222,
      0.398,
      -0.369,
      0.411,
      0.115,
      0.203,
      -0.283,
      0.216,
      0.58,
      0.218,
      0.485,
      0.287,
      0.302,
      0.249,
      0.446,
      0.113,
      0.004,
      -0.054,
      0.008,
      0.217,
      0.042,
      0.119,
      0.308,
      0.379,
      -0.023,
      0.688,
      1.0,
      0.095,
      0.461,
      0.422,
      0.177,
      0.109,
      0.219,
      0.174,
      0.235,
      -0.021,
      0.492,
      0.141,
      0.114,
      0.414,
      -0.149
    ],
    [
      0.069,
      0.074,
      0.219,
      0.299,
      0.165,
      0.173,
      0.135,
      0.012,
      0.059,
      0.119,
      0.02,
      -0.085,
      -0.067,
      0.274,
      0.014,
      0.175,
      0.109,
      0.016,
      0.214,
      0.068,
      0.141,
      0.002,
      -0.035,
      -0.089,
      -0.063,
      -0.059,
      -0.027,
      0.183,
      -0.016,
      0.158,
      -0.005,
      -0.049,
      0.02,
      0.115,
      0.155,
      -0.025,
      0.184,
      0.274,
      0.378,
      0.105,
      0.092,
      0.208,
      0.074,
      -0.001,
      0.273,
      -0.009,
      0.095,
      1.0,
      0.03,
      0.115,
      -0.004,
      0.143,
      -0.073,
      0.01,
      0.125,
      0.191,
      0.011,
      -0.078,
      0.2,
      0.011,
      0.229
    ],
    [
      -0.034,
      0.26,
      0.221,
      0.347,
      0.169,
      0.188,
      0.194,
      0.013,
      0.059,
      0.016,
      -0.032,
      0.002,
      0.297,
      0.063,
      0.102,
      0.073,
