{
  "meta": {
    "generated_at": "2026-05-19T19:22:16+00:00",
    "n_tickers": 61,
    "n_clusters": 0,
    "redundant_threshold": 0.75
  },
  "tickers": [
    "NTO",
    "ABBNE",
    "ABNB",
    "ADYEN",
    "AMZN",
    "BFIT",
    "BN",
    "CBAV",
    "CELH",
    "CHKP",
    "COR",
    "COST",
    "CPR",
    "CRWD",
    "DNP",
    "DSGX",
    "EVD",
    "FERG",
    "FICO",
    "GOOG",
    "GRMN",
    "HLMA",
    "IPCO",
    "ITX",
    "JDG",
    "JFN",
    "KIST",
    "KKR",
    "KRX",
    "KSPI",
    "LIFCO B",
    "LOTB",
    "LR",
    "META",
    "MIPS",
    "MNST",
    "MSFT",
    "NET",
    "NFLX",
    "NKE",
    "NVDA",
    "OTLY",
    "PRY",
    "RAA",
    "S",
    "SGO",
    "SIKA",
    "SPOT",
    "STMN",
    "SU",
    "TFF",
    "TFPM",
    "TGYM",
    "TREX",
    "TSM",
    "VEEV",
    "VID",
    "VRLA",
    "VLTO",
    "WOSG",
    "ZS"
  ],
  "matrix_1y": [
    [
      1.0,
      0.081,
      -0.134,
      0.044,
      0.065,
      0.025,
      -0.032,
      0.004,
      0.042,
      -0.008,
      0.214,
      0.014,
      -0.031,
      0.005,
      -0.016,
      0.114,
      0.072,
      0.01,
      -0.064,
      0.055,
      -0.038,
      0.009,
      -0.06,
      0.076,
      -0.044,
      0.093,
      -0.057,
      -0.042,
      -0.023,
      0.039,
      0.104,
      0.027,
      0.015,
      0.046,
      0.075,
      0.124,
      0.053,
      0.017,
      0.104,
      -0.024,
      -0.055,
      0.101,
      0.074,
      0.045,
      -0.006,
      0.032,
      0.029,
      0.12,
      -0.039,
      0.091,
      -0.012,
      -0.044,
      0.076,
      -0.13,
      0.007,
      0.04,
      0.091,
      -0.096,
      0.125,
      0.002,
      -0.007
    ],
    [
      0.081,
      1.0,
      0.17,
      0.192,
      0.271,
      0.173,
      0.29,
      0.134,
      0.145,
      -0.161,
      -0.018,
      -0.066,
      0.152,
      0.024,
      0.278,
      -0.056,
      0.165,
      0.26,
      -0.078,
      0.314,
      0.28,
      0.523,
      -0.17,
      0.402,
      0.088,
      0.262,
      -0.108,
      0.079,
      0.469,
      0.097,
      0.455,
      0.283,
      0.769,
      0.325,
      0.193,
      0.15,
      0.004,
      0.122,
      -0.005,
      0.037,
      0.34,
      0.236,
      0.704,
      0.341,
      -0.016,
      0.538,
      0.406,
      0.059,
      0.276,
      0.786,
      0.085,
      0.109,
      0.314,
      0.199,
      0.456,
      -0.147,
      0.31,
      0.112,
      0.119,
      0.32,
      -0.114
    ],
    [
      -0.134,
      0.17,
      1.0,
      0.338,
      0.382,
      0.116,
      0.495,
      0.088,
      0.138,
      0.19,
      0.007,
      -0.02,
      0.023,
      0.315,
      0.055,
      0.279,
      0.206,
      0.256,
      0.302,
      0.205,
      0.422,
      0.125,
      -0.148,
      0.217,
      0.043,
      0.06,
      -0.057,
      0.501,
      0.198,
      0.291,
      0.155,
      0.083,
      0.138,
      0.314,
      0.185,
      0.15,
      0.296,
      0.204,
      0.114,
      0.371,
      0.127,
      0.279,
      0.064,
      0.147,
      0.393,
      0.254,
      0.238,
      0.25,
      0.246,
      0.231,
      0.043,
      -0.006,
      0.131,
      0.279,
      0.159,
      0.313,
      0.046,
      0.006,
      0.39,
      0.214,
      0.344
    ],
    [
      0.044,
      0.192,
      0.338,
      1.0,
      0.256,
      0.214,
      0.193,
      0.03,
      0.179,
      0.147,
      0.05,
      -0.036,
      0.065,
      0.202,
      0.032,
      0.164,
      0.16,
      0.169,
      0.253,
      0.206,
      0.224,
      0.14,
      -0.076,
      0.17,
      -0.002,
      0.251,
      -0.123,
      0.267,
      0.214,
      0.22,
      0.286,
      0.08,
      0.137,
      0.235,
      0.323,
      -0.034,
      0.204,
      0.193,
      0.128,
      0.192,
      0.15,
      0.191,
      0.234,
      0.214,
      0.221,
      0.223,
      0.307,
      0.31,
      0.351,
      0.269,
      0.079,
      0.135,
      0.244,
      0.106,
      0.235,
      0.36,
      0.189,
      0.023,
      0.253,
      0.252,
      0.188
    ],
    [
      0.065,
      0.271,
      0.382,
      0.256,
      1.0,
      0.105,
      0.349,
      0.048,
      0.174,
      0.005,
      -0.124,
      0.005,
      -0.005,
      0.182,
      0.099,
      0.077,
      0.2,
      0.204,
      0.121,
      0.389,
      0.258,
      0.178,
      -0.051,
      0.171,
      0.078,
      0.112,
      -0.016,
      0.258,
      0.193,
      0.253,
      0.151,
      0.067,
      0.278,
      0.431,
      0.17,
      0.066,
      0.303,
      0.214,
      0.218,
      0.169,
      0.301,
      0.181,
      0.343,
      0.137,
      0.214,
      0.277,
      0.2,
      0.172,
      0.175,
      0.298,
      0.13,
      0.058,
      0.235,
      0.185,
      0.325,
      0.181,
      0.056,
      0.043,
      0.146,
      0.165,
      0.18
    ],
    [
      0.025,
      0.173,
      0.116,
      0.214,
      0.105,
      1.0,
      0.085,
      -0.005,
      0.033,
      -0.122,
      -0.032,
      0.023,
      0.177,
      0.008,
      0.153,
      0.056,
      0.182,
      0.016,
      0.047,
      0.089,
      0.064,
      0.139,
      -0.183,
      0.148,
      0.011,
      0.096,
      -0.165,
      0.053,
      0.15,
      0.021,
      0.137,
      0.192,
      0.157,
      0.153,
      0.195,
      -0.005,
      0.081,
      0.054,
      0.149,
      0.133,
      0.046,
      0.065,
      0.145,
      0.208,
      0.024,
      0.188,
      0.279,
      0.2,
      0.188,
      0.127,
      0.035,
      0.063,
      0.208,
      0.099,
      0.068,
      0.101,
      0.313,
      0.057,
      0.07,
      0.147,
      -0.003
    ],
    [
      -0.032,
      0.29,
      0.495,
      0.193,
      0.349,
      0.085,
      1.0,
      0.053,
      0.116,
      0.037,
      -0.086,
      0.007,
      0.058,
      0.263,
      0.187,
      0.283,
      0.16,
      0.404,
      0.246,
      0.295,
      0.432,
      0.278,
      -0.16,
      0.221,
      0.059,
      0.132,
      -0.079,
      0.702,
      0.265,
      0.32,
      0.228,
      0.11,
      0.248,
      0.258,
      0.149,
      0.041,
      0.312,
      0.243,
      0.038,
      0.29,
      0.354,
      0.289,
      0.275,
      0.188,
      0.299,
      0.299,
      0.289,
      0.137,
      0.206,
      0.254,
      -0.01,
      0.09,
      0.209,
      0.333,
      0.434,
      0.19,
      0.148,
      0.082,
      0.226,
      0.281,
      0.216
    ],
    [
      0.004,
      0.134,
      0.088,
      0.03,
      0.048,
      -0.005,
      0.053,
      1.0,
      0.142,
      -0.032,
      0.079,
      0.01,
      0.112,
      0.016,
      0.054,
      0.036,
      0.09,
      0.101,
      -0.036,
      0.103,
      0.081,
      0.14,
      -0.099,
      0.142,
      -0.048,
      0.03,
      -0.07,
      0.051,
      0.056,
      0.005,
      0.099,
      0.144,
      0.151,
      0.066,
      -0.001,
      0.071,
      0.043,
      0.039,
      0.01,
      -0.033,
      0.108,
      0.068,
      0.119,
      0.181,
      0.015,
      0.124,
      0.129,
      0.022,
      0.045,
      0.133,
      0.018,
      0.014,
      0.11,
      0.077,
      0.06,
      -0.01,
      0.068,
      -0.003,
      0.136,
      0.046,
      -0.075
    ],
    [
      0.042,
      0.145,
      0.138,
      0.179,
      0.174,
      0.033,
      0.116,
      0.142,
      1.0,
      -0.01,
      0.043,
      0.119,
      0.086,
      -0.039,
      0.18,
      0.094,
      0.073,
      0.17,
      0.013,
      0.138,
      0.191,
      0.154,
      -0.093,
      0.236,
      0.068,
      0.051,
      -0.033,
      0.066,
      0.172,
      0.065,
      0.177,
      0.12,
      0.329,
      0.104,
      0.129,
      0.238,
      0.152,
      0.054,
      0.061,
      0.134,
      0.178,
      0.044,
      0.168,
      0.062,
      0.124,
      0.237,
      0.143,
      0.055,
      0.065,
      0.215,
      0.087,
      0.076,
      0.092,
      0.11,
      0.245,
      0.164,
      0.061,
      0.166,
      0.201,
      0.094,
      0.079
    ],
    [
      -0.008,
      -0.161,
      0.19,
      0.147,
      0.005,
      -0.122,
      0.037,
      -0.032,
      -0.01,
      1.0,
      0.107,
      0.029,
      -0.06,
      0.359,
      -0.112,
      0.328,
      0.067,
      -0.094,
      0.202,
      -0.197,
      0.232,
      -0.09,
      0.101,
      -0.001,
      -0.014,
      0.038,
      0.008,
      0.12,
      -0.055,
      0.151,
      -0.11,
      -0.018,
      -0.158,
      0.208,
      -0.022,
      -0.031,
      0.314,
      0.26,
      0.038,
      0.063,
      0.055,
      0.184,
      -0.157,
      0.014,
      0.422,
      -0.121,
      -0.134,
      0.099,
      -0.004,
      -0.076,
      -0.023,
      -0.013,
      -0.068,
      0.02,
      -0.073,
      0.268,
      -0.074,
      -0.023,
      0.169,
      -0.001,
      0.376
    ],
    [
      0.214,
      -0.018,
      0.007,
      0.05,
      -0.124,
      -0.032,
      -0.086,
      0.079,
      0.043,
      0.107,
      1.0,
      0.18,
      -0.096,
      -0.007,
      0.172,
      0.048,
      0.061,
      -0.032,
      -0.017,
      -0.041,
      -0.017,
      -0.014,
      0.008,
      -0.183,
      -0.015,
      -0.061,
      0.043,
      -0.065,
      -0.062,
      -0.091,
      -0.038,
      0.022,
      -0.072,
      0.007,
      -0.066,
      0.141,
      -0.103,
      -0.082,
      0.025,
      -0.077,
      -0.082,
      0.15,
      -0.058,
      0.047,
      -0.047,
      -0.099,
      -0.11,
      -0.004,
      -0.036,
      -0.025,
      -0.106,
      0.021,
      -0.18,
      -0.139,
      -0.069,
      -0.008,
      -0.094,
      -0.036,
      0.266,
      -0.042,
      -0.014
    ],
    [
      0.014,
      -0.066,
      -0.02,
      -0.036,
      0.005,
      0.023,
      0.007,
      0.01,
      0.119,
      0.029,
      0.18,
      1.0,
      0.045,
      0.006,
      0.097,
      0.038,
      0.074,
      -0.0,
      0.105,
      -0.054,
      0.024,
      0.028,
      -0.067,
      -0.017,
      0.082,
      0.005,
      0.026,
      -0.002,
      -0.04,
      -0.091,
      -0.052,
      0.102,
      -0.056,
      -0.0,
      -0.123,
      0.088,
      -0.034,
      -0.041,
      0.104,
      0.099,
      -0.2,
      -0.04,
      -0.128,
      -0.023,
      0.009,
      0.007,
      0.024,
      -0.032,
      0.057,
      -0.143,
      -0.049,
      -0.03,
      -0.048,
      0.009,
      -0.046,
      -0.017,
      -0.062,
      0.032,
      0.125,
      0.031,
      0.016
    ],
    [
      -0.031,
      0.152,
      0.023,
      0.065,
      -0.005,
      0.177,
      0.058,
      0.112,
      0.086,
      -0.06,
      -0.096,
      0.045,
      1.0,
      -0.2,
      0.052,
      -0.004,
      0.131,
      0.15,
      -0.01,
      0.086,
      0.074,
      0.137,
      -0.1,
      0.195,
      0.04,
      0.059,
      0.049,
      0.065,
      0.223,
      0.04,
      0.197,
      0.195,
      0.143,
      -0.142,
      0.227,
      0.12,
      -0.148,
      -0.187,
      -0.064,
      0.118,
      -0.107,
      0.099,
      0.03,
      0.148,
      -0.038,
      0.185,
      0.28,
      -0.055,
      0.312,
      0.089,
      0.06,
      0.047,
      0.216,
      0.165,
      0.08,
      -0.027,
      0.314,
      0.094,
      -0.017,
      0.171,
      -0.176
    ],
    [
      0.005,
      0.024,
      0.315,
      0.202,
      0.182,
      0.008,
      0.263,
      0.016,
      -0.039,
      0.359,
      -0.007,
      0.006,
      -0.2,
      1.0,
      0.001,
      0.278,
      0.13,
      0.016,
      0.213,
      0.124,
      0.116,
      0.063,
      0.078,
      0.015,
      -0.045,
      0.116,
      0.015,
      0.318,
      -0.059,
      0.176,
      0.062,
      -0.014,
      0.036,
      0.146,
      0.023,
      -0.084,
      0.478,
      0.527,
      0.075,
      0.037,
      0.268,
      0.118,
      0.124,
      -0.092,
      0.562,
      -0.002,
      -0.085,
      0.295,
      0.022,
      0.097,
      0.059,
      0.089,
      -0.048,
      -0.025,
      0.12,
      0.279,
      -0.107,
      -0.04,
      0.184,
      0.051,
      0.744
    ],
    [
      -0.016,
      0.278,
      0.055,
      0.032,
      0.099,
      0.153,
      0.187,
      0.054,
      0.18,
      -0.112,
      0.172,
      0.097,
      0.052,
      0.001,
      1.0,
      -0.064,
      0.058,
      0.179,
      0.021,
      0.186,
      0.19,
      0.238,
      -0.082,
      0.163,
      0.147,
      0.15,
      0.101,
      0.056,
      0.142,
      0.058,
      0.225,
      0.095,
      0.273,
      0.128,
      0.103,
      0.184,
      -0.077,
      0.036,
      0.059,
      0.111,
      0.139,
      0.162,
      0.222,
      0.192,
      0.001,
      0.211,
      0.222,
      0.009,
      0.11,
      0.206,
      0.168,
      0.246,
      0.111,
      0.082,
      0.198,
      -0.102,
      0.114,
      0.033,
      0.027,
      0.071,
      -0.142
    ],
    [
      0.114,
      -0.056,
      0.279,
      0.164,
      0.077,
      0.056,
      0.283,
      0.036,
      0.094,
      0.328,
      0.048,
      0.038,
      -0.004,
      0.278,
      -0.064,
      1.0,
      0.131,
      0.029,
      0.251,
      -0.001,
      0.234,
      0.042,
      -0.036,
      0.035,
      -0.061,
      -0.043,
      -0.076,
      0.34,
      -0.036,
      0.114,
      0.086,
      -0.007,
      -0.052,
      0.097,
      0.136,
      -0.09,
      0.339,
      0.227,
      0.104,
      0.134,
      0.041,
      0.048,
      -0.073,
      0.122,
      0.411,
      -0.002,
      0.037,
      0.198,
      0.074,
      -0.037,
      -0.012,
      -0.088,
      -0.149,
      0.101,
      -0.027,
      0.315,
      -0.077,
      -0.045,
      0.266,
      0.045,
      0.378
    ],
    [
      0.072,
      0.165,
      0.206,
      0.16,
      0.2,
      0.182,
      0.16,
      0.09,
      0.073,
      0.067,
      0.061,
      0.074,
      0.131,
      0.13,
      0.058,
      0.131,
      1.0,
      0.014,
      0.104,
      0.204,
      0.157,
      0.151,
      -0.264,
      0.174,
      -0.002,
      0.229,
      -0.17,
      0.102,
      0.168,
      0.08,
      0.247,
      0.123,
      0.133,
      0.164,
      0.234,
      0.004,
      0.134,
      0.061,
      0.093,
      0.054,
      0.137,
      0.0,
      0.12,
      0.303,
      0.097,
      0.268,
      0.244,
      0.142,
      0.202,
      0.225,
      0.066,
      -0.009,
      0.169,
      0.098,
      0.128,
      0.025,
      0.273,
      0.029,
      0.101,
      0.266,
      0.102
    ],
    [
      0.01,
      0.26,
      0.256,
      0.169,
      0.204,
      0.016,
      0.404,
      0.101,
      0.17,
      -0.094,
      -0.032,
      -0.0,
      0.15,
      0.016,
      0.179,
      0.029,
      0.014,
      1.0,
      0.088,
      0.15,
      0.294,
      0.176,
      -0.054,
      0.126,
      0.091,
      0.05,
      -0.069,
      0.235,
      0.267,
      0.139,
      0.229,
      0.055,
      0.222,
      0.173,
      0.163,
      0.094,
      -0.048,
      0.06,
      -0.005,
      0.191,
      0.18,
      0.238,
      0.208,
      0.142,
      0.118,
      0.263,
      0.246,
      0.035,
      0.176,
      0.22,
      0.14,
      0.188,
      0.126,
      0.34,
      0.35,
      0.059,
      0.144,
      0.025,
      0.175,
      0.109,
      -0.04
    ],
    [
      -0.064,
      -0.078,
      0.302,
      0.253,
      0.121,
      0.047,
      0.246,
      -0.036,
      0.013,
      0.202,
      -0.017,
      0.105,
      -0.01,
      0.213,
      0.021,
      0.251,
      0.104,
      0.088,
      1.0,
      0.065,
      0.161,
      -0.044,
      -0.013,
      0.051,
      -0.016,
      0.059,
      -0.034,
      0.236,
      0.099,
      0.122,
      0.077,
      -0.007,
      -0.095,
      0.06,
      0.161,
      0.056,
      0.148,
      0.254,
      0.11,
      0.207,
      -0.039,
      0.041,
      -0.037,
      0.102,
      0.305,
      0.097,
      0.14,
      0.22,
      0.151,
      0.0,
      0.105,
      -0.025,
      -0.076,
      0.09,
      -0.082,
      0.302,
      0.054,
      0.043,
      0.277,
      0.098,
      0.296
    ],
    [
      0.055,
      0.314,
      0.205,
      0.206,
      0.389,
      0.089,
      0.295,
      0.103,
      0.138,
      -0.197,
      -0.041,
      -0.054,
      0.086,
      0.124,
      0.186,
      -0.001,
      0.204,
      0.15,
      0.065,
      1.0,
      0.172,
      0.15,
      -0.16,
      0.218,
      0.014,
      0.124,
      -0.064,
      0.183,
      0.268,
      0.205,
      0.148,
      0.163,
      0.263,
      0.201,
      0.177,
      0.113,
      0.071,
      0.11,
      0.094,
      0.09,
      0.234,
      0.08,
      0.283,
      0.212,
      0.076,
      0.31,
      0.18,
      0.066,
      0.124,
      0.277,
      0.086,
      0.145,
      0.189,
      0.071,
      0.387,
      -0.038,
      0.126,
      0.054,
      0.096,
      0.245,
      0.076
    ],
    [
      -0.038,
      0.28,
      0.422,
      0.224,
      0.258,
      0.064,
      0.432,
      0.081,
      0.191,
      0.232,
      -0.017,
      0.024,
      0.074,
      0.116,
      0.19,
      0.234,
      0.157,
      0.294,
      0.161,
      0.172,
      1.0,
      0.246,
      -0.163,
      0.262,
      0.153,
      0.194,
      -0.053,
      0.329,
      0.301,
      0.333,
      0.261,
      0.235,
      0.225,
      0.242,
      0.139,
      0.149,
      0.139,
      0.114,
      0.039,
      0.342,
      0.212,
      0.3,
      0.215,
      0.227,
      0.198,
      0.274,
      0.23,
      0.134,
      0.157,
      0.318,
      0.065,
      0.222,
      0.148,
      0.314,
      0.312,
      0.12,
      0.157,
      0.089,
      0.33,
      0.196,
      0.091
    ],
    [
      0.009,
      0.523,
      0.125,
      0.14,
      0.178,
      0.139,
      0.278,
      0.14,
      0.154,
      -0.09,
      -0.014,
      0.028,
      0.137,
      0.063,
      0.238,
      0.042,
      0.151,
      0.176,
      -0.044,
      0.15,
      0.246,
      1.0,
      -0.219,
      0.342,
      0.11,
      0.271,
      -0.162,
      0.031,
      0.412,
      0.123,
      0.456,
      0.219,
      0.535,
      0.233,
      0.244,
      0.081,
      0.103,
      0.118,
      -0.019,
      -0.024,
      0.273,
      0.175,
      0.434,
      0.364,
      0.02,
      0.444,
      0.397,
      -0.004,
      0.226,
      0.519,
      0.036,
      0.171,
      0.377,
      0.147,
      0.301,
      0.024,
      0.29,
      0.106,
      0.139,
      0.278,
      -0.015
    ],
    [
      -0.06,
      -0.17,
      -0.148,
      -0.076,
      -0.051,
      -0.183,
      -0.16,
      -0.099,
      -0.093,
      0.101,
      0.008,
      -0.067,
      -0.1,
      0.078,
      -0.082,
      -0.036,
      -0.264,
      -0.054,
      -0.013,
      -0.16,
      -0.163,
      -0.219,
      1.0,
      -0.197,
      -0.042,
      -0.189,
      0.349,
      -0.055,
      -0.201,
      0.005,
      -0.162,
      -0.146,
      -0.187,
      -0.13,
      -0.133,
      -0.101,
      -0.046,
      -0.004,
      0.002,
      0.038,
      -0.084,
      -0.137,
      -0.192,
      -0.263,
      -0.076,
      -0.352,
      -0.339,
      -0.057,
      -0.127,
      -0.212,
      -0.104,
      -0.063,
      -0.281,
      -0.102,
      -0.175,
      0.092,
      -0.278,
      -0.003,
      -0.088,
      -0.237,
      0.031
    ],
    [
      0.076,
      0.402,
      0.217,
      0.17,
      0.171,
      0.148,
      0.221,
      0.142,
      0.236,
      -0.001,
      -0.183,
      -0.017,
      0.195,
      0.015,
      0.163,
      0.035,
      0.174,
      0.126,
      0.051,
      0.218,
      0.262,
      0.342,
      -0.197,
      1.0,
      0.116,
      0.307,
      -0.116,
      0.155,
      0.428,
      0.1,
      0.437,
      0.279,
      0.347,
      0.096,
      0.243,
      0.132,
      0.023,
      0.101,
      -0.099,
      0.17,
      0.11,
      0.125,
      0.283,
      0.333,
      0.042,
      0.46,
      0.404,
      -0.082,
      0.298,
      0.512,
      0.058,
      0.051,
      0.317,
      0.183,
      0.211,
      0.096,
      0.405,
      0.207,
      0.151,
      0.386,
      -0.007
    ],
    [
      -0.044,
      0.088,
      0.043,
      -0.002,
      0.078,
      0.011,
      0.059,
      -0.048,
      0.068,
      -0.014,
      -0.015,
      0.082,
      0.04,
      -0.045,
      0.147,
      -0.061,
      -0.002,
      0.091,
      -0.016,
      0.014,
      0.153,
      0.11,
      -0.042,
      0.116,
      1.0,
      -0.055,
      0.047,
      -0.071,
      0.047,
      0.013,
      0.078,
      0.028,
      0.097,
      0.03,
      0.051,
      0.078,
      -0.048,
      -0.075,
      -0.023,
      0.099,
      0.044,
      0.042,
      0.055,
      -0.088,
      -0.041,
      0.047,
      0.112,
      -0.049,
      0.02,
      0.043,
      0.064,
      0.055,
      0.051,
      0.078,
      0.095,
      -0.082,
      0.064,
      -0.038,
      -0.073,
      0.027,
      -0.08
    ],
    [
      0.093,
      0.262,
      0.06,
      0.251,
      0.112,
      0.096,
      0.132,
      0.03,
      0.051,
      0.038,
      -0.061,
      0.005,
      0.059,
      0.116,
      0.15,
      -0.043,
      0.229,
      0.05,
      0.059,
      0.124,
      0.194,
      0.271,
      -0.189,
      0.307,
      -0.055,
      1.0,
      -0.139,
      0.11,
      0.21,
      0.181,
      0.285,
      0.15,
      0.251,
      0.127,
      0.308,
      -0.087,
      0.054,
      0.139,
      0.003,
      -0.111,
      0.095,
      0.067,
      0.244,
      0.326,
      0.073,
      0.275,
      0.218,
      -0.004,
      0.147,
      0.239,
      0.107,
      0.117,
      0.36,
      0.015,
      0.123,
      -0.063,
      0.297,
      0.039,
      0.061,
      0.287,
      0.035
    ],
    [
      -0.057,
      -0.108,
      -0.057,
      -0.123,
      -0.016,
      -0.165,
      -0.079,
      -0.07,
      -0.033,
      0.008,
      0.043,
      0.026,
      0.049,
      0.015,
      0.101,
      -0.076,
      -0.17,
      -0.069,
      -0.034,
      -0.064,
      -0.053,
      -0.162,
      0.349,
      -0.116,
      0.047,
      -0.139,
      1.0,
      0.06,
      -0.17,
      -0.066,
      -0.131,
      -0.102,
      -0.149,
      -0.125,
      -0.067,
      -0.101,
      -0.083,
      -0.024,
      0.035,
      0.044,
      -0.067,
      -0.035,
      -0.165,
      -0.207,
      -0.092,
      -0.199,
      -0.278,
      -0.03,
      -0.076,
      -0.174,
      -0.061,
      -0.024,
      -0.151,
      0.006,
      -0.053,
      -0.1,
      -0.259,
      -0.071,
      -0.107,
      -0.224,
      -0.047
    ],
    [
      -0.042,
      0.079,
      0.501,
      0.267,
      0.258,
      0.053,
      0.702,
      0.051,
      0.066,
      0.12,
      -0.065,
      -0.002,
      0.065,
      0.318,
      0.056,
      0.34,
      0.102,
      0.235,
      0.236,
      0.183,
      0.329,
      0.031,
      -0.055,
      0.155,
      -0.071,
      0.11,
      0.06,
      1.0,
      0.149,
      0.312,
      0.125,
      0.026,
      0.033,
      0.148,
      0.125,
      -0.054,
      0.288,
      0.187,
      0.026,
      0.329,
      0.219,
      0.217,
      0.107,
      0.063,
      0.304,
      0.193,
      0.221,
      0.194,
      0.186,
      0.071,
      -0.059,
      -0.034,
      0.122,
      0.274,
      0.291,
      0.256,
      0.049,
      0.05,
      0.283,
      0.164,
      0.27
    ],
    [
      -0.023,
      0.469,
      0.198,
      0.214,
      0.193,
      0.15,
      0.265,
      0.056,
      0.172,
      -0.055,
      -0.062,
      -0.04,
      0.223,
      -0.059,
      0.142,
      -0.036,
      0.168,
      0.267,
      0.099,
      0.268,
      0.301,
      0.412,
      -0.201,
      0.428,
      0.047,
      0.21,
      -0.17,
      0.149,
      1.0,
      0.196,
      0.455,
      0.257,
      0.475,
      0.231,
      0.335,
      0.097,
      0.068,
      -0.015,
      -0.038,
      0.152,
      0.196,
      0.208,
      0.443,
      0.395,
      -0.017,
      0.683,
      0.592,
      -0.017,
      0.343,
      0.563,
      0.13,
      0.152,
      0.311,
      0.204,
      0.405,
      0.067,
      0.456,
      0.171,
      0.148,
      0.391,
      -0.096
    ],
    [
      0.039,
      0.097,
      0.291,
      0.22,
      0.253,
      0.021,
      0.32,
      0.005,
      0.065,
      0.151,
      -0.091,
      -0.091,
      0.04,
      0.176,
      0.058,
      0.114,
      0.08,
      0.139,
      0.122,
      0.205,
      0.333,
      0.123,
      0.005,
      0.1,
      0.013,
      0.181,
      -0.066,
      0.312,
      0.196,
      1.0,
      0.198,
      0.09,
      0.118,
      0.237,
      0.21,
      0.0,
      0.244,
      0.199,
      0.057,
      0.243,
      0.259,
      0.159,
      0.161,
      0.116,
      0.23,
      0.238,
      0.216,
      0.165,
      0.197,
      0.21,
      0.077,
      0.174,
      0.133,
      0.16,
      0.175,
      0.192,
      0.1,
      0.125,
      0.206,
      0.202,
      0.158
    ],
    [
      0.104,
      0.455,
      0.155,
      0.286,
      0.151,
      0.137,
      0.228,
      0.099,
      0.177,
      -0.11,
      -0.038,
      -0.052,
      0.197,
      0.062,
      0.225,
      0.086,
      0.247,
      0.229,
      0.077,
      0.148,
      0.261,
      0.456,
      -0.162,
      0.437,
      0.078,
      0.285,
      -0.131,
      0.125,
      0.455,
      0.198,
      1.0,
      0.166,
      0.431,
      0.118,
      0.396,
      -0.001,
      0.107,
      0.068,
      -0.068,
      0.111,
      0.169,
      0.172,
      0.376,
      0.393,
      0.015,
      0.54,
      0.481,
      0.018,
      0.391,
      0.513,
      0.099,
      0.141,
      0.367,
      0.212,
      0.216,
      0.041,
      0.397,
      0.124,
      0.136,
      0.344,
      0.027
    ],
    [
      0.027,
      0.283,
      0.083,
      0.08,
      0.067,
      0.192,
      0.11,
      0.144,
      0.12,
      -0.018,
      0.022,
      0.102,
      0.195,
      -0.014,
      0.095,
      -0.007,
      0.123,
      0.055,
      -0.007,
      0.163,
      0.235,
      0.219,
      -0.146,
      0.279,
      0.028,
      0.15,
      -0.102,
      0.026,
      0.257,
      0.09,
      0.166,
      1.0,
      0.221,
      0.173,
      0.182,
      0.208,
      0.005,
      -0.018,
      0.024,
      0.03,
      0.087,
      0.105,
      0.298,
      0.3,
      -0.049,
      0.278,
      0.3,
      -0.04,
      0.188,
      0.298,
      0.109,
      0.129,
      0.236,
      0.03,
      0.16,
      -0.052,
      0.177,
      0.165,
      0.03,
      0.197,
      -0.025
    ],
    [
      0.015,
      0.769,
      0.138,
      0.137,
      0.278,
      0.157,
      0.248,
      0.151,
      0.329,
      -0.158,
      -0.072,
      -0.056,
      0.143,
      0.036,
      0.273,
      -0.052,
      0.133,
      0.222,
      -0.095,
      0.263,
      0.225,
      0.535,
      -0.187,
      0.347,
      0.097,
      0.251,
      -0.149,
      0.033,
      0.475,
      0.118,
      0.431,
      0.221,
      1.0,
      0.308,
      0.143,
      0.148,
      0.096,
      0.159,
      -0.028,
      -0.007,
      0.369,
      0.188,
      0.664,
      0.335,
      0.056,
      0.518,
      0.317,
      0.017,
      0.239,
      0.734,
      0.082,
      0.141,
      0.33,
      0.144,
      0.451,
      -0.078,
      0.292,
      0.089,
      0.128,
      0.206,
      -0.05
    ],
    [
      0.046,
      0.325,
      0.314,
      0.235,
      0.431,
      0.153,
      0.258,
      0.066,
      0.104,
      0.208,
      0.007,
      -0.0,
      -0.142,
      0.146,
      0.128,
      0.097,
      0.164,
      0.173,
      0.06,
      0.201,
      0.242,
      0.233,
      -0.13,
      0.096,
      0.03,
      0.127,
      -0.125,
      0.148,
      0.231,
      0.237,
      0.118,
      0.173,
      0.308,
      1.0,
      0.2,
      0.006,
      0.334,
      0.194,
      0.101,
      0.14,
      0.384,
      0.273,
      0.32,
      0.206,
      0.086,
      0.287,
      0.226,
      0.15,
      0.03,
      0.321,
      0.088,
      0.024,
      0.236,
      0.078,
      0.312,
      0.101,
      0.023,
      -0.004,
      0.225,
      0.116,
      0.131
    ],
    [
      0.075,
      0.193,
      0.185,
      0.323,
      0.17,
      0.195,
      0.149,
      -0.001,
      0.129,
      -0.022,
      -0.066,
      -0.123,
      0.227,
      0.023,
      0.103,
      0.136,
      0.234,
      0.163,
      0.161,
      0.177,
      0.139,
      0.244,
      -0.133,
      0.243,
      0.051,
      0.308,
      -0.067,
      0.125,
      0.335,
      0.21,
      0.396,
      0.182,
      0.143,
      0.2,
      1.0,
      0.068,
      0.119,
      0.052,
      -0.038,
      0.12,
      0.07,
      0.124,
      0.227,
      0.324,
      0.082,
      0.397,
      0.435,
      0.186,
      0.222,
      0.248,
      0.089,
      0.112,
      0.359,
      0.227,
      0.159,
      0.083,
      0.381,
      0.118,
      0.089,
      0.353,
      0.035
    ],
    [
      0.124,
      0.15,
      0.15,
      -0.034,
      0.066,
      -0.005,
      0.041,
      0.071,
      0.238,
      -0.031,
      0.141,
      0.088,
      0.12,
      -0.084,
      0.184,
      -0.09,
      0.004,
      0.094,
      0.056,
      0.113,
      0.149,
      0.081,
      -0.101,
      0.132,
      0.078,
      -0.087,
      -0.101,
      -0.054,
      0.097,
      0.0,
      -0.001,
      0.208,
      0.148,
      0.006,
      0.068,
      1.0,
      -0.038,
      -0.344,
      0.014,
      0.04,
      -0.018,
      0.036,
      0.161,
      0.071,
      0.042,
      0.137,
      0.115,
      -0.015,
      0.021,
      0.149,
      0.079,
      0.172,
      0.093,
      0.119,
      0.018,
      -0.039,
      0.107,
      0.04,
      0.103,
      0.114,
      -0.069
    ],
    [
      0.053,
      0.004,
      0.296,
      0.204,
      0.303,
      0.081,
      0.312,
      0.043,
      0.152,
      0.314,
      -0.103,
      -0.034,
      -0.148,
      0.478,
      -0.077,
      0.339,
      0.134,
      -0.048,
      0.148,
      0.071,
      0.139,
      0.103,
      -0.046,
      0.023,
      -0.048,
      0.054,
      -0.083,
      0.288,
      0.068,
      0.244,
      0.107,
      0.005,
      0.096,
      0.334,
      0.119,
      -0.038,
      1.0,
      0.342,
      0.18,
      0.069,
      0.368,
      0.061,
      0.137,
      -0.01,
      0.358,
      0.126,
      0.03,
      0.207,
      0.071,
      0.132,
      0.076,
      0.088,
      0.106,
      0.07,
      0.213,
      0.348,
      -0.014,
      0.006,
      0.141,
      0.154,
      0.468
    ],
    [
      0.017,
      0.122,
      0.204,
      0.193,
      0.214,
      0.054,
      0.243,
      0.039,
      0.054,
      0.26,
      -0.082,
      -0.041,
      -0.187,
      0.527,
      0.036,
      0.227,
      0.061,
      0.06,
      0.254,
      0.11,
      0.114,
      0.118,
      -0.004,
      0.101,
      -0.075,
      0.139,
      -0.024,
      0.187,
      -0.015,
      0.199,
      0.068,
      -0.018,
      0.159,
      0.194,
      0.052,
      -0.344,
      0.342,
      1.0,
      0.087,
      0.058,
      0.234,
      0.217,
      0.146,
      0.026,
      0.43,
      0.056,
      -0.035,
      0.276,
      0.119,
      0.177,
      -0.033,
      0.001,
      -0.006,
      -0.006,
      0.218,
      0.275,
      -0.035,
      -0.012,
      0.129,
      0.042,
      0.498
    ],
    [
      0.104,
      -0.005,
      0.114,
      0.128,
      0.218,
      0.149,
      0.038,
      0.01,
      0.061,
      0.038,
      0.025,
      0.104,
      -0.064,
      0.075,
      0.059,
      0.104,
      0.093,
      -0.005,
      0.11,
      0.094,
      0.039,
      -0.019,
      0.002,
      -0.099,
      -0.023,
      0.003,
      0.035,
      0.026,
      -0.038,
      0.057,
      -0.068,
      0.024,
      -0.028,
      0.101,
      -0.038,
      0.014,
      0.18,
      0.087,
      1.0,
      0.03,
      0.024,
      -0.016,
      0.078,
      0.028,
      0.11,
      -0.024,
      0.012,
      0.395,
      0.048,
      0.023,
      0.029,
      0.105,
      -0.058,
      -0.096,
      0.048,
      0.041,
      -0.045,
      -0.1,
      0.021,
      -0.037,
      0.039
    ],
    [
      -0.024,
      0.037,
      0.371,
      0.192,
      0.169,
      0.133,
      0.29,
      -0.033,
      0.134,
      0.063,
      -0.077,
      0.099,
      0.118,
      0.037,
      0.111,
      0.134,
      0.054,
      0.191,
      0.207,
      0.09,
      0.342,
      -0.024,
      0.038,
      0.17,
      0.099,
      -0.111,
      0.044,
      0.329,
      0.152,
      0.243,
      0.111,
      0.03,
      -0.007,
      0.14,
      0.12,
      0.04,
      0.069,
      0.058,
      0.03,
      1.0,
      0.046,
      0.068,
      0.008,
      0.059,
      0.119,
      0.213,
      0.23,
      0.103,
      0.197,
      0.114,
      0.087,
      -0.041,
      -0.036,
      0.263,
      0.178,
      0.141,
      0.091,
      0.067,
      0.171,
      0.154,
      0.125
    ],
    [
      -0.055,
      0.34,
      0.127,
      0.15,
      0.301,
      0.046,
      0.354,
      0.108,
      0.178,
      0.055,
      -0.082,
      -0.2,
      -0.107,
      0.268,
      0.139,
      0.041,
      0.137,
      0.18,
      -0.039,
      0.234,
      0.212,
      0.273,
      -0.084,
      0.11,
      0.044,
      0.095,
      -0.067,
      0.219,
      0.196,
      0.259,
      0.169,
      0.087,
      0.369,
      0.384,
      0.07,
      -0.018,
      0.368,
      0.234,
      0.024,
      0.046,
      1.0,
      0.161,
      0.396,
      0.129,
      0.084,
      0.223,
      0.085,
      0.086,
      0.119,
      0.368,
      0.04,
      0.162,
      0.224,
      0.141,
      0.622,
      0.107,
      0.036,
      0.067,
      0.037,
      0.153,
      0.095
    ],
    [
      0.101,
      0.236,
      0.279,
      0.191,
      0.181,
      0.065,
      0.289,
      0.068,
      0.044,
      0.184,
      0.15,
      -0.04,
      0.099,
      0.118,
      0.162,
      0.048,
      0.0,
      0.238,
      0.041,
      0.08,
      0.3,
      0.175,
      -0.137,
      0.125,
      0.042,
      0.067,
      -0.035,
      0.217,
      0.208,
      0.159,
      0.172,
      0.105,
      0.188,
      0.273,
      0.124,
      0.036,
      0.061,
      0.217,
      -0.016,
      0.068,
      0.161,
      1.0,
      0.136,
      0.083,
      0.229,
      0.136,
      0.149,
      0.223,
      0.048,
      0.172,
      -0.073,
      0.052,
      0.149,
      0.117,
      0.24,
      0.109,
      0.074,
      -0.009,
      0.356,
      0.089,
      0.106
    ],
    [
      0.074,
      0.704,
      0.064,
      0.234,
      0.343,
      0.145,
      0.275,
      0.119,
      0.168,
      -0.157,
      -0.058,
      -0.128,
      0.03,
      0.124,
      0.222,
      -0.073,
      0.12,
      0.208,
      -0.037,
      0.283,
      0.215,
      0.434,
      -0.192,
      0.283,
      0.055,
      0.244,
      -0.165,
      0.107,
      0.443,
      0.161,
      0.376,
      0.298,
      0.664,
      0.32,
      0.227,
      0.161,
      0.137,
      0.146,
      0.078,
      0.008,
      0.396,
      0.136,
      1.0,
      0.349,
      0.036,
      0.468,
      0.33,
      0.053,
      0.242,
      0.689,
      0.123,
      0.183,
      0.3,
      0.14,
      0.434,
      -0.065,
      0.276,
      0.194,
      0.054,
      0.287,
      -0.033
    ],
    [
      0.045,
      0.341,
      0.147,
      0.214,
      0.137,
      0.208,
      0.188,
      0.181,
      0.062,
      0.014,
      0.047,
      -0.023,
      0.148,
      -0.092,
      0.192,
      0.122,
      0.303,
      0.142,
      0.102,
      0.212,
      0.227,
      0.364,
      -0.263,
      0.333,
      -0.088,
      0.326,
      -0.207,
      0.063,
      0.395,
      0.116,
      0.393,
      0.3,
      0.335,
      0.206,
      0.324,
      0.071,
      -0.01,
      0.026,
      0.028,
      0.059,
      0.129,
      0.083,
      0.349,
      1.0,
      0.011,
      0.414,
      0.39,
      0.029,
      0.375,
      0.426,
      0.112,
      0.101,
      0.379,
      0.241,
      0.261,
      0.046,
      0.357,
      0.064,
      0.109,
      0.338,
      -0.072
    ],
    [
      -0.006,
      -0.016,
      0.393,
      0.221,
      0.214,
      0.024,
      0.299,
      0.015,
      0.124,
      0.422,
      -0.047,
      0.009,
      -0.038,
      0.562,
      0.001,
      0.411,
      0.097,
      0.118,
      0.305,
      0.076,
      0.198,
      0.02,
      -0.076,
      0.042,
      -0.041,
      0.073,
      -0.092,
      0.304,
      -0.017,
      0.23,
      0.015,
      -0.049,
      0.056,
      0.086,
      0.082,
      0.042,
      0.358,
      0.43,
      0.11,
      0.119,
      0.084,
      0.229,
      0.036,
      0.011,
      1.0,
      0.012,
      0.009,
      0.258,
      0.082,
      0.071,
      0.112,
      0.004,
      -0.0,
      0.114,
      0.066,
      0.247,
      -0.028,
      0.037,
      0.22,
      0.085,
      0.559
    ],
    [
      0.032,
      0.538,
      0.254,
      0.223,
      0.277,
      0.188,
      0.299,
      0.124,
      0.237,
      -0.121,
      -0.099,
      0.007,
      0.185,
      -0.002,
      0.211,
      -0.002,
      0.268,
      0.263,
      0.097,
      0.31,
      0.274,
      0.444,
      -0.352,
      0.46,
      0.047,
      0.275,
      -0.199,
      0.193,
      0.683,
      0.238,
      0.54,
      0.278,
      0.518,
      0.287,
      0.397,
      0.137,
      0.126,
      0.056,
      -0.024,
      0.213,
      0.223,
      0.136,
      0.468,
      0.414,
      0.012,
      1.0,
      0.687,
      0.01,
      0.342,
      0.647,
      0.164,
      0.151,
      0.392,
      0.237,
      0.385,
      -0.035,
      0.521,
      0.163,
      0.182,
      0.433,
      -0.037
    ],
    [
      0.029,
      0.406,
      0.238,
      0.307,
      0.2,
      0.279,
      0.289,
      0.129,
      0.143,
      -0.134,
      -0.11,
      0.024,
      0.28,
      -0.085,
      0.222,
      0.037,
      0.244,
      0.246,
      0.14,
      0.18,
      0.23,
      0.397,
      -0.339,
      0.404,
      0.112,
      0.218,
      -0.278,
      0.221,
      0.592,
      0.216,
      0.481,
      0.3,
      0.317,
      0.226,
      0.435,
      0.115,
      0.03,
      -0.035,
      0.012,
      0.23,
      0.085,
      0.149,
      0.33,
      0.39,
      0.009,
      0.687,
      1.0,
      0.08,
      0.464,
      0.445,
      0.184,
      0.105,
      0.299,
      0.183,
      0.246,
      0.019,
      0.487,
      0.14,
      0.143,
      0.413,
      -0.11
    ],
    [
      0.12,
      0.059,
      0.25,
      0.31,
      0.172,
      0.2,
      0.137,
      0.022,
      0.055,
      0.099,
      -0.004,
      -0.032,
      -0.055,
      0.295,
      0.009,
      0.198,
      0.142,
      0.035,
      0.22,
      0.066,
      0.134,
      -0.004,
      -0.057,
      -0.082,
      -0.049,
      -0.004,
      -0.03,
      0.194,
      -0.017,
      0.165,
      0.018,
      -0.04,
      0.017,
      0.15,
      0.186,
      -0.015,
      0.207,
      0.276,
      0.395,
      0.103,
      0.086,
      0.223,
      0.053,
      0.029,
      0.258,
      0.01,
      0.08,
      1.0,
      0.042,
      0.114,
      0.02,
      0.183,
      -0.071,
      0.001,
      0.115,
      0.16,
      0.036,
      -0.081,
      0.189,
      0.036,
      0.256
    ],
    [
      -0.039,
      0.276,
      0.246,
      0.351,
      0.175,
      0.188,
      0.206,
      0.045,
      0.065,
      -0.004,
      -0.036,
      0.057,
      0.312,
      0.022,
      0.11,
      0.074,
      0.202,
      0.176,
      0.151,
      0.124,
      0.157,
      0.226,
      -0.127,
