{
  "meta": {
    "generated_at": "2026-06-08T12:16:00+00:00",
    "n_tickers": 61,
    "n_clusters": 0,
    "redundant_threshold": 0.75
  },
  "tickers": [
    "NTO",
    "ABBNE",
    "ABNB",
    "ADYEN",
    "AMZN",
    "BFIT",
    "BN",
    "CBAV",
    "CELH",
    "CHKP",
    "COR",
    "COST",
    "CPR",
    "CRWD",
    "DNP",
    "DSGX",
    "EVD",
    "FERG",
    "FICO",
    "GOOG",
    "GRMN",
    "HLMA",
    "IPCO",
    "ITX",
    "JDG",
    "JFN",
    "KIST",
    "KKR",
    "KRX",
    "KSPI",
    "LIFCO B",
    "LOTB",
    "LR",
    "META",
    "MIPS",
    "MNST",
    "MSFT",
    "NET",
    "NFLX",
    "NKE",
    "NVDA",
    "OTLY",
    "PRY",
    "RAA",
    "S",
    "SGO",
    "SIKA",
    "SPOT",
    "STMN",
    "SU",
    "TFF",
    "TFPM",
    "TGYM",
    "TREX",
    "TSM",
    "VEEV",
    "VID",
    "VRLA",
    "VLTO",
    "WOSG",
    "ZS"
  ],
  "matrix_1y": [
    [
      1.0,
      0.079,
      -0.148,
      0.002,
      0.028,
      0.011,
      -0.057,
      -0.015,
      0.03,
      -0.016,
      0.205,
      0.035,
      -0.068,
      0.009,
      -0.013,
      0.074,
      0.055,
      0.009,
      -0.106,
      0.018,
      -0.053,
      -0.004,
      -0.067,
      0.087,
      -0.022,
      0.119,
      -0.084,
      -0.069,
      -0.025,
      0.02,
      0.104,
      0.015,
      0.006,
      0.025,
      0.065,
      0.139,
      0.029,
      0.007,
      0.104,
      -0.049,
      -0.1,
      0.013,
      0.039,
      0.053,
      -0.026,
      0.03,
      0.023,
      0.072,
      -0.037,
      0.083,
      -0.007,
      -0.064,
      0.06,
      -0.159,
      -0.023,
      0.022,
      0.081,
      -0.117,
      0.127,
      0.012,
      -0.016
    ],
    [
      0.079,
      1.0,
      0.155,
      0.186,
      0.262,
      0.173,
      0.293,
      0.106,
      0.128,
      -0.14,
      -0.015,
      -0.085,
      0.129,
      0.058,
      0.291,
      -0.066,
      0.168,
      0.277,
      -0.073,
      0.286,
      0.29,
      0.526,
      -0.173,
      0.374,
      0.086,
      0.25,
      -0.105,
      0.077,
      0.448,
      0.114,
      0.452,
      0.271,
      0.771,
      0.318,
      0.191,
      0.136,
      -0.007,
      0.128,
      -0.018,
      0.022,
      0.326,
      0.212,
      0.708,
      0.349,
      -0.012,
      0.527,
      0.399,
      0.071,
      0.262,
      0.788,
      0.078,
      0.136,
      0.296,
      0.193,
      0.45,
      -0.148,
      0.291,
      0.104,
      0.101,
      0.315,
      -0.052
    ],
    [
      -0.148,
      0.155,
      1.0,
      0.307,
      0.361,
      0.129,
      0.48,
      0.105,
      0.106,
      0.201,
      -0.008,
      -0.023,
      0.024,
      0.326,
      0.031,
      0.363,
      0.197,
      0.241,
      0.291,
      0.219,
      0.417,
      0.122,
      -0.126,
      0.216,
      0.026,
      0.044,
      -0.032,
      0.478,
      0.172,
      0.279,
      0.13,
      0.101,
      0.139,
      0.281,
      0.151,
      0.155,
      0.3,
      0.216,
      0.113,
      0.381,
      0.147,
      0.293,
      0.065,
      0.144,
      0.403,
      0.228,
      0.2,
      0.217,
      0.222,
      0.226,
      0.046,
      -0.014,
      0.127,
      0.276,
      0.161,
      0.376,
      0.026,
      0.008,
      0.378,
      0.218,
      0.306
    ],
    [
      0.002,
      0.186,
      0.307,
      1.0,
      0.282,
      0.215,
      0.214,
      -0.002,
      0.138,
      0.141,
      0.056,
      -0.024,
      0.064,
      0.213,
      0.036,
      0.207,
      0.198,
      0.195,
      0.26,
      0.226,
      0.235,
      0.157,
      -0.09,
      0.141,
      0.019,
      0.242,
      -0.111,
      0.303,
      0.169,
      0.23,
      0.29,
      0.06,
      0.156,
      0.252,
      0.323,
      -0.04,
      0.214,
      0.185,
      0.132,
      0.191,
      0.175,
      0.2,
      0.227,
      0.218,
      0.254,
      0.214,
      0.289,
      0.288,
      0.343,
      0.281,
      0.06,
      0.197,
      0.263,
      0.097,
      0.258,
      0.335,
      0.187,
      0.051,
      0.205,
      0.251,
      0.172
    ],
    [
      0.028,
      0.262,
      0.361,
      0.282,
      1.0,
      0.116,
      0.359,
      0.033,
      0.185,
      0.0,
      -0.123,
      0.004,
      0.001,
      0.165,
      0.108,
      0.081,
      0.226,
      0.257,
      0.129,
      0.4,
      0.258,
      0.178,
      -0.058,
      0.168,
      0.081,
      0.103,
      -0.017,
      0.262,
      0.18,
      0.257,
      0.152,
      0.075,
      0.278,
      0.435,
      0.176,
      0.059,
      0.285,
      0.184,
      0.223,
      0.179,
      0.29,
      0.205,
      0.341,
      0.145,
      0.216,
      0.276,
      0.205,
      0.164,
      0.171,
      0.284,
      0.114,
      0.102,
      0.196,
      0.197,
      0.326,
      0.171,
      0.071,
      0.07,
      0.099,
      0.184,
      0.087
    ],
    [
      0.011,
      0.173,
      0.129,
      0.215,
      0.116,
      1.0,
      0.098,
      0.011,
      0.033,
      -0.128,
      -0.033,
      0.037,
      0.187,
      0.022,
      0.161,
      0.077,
      0.194,
      0.046,
      0.061,
      0.095,
      0.065,
      0.135,
      -0.189,
      0.155,
      0.012,
      0.095,
      -0.168,
      0.059,
      0.136,
      0.036,
      0.143,
      0.191,
      0.169,
      0.149,
      0.2,
      0.003,
      0.083,
      0.045,
      0.149,
      0.141,
      0.053,
      0.068,
      0.149,
      0.234,
      0.038,
      0.201,
      0.275,
      0.172,
      0.189,
      0.128,
      0.043,
      0.077,
      0.18,
      0.105,
      0.063,
      0.086,
      0.311,
      0.068,
      0.057,
      0.154,
      -0.015
    ],
    [
      -0.057,
      0.293,
      0.48,
      0.214,
      0.359,
      0.098,
      1.0,
      0.051,
      0.093,
      0.049,
      -0.083,
      -0.0,
      0.064,
      0.241,
      0.181,
      0.31,
      0.164,
      0.469,
      0.243,
      0.318,
      0.437,
      0.277,
      -0.156,
      0.218,
      0.07,
      0.117,
      -0.069,
      0.703,
      0.233,
      0.321,
      0.232,
      0.114,
      0.263,
      0.245,
      0.16,
      0.032,
      0.293,
      0.23,
      0.044,
      0.277,
      0.356,
      0.278,
      0.277,
      0.198,
      0.308,
      0.293,
      0.274,
      0.136,
      0.196,
      0.259,
      -0.024,
      0.123,
      0.199,
      0.333,
      0.439,
      0.197,
      0.143,
      0.091,
      0.183,
      0.299,
      0.175
    ],
    [
      -0.015,
      0.106,
      0.105,
      -0.002,
      0.033,
      0.011,
      0.051,
      1.0,
      0.146,
      -0.038,
      0.078,
      -0.003,
      0.114,
      -0.012,
      0.04,
      0.019,
      0.065,
      0.085,
      -0.02,
      0.116,
      0.056,
      0.103,
      -0.119,
      0.164,
      -0.05,
      0.018,
      -0.092,
      0.032,
      0.077,
      -0.015,
      0.078,
      0.167,
      0.126,
      0.027,
      -0.003,
      0.065,
      0.043,
      0.039,
      0.011,
      -0.024,
      0.078,
      0.088,
      0.119,
      0.219,
      0.029,
      0.11,
      0.109,
      0.021,
      0.011,
      0.1,
      0.03,
      -0.026,
      0.085,
      0.094,
      0.034,
      -0.009,
      0.074,
      0.002,
      0.138,
      0.044,
      -0.104
    ],
    [
      0.03,
      0.128,
      0.106,
      0.138,
      0.185,
      0.033,
      0.093,
      0.146,
      1.0,
      -0.028,
      0.031,
      0.082,
      0.085,
      -0.052,
      0.143,
      0.033,
      0.131,
      0.149,
      0.004,
      0.135,
      0.154,
      0.135,
      -0.12,
      0.238,
      0.07,
      0.044,
      -0.044,
      0.039,
      0.185,
      0.073,
      0.155,
      0.133,
      0.302,
      0.117,
      0.131,
      0.231,
      0.132,
      0.023,
      0.061,
      0.136,
      0.121,
      0.037,
      0.17,
      0.045,
      0.096,
      0.246,
      0.16,
      0.055,
      0.054,
      0.184,
      0.065,
      0.067,
      0.002,
      0.103,
      0.218,
      0.099,
      0.062,
      0.176,
      0.162,
      0.09,
      -0.037
    ],
    [
      -0.016,
      -0.14,
      0.201,
      0.141,
      0.0,
      -0.128,
      0.049,
      -0.038,
      -0.028,
      1.0,
      0.107,
      -0.025,
      -0.064,
      0.379,
      -0.128,
      0.359,
      0.096,
      -0.111,
      0.235,
      -0.205,
      0.238,
      -0.069,
      0.096,
      -0.008,
      -0.02,
      0.037,
      0.023,
      0.135,
      -0.065,
      0.151,
      -0.103,
      -0.018,
      -0.135,
      0.175,
      -0.021,
      -0.039,
      0.331,
      0.286,
      0.035,
      0.061,
      0.076,
      0.164,
      -0.13,
      -0.002,
      0.431,
      -0.119,
      -0.13,
      0.119,
      0.016,
      -0.051,
      -0.037,
      -0.001,
      -0.058,
      0.029,
      -0.053,
      0.32,
      -0.097,
      -0.029,
      0.153,
      0.01,
      0.347
    ],
    [
      0.205,
      -0.015,
      -0.008,
      0.056,
      -0.123,
      -0.033,
      -0.083,
      0.078,
      0.031,
      0.107,
      1.0,
      0.161,
      -0.084,
      -0.025,
      0.168,
      0.042,
      0.069,
      -0.029,
      -0.024,
      -0.034,
      -0.024,
      -0.019,
      -0.008,
      -0.172,
      0.0,
      -0.054,
      0.043,
      -0.055,
      -0.058,
      -0.102,
      -0.026,
      0.022,
      -0.064,
      0.005,
      -0.041,
      0.13,
      -0.099,
      -0.085,
      0.029,
      -0.082,
      -0.104,
      0.139,
      -0.065,
      0.046,
      -0.046,
      -0.089,
      -0.095,
      0.024,
      -0.031,
      -0.03,
      -0.112,
      0.02,
      -0.154,
      -0.146,
      -0.084,
      -0.031,
      -0.086,
      -0.037,
      0.26,
      -0.043,
      0.015
    ],
    [
      0.035,
      -0.085,
      -0.023,
      -0.024,
      0.004,
      0.037,
      -0.0,
      -0.003,
      0.082,
      -0.025,
      0.161,
      1.0,
      0.023,
      -0.09,
      0.101,
      -0.077,
      0.012,
      0.015,
      0.084,
      -0.013,
      0.013,
      0.009,
      -0.039,
      -0.016,
      0.082,
      -0.008,
      0.03,
      -0.019,
      -0.012,
      -0.082,
      -0.049,
      0.084,
      -0.071,
      -0.002,
      -0.104,
      0.077,
      -0.107,
      -0.08,
      0.095,
      0.077,
      -0.188,
      -0.018,
      -0.144,
      -0.031,
      0.01,
      0.004,
      0.003,
      -0.077,
      0.003,
      -0.16,
      -0.042,
      -0.044,
      -0.005,
      -0.004,
      -0.036,
      -0.055,
      -0.027,
      0.042,
      0.14,
      0.003,
      -0.083
    ],
    [
      -0.068,
      0.129,
      0.024,
      0.064,
      0.001,
      0.187,
      0.064,
      0.114,
      0.085,
      -0.064,
      -0.084,
      0.023,
      1.0,
      -0.197,
      0.07,
      -0.075,
      0.15,
      0.173,
      -0.025,
      0.085,
      0.068,
      0.109,
      -0.106,
      0.202,
      0.018,
      0.085,
      0.024,
      0.063,
      0.232,
      0.054,
      0.196,
      0.17,
      0.137,
      -0.151,
      0.221,
      0.134,
      -0.161,
      -0.196,
      -0.062,
      0.125,
      -0.133,
      0.094,
      0.006,
      0.145,
      -0.046,
      0.181,
      0.279,
      -0.057,
      0.297,
      0.064,
      0.059,
      0.057,
      0.185,
      0.156,
      0.059,
      -0.048,
      0.344,
      0.107,
      -0.011,
      0.149,
      -0.187
    ],
    [
      0.009,
      0.058,
      0.326,
      0.213,
      0.165,
      0.022,
      0.241,
      -0.012,
      -0.052,
      0.379,
      -0.025,
      -0.09,
      -0.197,
      1.0,
      -0.062,
      0.342,
      0.184,
      -0.006,
      0.229,
      0.103,
      0.125,
      0.116,
      0.071,
      -0.004,
      -0.048,
      0.145,
      0.038,
      0.309,
      -0.067,
      0.181,
      0.072,
      -0.009,
      0.079,
      0.128,
      0.005,
      -0.095,
      0.53,
      0.563,
      0.066,
      0.046,
      0.308,
      0.137,
      0.157,
      -0.073,
      0.53,
      -0.001,
      -0.093,
      0.264,
      0.063,
      0.156,
      0.047,
      0.123,
      0.016,
      -0.009,
      0.154,
      0.417,
      -0.126,
      -0.044,
      0.145,
      0.091,
      0.689
    ],
    [
      -0.013,
      0.291,
      0.031,
      0.036,
      0.108,
      0.161,
      0.181,
      0.04,
      0.143,
      -0.128,
      0.168,
      0.101,
      0.07,
      -0.062,
      1.0,
      -0.123,
      0.044,
      0.225,
      -0.02,
      0.209,
      0.197,
      0.236,
      -0.086,
      0.165,
      0.167,
      0.147,
      0.097,
      0.048,
      0.152,
      0.069,
      0.254,
      0.105,
      0.286,
      0.15,
      0.14,
      0.168,
      -0.135,
      -0.011,
      0.064,
      0.093,
      0.107,
      0.12,
      0.23,
      0.196,
      -0.005,
      0.228,
      0.217,
      0.017,
      0.102,
      0.214,
      0.163,
      0.273,
      0.113,
      0.068,
      0.202,
      -0.229,
      0.144,
      0.035,
      0.007,
      0.088,
      -0.151
    ],
    [
      0.074,
      -0.066,
      0.363,
      0.207,
      0.081,
      0.077,
      0.31,
      0.019,
      0.033,
      0.359,
      0.042,
      -0.077,
      -0.075,
      0.342,
      -0.123,
      1.0,
      0.187,
      0.016,
      0.321,
      0.018,
      0.256,
      0.068,
      -0.004,
      0.027,
      -0.091,
      0.025,
      -0.085,
      0.38,
      -0.06,
      0.15,
      0.101,
      -0.046,
      -0.025,
      0.06,
      0.135,
      -0.097,
      0.416,
      0.317,
      0.113,
      0.151,
      0.112,
      0.079,
      -0.082,
      0.104,
      0.459,
      -0.022,
      -0.004,
      0.198,
      0.08,
      -0.004,
      -0.024,
      -0.065,
      -0.057,
      0.107,
      0.024,
      0.473,
      -0.077,
      -0.039,
      0.266,
      0.061,
      0.411
    ],
    [
      0.055,
      0.168,
      0.197,
      0.198,
      0.226,
      0.194,
      0.164,
      0.065,
      0.131,
      0.096,
      0.069,
      0.012,
      0.15,
      0.184,
      0.044,
      0.187,
      1.0,
      0.06,
      0.094,
      0.207,
      0.146,
      0.166,
      -0.28,
      0.179,
      0.019,
      0.286,
      -0.159,
      0.133,
      0.17,
      0.09,
      0.254,
      0.099,
      0.187,
      0.16,
      0.204,
      0.009,
      0.218,
      0.082,
      0.095,
      0.067,
      0.145,
      0.065,
      0.103,
      0.276,
      0.085,
      0.287,
      0.253,
      0.098,
      0.233,
      0.239,
      0.057,
      0.035,
      0.178,
      0.045,
      0.133,
      0.088,
      0.258,
      0.035,
      0.076,
      0.266,
      0.119
    ],
    [
      0.009,
      0.277,
      0.241,
      0.195,
      0.257,
      0.046,
      0.469,
      0.085,
      0.149,
      -0.111,
      -0.029,
      0.015,
      0.173,
      -0.006,
      0.225,
      0.016,
      0.06,
      1.0,
      0.094,
      0.225,
      0.338,
      0.216,
      -0.094,
      0.167,
      0.141,
      0.09,
      -0.091,
      0.301,
      0.311,
      0.172,
      0.268,
      0.102,
      0.255,
      0.216,
      0.191,
      0.112,
      -0.075,
      0.046,
      -0.013,
      0.19,
      0.158,
      0.228,
      0.208,
      0.169,
      0.067,
      0.285,
      0.271,
      0.019,
      0.189,
      0.243,
      0.085,
      0.172,
      0.156,
      0.344,
      0.385,
      0.014,
      0.172,
      0.049,
      0.187,
      0.133,
      -0.07
    ],
    [
      -0.106,
      -0.073,
      0.291,
      0.26,
      0.129,
      0.061,
      0.243,
      -0.02,
      0.004,
      0.235,
      -0.024,
      0.084,
      -0.025,
      0.229,
      -0.02,
      0.321,
      0.094,
      0.094,
      1.0,
      0.107,
      0.177,
      -0.031,
      0.003,
      0.054,
      -0.029,
      0.039,
      -0.033,
      0.21,
      0.075,
      0.128,
      0.061,
      -0.003,
      -0.083,
      0.042,
      0.115,
      0.069,
      0.156,
      0.269,
      0.126,
      0.222,
      -0.028,
      0.068,
      -0.033,
      0.136,
      0.374,
      0.09,
      0.137,
      0.212,
      0.145,
      0.015,
      0.11,
      -0.017,
      -0.08,
      0.095,
      -0.06,
      0.315,
      0.055,
      0.05,
      0.258,
      0.104,
      0.25
    ],
    [
      0.018,
      0.286,
      0.219,
      0.226,
      0.4,
      0.095,
      0.318,
      0.116,
      0.135,
      -0.205,
      -0.034,
      -0.013,
      0.085,
      0.103,
      0.209,
      0.018,
      0.207,
      0.225,
      0.107,
      1.0,
      0.17,
      0.127,
      -0.129,
      0.203,
      0.012,
      0.11,
      -0.069,
      0.206,
      0.239,
      0.213,
      0.134,
      0.153,
      0.252,
      0.202,
      0.189,
      0.109,
      0.076,
      0.092,
      0.11,
      0.118,
      0.256,
      0.118,
      0.272,
      0.219,
      0.104,
      0.288,
      0.161,
      0.07,
      0.096,
      0.246,
      0.093,
      0.168,
      0.201,
      0.079,
      0.376,
      -0.025,
      0.144,
      0.077,
      0.098,
      0.229,
      0.078
    ],
    [
      -0.053,
      0.29,
      0.417,
      0.235,
      0.258,
      0.065,
      0.437,
      0.056,
      0.154,
      0.238,
      -0.024,
      0.013,
      0.068,
      0.125,
      0.197,
      0.256,
      0.146,
      0.338,
      0.177,
      0.17,
      1.0,
      0.26,
      -0.153,
      0.251,
      0.151,
      0.174,
      -0.048,
      0.333,
      0.278,
      0.334,
      0.268,
      0.235,
      0.244,
      0.233,
      0.144,
      0.141,
      0.123,
      0.122,
      0.033,
      0.334,
      0.225,
      0.286,
      0.231,
      0.219,
      0.217,
      0.269,
      0.219,
      0.14,
      0.152,
      0.338,
      0.056,
      0.24,
      0.141,
      0.317,
      0.33,
      0.121,
      0.147,
      0.092,
      0.301,
      0.214,
      0.079
    ],
    [
      -0.004,
      0.526,
      0.122,
      0.157,
      0.178,
      0.135,
      0.277,
      0.103,
      0.135,
      -0.069,
      -0.019,
      0.009,
      0.109,
      0.116,
      0.236,
      0.068,
      0.166,
      0.216,
      -0.031,
      0.127,
      0.26,
      1.0,
      -0.208,
      0.317,
      0.092,
      0.25,
      -0.166,
      0.035,
      0.401,
      0.126,
      0.441,
      0.201,
      0.534,
      0.252,
      0.227,
      0.077,
      0.107,
      0.145,
      -0.037,
      -0.011,
      0.29,
      0.182,
      0.443,
      0.35,
      0.036,
      0.431,
      0.393,
      -0.001,
      0.221,
      0.539,
      0.038,
      0.189,
      0.347,
      0.154,
      0.329,
      0.056,
      0.266,
      0.108,
      0.13,
      0.283,
      -0.003
    ],
    [
      -0.067,
      -0.173,
      -0.126,
      -0.09,
      -0.058,
      -0.189,
      -0.156,
      -0.119,
      -0.12,
      0.096,
      -0.008,
      -0.039,
      -0.106,
      0.071,
      -0.086,
      -0.004,
      -0.28,
      -0.094,
      0.003,
      -0.129,
      -0.153,
      -0.208,
      1.0,
      -0.214,
      -0.044,
      -0.209,
      0.357,
      -0.053,
      -0.211,
      -0.005,
      -0.197,
      -0.146,
      -0.194,
      -0.131,
      -0.15,
      -0.108,
      -0.04,
      0.015,
      0.003,
      0.048,
      -0.042,
      -0.09,
      -0.176,
      -0.275,
      -0.033,
      -0.392,
      -0.368,
      -0.036,
      -0.162,
      -0.211,
      -0.077,
      -0.094,
      -0.206,
      -0.095,
      -0.146,
      0.096,
      -0.293,
      -0.018,
      -0.049,
      -0.245,
      0.082
    ],
    [
      0.087,
      0.374,
      0.216,
      0.141,
      0.168,
      0.155,
      0.218,
      0.164,
      0.238,
      -0.008,
      -0.172,
      -0.016,
      0.202,
      -0.004,
      0.165,
      0.027,
      0.179,
      0.167,
      0.054,
      0.203,
      0.251,
      0.317,
      -0.214,
      1.0,
      0.091,
      0.294,
      -0.14,
      0.143,
      0.437,
      0.097,
      0.434,
      0.289,
      0.327,
      0.106,
      0.248,
      0.143,
      -0.005,
      0.072,
      -0.103,
      0.189,
      0.076,
      0.132,
      0.271,
      0.359,
      0.04,
      0.474,
      0.408,
      -0.085,
      0.286,
      0.478,
      0.068,
      0.048,
      0.234,
      0.192,
      0.189,
      0.059,
      0.434,
      0.219,
      0.142,
      0.379,
      -0.09
    ],
    [
      -0.022,
      0.086,
      0.026,
      0.019,
      0.081,
      0.012,
      0.07,
      -0.05,
      0.07,
      -0.02,
      0.0,
      0.082,
      0.018,
      -0.048,
      0.167,
      -0.091,
      0.019,
      0.141,
      -0.029,
      0.012,
      0.151,
      0.092,
      -0.044,
      0.091,
      1.0,
      -0.051,
      0.05,
      -0.06,
      0.035,
      0.024,
      0.07,
      -0.005,
      0.091,
      0.021,
      0.054,
      0.072,
      -0.06,
      -0.085,
      -0.03,
      0.075,
      0.051,
      0.027,
      0.045,
      -0.09,
      -0.048,
      0.042,
      0.111,
      -0.063,
      0.013,
      0.035,
      0.056,
      0.075,
      0.055,
      0.07,
      0.091,
      -0.094,
      0.054,
      -0.04,
      -0.075,
      -0.002,
      -0.064
    ],
    [
      0.119,
      0.25,
      0.044,
      0.242,
      0.103,
      0.095,
      0.117,
      0.018,
      0.044,
      0.037,
      -0.054,
      -0.008,
      0.085,
      0.145,
      0.147,
      0.025,
      0.286,
      0.09,
      0.039,
      0.11,
      0.174,
      0.25,
      -0.209,
      0.294,
      -0.051,
      1.0,
      -0.123,
      0.12,
      0.198,
      0.149,
      0.297,
      0.155,
      0.258,
      0.12,
      0.3,
      -0.079,
      0.096,
      0.116,
      -0.002,
      -0.113,
      0.071,
      0.078,
      0.218,
      0.33,
      0.008,
      0.283,
      0.205,
      -0.066,
      0.19,
      0.222,
      0.109,
      0.161,
      0.337,
      0.007,
      0.078,
      -0.038,
      0.293,
      0.04,
      0.031,
      0.301,
      0.052
    ],
    [
      -0.084,
      -0.105,
      -0.032,
      -0.111,
      -0.017,
      -0.168,
      -0.069,
      -0.092,
      -0.044,
      0.023,
      0.043,
      0.03,
      0.024,
      0.038,
      0.097,
      -0.085,
      -0.159,
      -0.091,
      -0.033,
      -0.069,
      -0.048,
      -0.166,
      0.357,
      -0.14,
      0.05,
      -0.123,
      1.0,
      0.059,
      -0.173,
      -0.044,
      -0.137,
      -0.112,
      -0.147,
      -0.117,
      -0.079,
      -0.098,
      -0.067,
      -0.01,
      0.055,
      0.067,
      -0.053,
      -0.03,
      -0.151,
      -0.213,
      -0.059,
      -0.213,
      -0.283,
      -0.019,
      -0.078,
      -0.159,
      -0.062,
      -0.015,
      -0.127,
      0.011,
      -0.037,
      -0.114,
      -0.256,
      -0.061,
      -0.098,
      -0.228,
      -0.017
    ],
    [
      -0.069,
      0.077,
      0.478,
      0.303,
      0.262,
      0.059,
      0.703,
      0.032,
      0.039,
      0.135,
      -0.055,
      -0.019,
      0.063,
      0.309,
      0.048,
      0.38,
      0.133,
      0.301,
      0.21,
      0.206,
      0.333,
      0.035,
      -0.053,
      0.143,
      -0.06,
      0.12,
      0.059,
      1.0,
      0.117,
      0.298,
      0.141,
      0.018,
      0.048,
      0.137,
      0.124,
      -0.061,
      0.289,
      0.184,
      0.038,
      0.306,
      0.222,
      0.222,
      0.095,
      0.068,
      0.309,
      0.183,
      0.208,
      0.185,
      0.2,
      0.076,
      -0.069,
      0.021,
      0.127,
      0.264,
      0.295,
      0.27,
      0.053,
      0.059,
      0.238,
      0.175,
      0.232
    ],
    [
      -0.025,
      0.448,
      0.172,
      0.169,
      0.18,
      0.136,
      0.233,
      0.077,
      0.185,
      -0.065,
      -0.058,
      -0.012,
      0.232,
      -0.067,
      0.152,
      -0.06,
      0.17,
      0.311,
      0.075,
      0.239,
      0.278,
      0.401,
      -0.211,
      0.437,
      0.035,
      0.198,
      -0.173,
      0.117,
      1.0,
      0.174,
      0.453,
      0.266,
      0.448,
      0.267,
      0.323,
      0.101,
      0.019,
      -0.047,
      -0.051,
      0.149,
      0.133,
      0.196,
      0.43,
      0.409,
      -0.059,
      0.681,
      0.584,
      -0.02,
      0.33,
      0.525,
      0.157,
      0.158,
      0.231,
      0.19,
      0.357,
      -0.002,
      0.471,
      0.168,
      0.146,
      0.376,
      -0.131
    ],
    [
      0.02,
      0.114,
      0.279,
      0.23,
      0.257,
      0.036,
      0.321,
      -0.015,
      0.073,
      0.151,
      -0.102,
      -0.082,
      0.054,
      0.181,
      0.069,
      0.15,
      0.09,
      0.172,
      0.128,
      0.213,
      0.334,
      0.126,
      -0.005,
      0.097,
      0.024,
      0.149,
      -0.044,
      0.298,
      0.174,
      1.0,
      0.181,
      0.101,
      0.135,
      0.22,
      0.203,
      0.004,
      0.232,
      0.185,
      0.059,
      0.247,
      0.265,
      0.187,
      0.175,
      0.104,
      0.259,
      0.236,
      0.219,
      0.152,
      0.18,
      0.223,
      0.07,
      0.17,
      0.134,
      0.177,
      0.182,
      0.223,
      0.077,
      0.131,
      0.186,
      0.225,
      0.126
    ],
    [
      0.104,
      0.452,
      0.13,
      0.29,
      0.152,
      0.143,
      0.232,
      0.078,
      0.155,
      -0.103,
      -0.026,
      -0.049,
      0.196,
      0.072,
      0.254,
      0.101,
      0.254,
      0.268,
      0.061,
      0.134,
      0.268,
      0.441,
      -0.197,
      0.434,
      0.07,
      0.297,
      -0.137,
      0.141,
      0.453,
      0.181,
      1.0,
      0.157,
      0.436,
      0.125,
      0.392,
      0.004,
      0.085,
      0.052,
      -0.084,
      0.105,
      0.147,
      0.151,
      0.362,
      0.407,
      -0.006,
      0.545,
      0.482,
      -0.006,
      0.397,
      0.513,
      0.097,
      0.161,
      0.333,
      0.208,
      0.207,
      0.019,
      0.401,
      0.131,
      0.13,
      0.346,
      -0.002
    ],
    [
      0.015,
      0.271,
      0.101,
      0.06,
      0.075,
      0.191,
      0.114,
      0.167,
      0.133,
      -0.018,
      0.022,
      0.084,
      0.17,
      -0.009,
      0.105,
      -0.046,
      0.099,
      0.102,
      -0.003,
      0.153,
      0.235,
      0.201,
      -0.146,
      0.289,
      -0.005,
      0.155,
      -0.112,
      0.018,
      0.266,
      0.101,
      0.157,
      1.0,
      0.215,
      0.169,
      0.171,
      0.206,
      -0.005,
      -0.017,
      0.013,
      0.045,
      0.083,
      0.105,
      0.295,
      0.294,
      -0.065,
      0.273,
      0.288,
      -0.047,
      0.169,
      0.278,
      0.137,
      0.141,
      0.193,
      0.038,
      0.15,
      -0.042,
      0.192,
      0.166,
      0.033,
      0.185,
      -0.048
    ],
    [
      0.006,
      0.771,
      0.139,
      0.156,
      0.278,
      0.169,
      0.263,
      0.126,
      0.302,
      -0.135,
      -0.064,
      -0.071,
      0.137,
      0.079,
      0.286,
      -0.025,
      0.187,
      0.255,
      -0.083,
      0.252,
      0.244,
      0.534,
      -0.194,
      0.327,
      0.091,
      0.258,
      -0.147,
      0.048,
      0.448,
      0.135,
      0.436,
      0.215,
      1.0,
      0.295,
      0.146,
      0.135,
      0.102,
      0.164,
      -0.036,
      -0.008,
      0.371,
      0.177,
      0.663,
      0.334,
      0.068,
      0.509,
      0.302,
      0.017,
      0.237,
      0.738,
      0.077,
      0.186,
      0.343,
      0.149,
      0.448,
      -0.076,
      0.282,
      0.092,
      0.11,
      0.218,
      0.025
    ],
    [
      0.025,
      0.318,
      0.281,
      0.252,
      0.435,
      0.149,
      0.245,
      0.027,
      0.117,
      0.175,
      0.005,
      -0.002,
      -0.151,
      0.128,
      0.15,
      0.06,
      0.16,
      0.216,
      0.042,
      0.202,
      0.233,
      0.252,
      -0.131,
      0.106,
      0.021,
      0.12,
      -0.117,
      0.137,
      0.267,
      0.22,
      0.125,
      0.169,
      0.295,
      1.0,
      0.195,
      0.012,
      0.285,
      0.154,
      0.08,
      0.141,
      0.343,
      0.304,
      0.308,
      0.229,
      0.062,
      0.296,
      0.245,
      0.112,
      0.038,
      0.303,
      0.082,
      0.042,
      0.2,
      0.085,
      0.302,
      0.08,
      0.039,
      0.019,
      0.207,
      0.125,
      -0.001
    ],
    [
      0.065,
      0.191,
      0.151,
      0.323,
      0.176,
      0.2,
      0.16,
      -0.003,
      0.131,
      -0.021,
      -0.041,
      -0.104,
      0.221,
      0.005,
      0.14,
      0.135,
      0.204,
      0.191,
      0.115,
      0.189,
      0.144,
      0.227,
      -0.15,
      0.248,
      0.054,
      0.3,
      -0.079,
      0.124,
      0.323,
      0.203,
      0.392,
      0.171,
      0.146,
      0.195,
      1.0,
      0.075,
      0.082,
      0.019,
      -0.043,
      0.111,
      0.047,
      0.113,
      0.207,
      0.34,
      0.078,
      0.394,
      0.44,
      0.156,
      0.212,
      0.234,
      0.087,
      0.116,
      0.333,
      0.225,
      0.143,
      0.042,
      0.394,
      0.123,
      0.083,
      0.341,
      -0.0
    ],
    [
      0.139,
      0.136,
      0.155,
      -0.04,
      0.059,
      0.003,
      0.032,
      0.065,
      0.231,
      -0.039,
      0.13,
      0.077,
      0.134,
      -0.095,
      0.168,
      -0.097,
      0.009,
      0.112,
      0.069,
      0.109,
      0.141,
      0.077,
      -0.108,
      0.143,
      0.072,
      -0.079,
      -0.098,
      -0.061,
      0.101,
      0.004,
      0.004,
      0.206,
      0.135,
      0.012,
      0.075,
      1.0,
      -0.041,
      -0.34,
      0.018,
      0.048,
      -0.02,
      0.044,
      0.141,
      0.09,
      0.032,
      0.145,
      0.113,
      -0.024,
      0.023,
      0.138,
      0.083,
      0.148,
      0.074,
      0.121,
      0.018,
      -0.027,
      0.122,
      0.042,
      0.108,
      0.125,
      -0.089
    ],
    [
      0.029,
      -0.007,
      0.3,
      0.214,
      0.285,
      0.083,
      0.293,
      0.043,
      0.132,
      0.331,
      -0.099,
      -0.107,
      -0.161,
      0.53,
      -0.135,
      0.416,
      0.218,
      -0.075,
      0.156,
      0.076,
      0.123,
      0.107,
      -0.04,
      -0.005,
      -0.06,
      0.096,
      -0.067,
      0.289,
      0.019,
      0.232,
      0.085,
      -0.005,
      0.102,
      0.285,
      0.082,
      -0.041,
      1.0,
      0.38,
      0.178,
      0.077,
      0.378,
      0.111,
      0.129,
      -0.001,
      0.343,
      0.094,
      0.004,
      0.18,
      0.095,
      0.131,
      0.063,
      0.124,
      0.113,
      0.065,
      0.207,
      0.448,
      -0.045,
      0.01,
      0.095,
      0.152,
      0.457
    ],
    [
      0.007,
      0.128,
      0.216,
      0.185,
      0.184,
      0.045,
      0.23,
      0.039,
      0.023,
      0.286,
      -0.085,
      -0.08,
      -0.196,
      0.563,
      -0.011,
      0.317,
      0.082,
      0.046,
      0.269,
      0.092,
      0.122,
      0.145,
      0.015,
      0.072,
      -0.085,
      0.116,
      -0.01,
      0.184,
      -0.047,
      0.185,
      0.052,
      -0.017,
      0.164,
      0.154,
      0.019,
      -0.34,
      0.38,
      1.0,
      0.076,
      0.06,
      0.275,
      0.208,
      0.167,
      0.016,
      0.449,
      0.027,
      -0.054,
      0.269,
      0.124,
      0.204,
      -0.03,
      0.013,
      0.017,
      0.002,
      0.242,
      0.363,
      -0.083,
      -0.023,
      0.107,
      0.045,
      0.485
    ],
    [
      0.104,
      -0.018,
      0.113,
      0.132,
      0.223,
      0.149,
      0.044,
      0.011,
      0.061,
      0.035,
      0.029,
      0.095,
      -0.062,
      0.066,
      0.064,
      0.113,
      0.095,
      -0.013,
      0.126,
      0.11,
      0.033,
      -0.037,
      0.003,
      -0.103,
      -0.03,
      -0.002,
      0.055,
      0.038,
      -0.051,
      0.059,
      -0.084,
      0.013,
      -0.036,
      0.08,
      -0.043,
      0.018,
      0.178,
      0.076,
      1.0,
      0.031,
      0.037,
      0.006,
      0.064,
      -0.002,
      0.108,
      -0.034,
      0.008,
      0.377,
      0.043,
      0.004,
      0.019,
      0.088,
      -0.053,
      -0.096,
      0.041,
      0.068,
      -0.058,
      -0.096,
      0.029,
      -0.05,
      0.029
    ],
    [
      -0.049,
      0.022,
      0.381,
      0.191,
      0.179,
      0.141,
      0.277,
      -0.024,
      0.136,
      0.061,
      -0.082,
      0.077,
      0.125,
      0.046,
      0.093,
      0.151,
      0.067,
      0.19,
      0.222,
      0.118,
      0.334,
      -0.011,
      0.048,
      0.189,
      0.075,
      -0.113,
      0.067,
      0.306,
      0.149,
      0.247,
      0.105,
      0.045,
      -0.008,
      0.141,
      0.111,
      0.048,
      0.077,
      0.06,
      0.031,
      1.0,
      0.04,
      0.121,
      0.003,
      0.08,
      0.124,
      0.206,
      0.217,
      0.104,
      0.187,
      0.094,
      0.087,
      -0.049,
      -0.058,
      0.27,
      0.168,
      0.163,
      0.087,
      0.08,
      0.159,
      0.17,
      0.075
    ],
    [
      -0.1,
      0.326,
      0.147,
      0.175,
      0.29,
      0.053,
      0.356,
      0.078,
      0.121,
      0.076,
      -0.104,
      -0.188,
      -0.133,
      0.308,
      0.107,
      0.112,
      0.145,
      0.158,
      -0.028,
      0.256,
      0.225,
      0.29,
      -0.042,
      0.076,
      0.051,
      0.071,
      -0.053,
      0.222,
      0.133,
      0.265,
      0.147,
      0.083,
      0.371,
      0.343,
      0.047,
      -0.02,
      0.378,
      0.275,
      0.037,
      0.04,
      1.0,
      0.179,
      0.397,
      0.114,
      0.16,
      0.179,
      0.04,
      0.091,
      0.092,
      0.383,
      0.031,
      0.174,
      0.258,
      0.135,
      0.637,
      0.126,
      -0.01,
      0.068,
      0.018,
      0.161,
      0.156
    ],
    [
      0.013,
      0.212,
      0.293,
      0.2,
      0.205,
      0.068,
      0.278,
      0.088,
      0.037,
      0.164,
      0.139,
      -0.018,
      0.094,
      0.137,
      0.12,
      0.079,
      0.065,
      0.228,
      0.068,
      0.118,
      0.286,
      0.182,
      -0.09,
      0.132,
      0.027,
      0.078,
      -0.03,
      0.222,
      0.196,
      0.187,
      0.151,
      0.105,
      0.177,
      0.304,
      0.113,
      0.044,
      0.111,
      0.208,
      0.006,
      0.121,
      0.179,
      1.0,
      0.12,
      0.1,
      0.225,
      0.113,
      0.119,
      0.206,
      0.045,
      0.146,
      -0.086,
      0.062,
      0.165,
      0.103,
      0.237,
      0.143,
      0.069,
      0.027,
      0.362,
      0.1,
      0.124
    ],
    [
      0.039,
      0.708,
      0.065,
      0.227,
      0.341,
      0.149,
      0.277,
      0.119,
      0.17,
      -0.13,
      -0.065,
      -0.144,
      0.006,
      0.157,
      0.23,
      -0.082,
      0.103,
      0.208,
      -0.033,
      0.272,
      0.231,
      0.443,
      -0.176,
      0.271,
      0.045,
      0.218,
      -0.151,
      0.095,
      0.43,
      0.175,
      0.362,
      0.295,
      0.663,
      0.308,
      0.207,
      0.141,
      0.129,
      0.167,
      0.064,
      0.003,
      0.397,
      0.12,
      1.0,
      0.33,
      0.042,
      0.447,
      0.312,
      0.07,
      0.213,
      0.694,
      0.128,
      0.208,
      0.294,
      0.145,
      0.441,
      -0.043,
      0.254,
      0.188,
      0.044,
      0.289,
      0.02
    ],
    [
      0.053,
      0.349,
      0.144,
      0.218,
      0.145,
      0.234,
      0.198,
      0.219,
      0.045,
      -0.002,
      0.046,
      -0.031,
      0.145,
      -0.073,
      0.196,
      0.104,
      0.276,
      0.169,
      0.136,
      0.219,
      0.219,
      0.35,
      -0.275,
      0.359,
      -0.09,
      0.33,
      -0.213,
      0.068,
      0.409,
      0.104,
      0.407,
      0.294,
      0.334,
      0.229,
      0.34,
      0.09,
      -0.001,
      0.016,
      -0.002,
      0.08,
      0.114,
      0.1,
      0.33,
      1.0,
      -0.007,
      0.441,
      0.418,
      -0.015,
      0.378,
      0.435,
      0.121,
      0.07,
      0.346,
      0.236,
      0.245,
      0.042,
      0.371,
      0.052,
      0.123,
      0.335,
      -0.08
    ],
    [
      -0.026,
      -0.012,
      0.403,
      0.254,
      0.216,
      0.038,
      0.308,
      0.029,
      0.096,
      0.431,
      -0.046,
      0.01,
      -0.046,
      0.53,
      -0.005,
      0.459,
      0.085,
      0.067,
      0.374,
      0.104,
      0.217,
      0.036,
      -0.033,
      0.04,
      -0.048,
      0.008,
      -0.059,
      0.309,
      -0.059,
      0.259,
      -0.006,
      -0.065,
      0.068,
      0.062,
      0.078,
      0.032,
      0.343,
      0.449,
      0.108,
      0.124,
      0.16,
      0.225,
      0.042,
      -0.007,
      1.0,
      -0.021,
      -0.024,
      0.272,
      0.038,
      0.087,
      0.097,
      -0.016,
      0.034,
      0.112,
      0.103,
      0.416,
      -0.069,
      0.045,
      0.224,
      0.088,
      0.523
    ],
    [
      0.03,
      0.527,
      0.228,
      0.214,
      0.276,
      0.201,
      0.293,
      0.11,
      0.246,
      -0.119,
      -0.089,
      0.004,
      0.181,
      -0.001,
      0.228,
      -0.022,
      0.287,
      0.285,
      0.09,
      0.288,
      0.269,
      0.431,
      -0.392,
      0.474,
      0.042,
      0.283,
      -0.213,
      0.183,
      0.681,
      0.236,
      0.545,
      0.273,
      0.509,
      0.296,
      0.394,
      0.145,
      0.094,
      0.027,
      -0.034,
      0.206,
      0.179,
      0.113,
      0.447,
      0.441,
      -0.021,
      1.0,
      0.688,
      -0.01,
      0.339,
      0.627,
      0.166,
      0.16,
      0.326,
      0.234,
      0.359,
      -0.061,
      0.534,
      0.169,
      0.162,
      0.44,
      -0.088
    ],
    [
      0.023,
      0.399,
      0.2,
      0.289,
      0.205,
      0.275,
      0.274,
      0.109,
      0.16,
      -0.13,
      -0.095,
      0.003,
      0.279,
      -0.093,
      0.217,
      -0.004,
      0.253,
      0.271,
      0.137,
      0.161,
      0.219,
      0.393,
      -0.368,
      0.408,
      0.111,
      0.205,
      -0.283,
      0.208,
      0.584,
      0.219,
      0.482,
      0.288,
      0.302,
      0.245,
      0.44,
      0.113,
      0.004,
      -0.054,
      0.008,
      0.217,
      0.04,
      0.119,
      0.312,
      0.418,
      -0.024,
      0.688,
      1.0,
      0.094,
      0.46,
      0.42,
      0.177,
      0.107,
      0.218,
      0.174,
      0.229,
      -0.021,
      0.492,
      0.14,
      0.113,
      0.413,
      -0.149
    ],
    [
      0.072,
      0.071,
      0.217,
      0.288,
      0.164,
      0.172,
      0.136,
      0.021,
      0.055,
      0.119,
      0.024,
      -0.077,
      -0.057,
      0.264,
      0.017,
      0.198,
      0.098,
      0.019,
      0.212,
      0.07,
      0.14,
      -0.001,
      -0.036,
      -0.085,
      -0.063,
      -0.066,
      -0.019,
      0.185,
      -0.02,
      0.152,
      -0.006,
      -0.047,
      0.017,
      0.112,
      0.156,
      -0.024,
      0.18,
      0.269,
      0.377,
      0.104,
      0.091,
      0.206,
      0.07,
      -0.015,
      0.272,
      -0.01,
      0.094,
      1.0,
      0.031,
      0.108,
      -0.003,
      0.139,
      -0.077,
      0.009,
      0.12,
      0.186,
      0.008,
      -0.08,
      0.2,
      0.01,
      0.227
    ],
    [
      -0.037,
      0.262,
      0.222,
      0.343,
      0.171,
      0.189,
      0.196,
      0.011,
      0.054,
      0.016,
      -0.031,
      0.003,
      0.297,
      0.063,
      0.102,
      0.08,
      0.233,
