{
  "meta": {
    "generated_at": "2026-05-25T11:35:43+00:00",
    "n_tickers": 61,
    "n_clusters": 0,
    "redundant_threshold": 0.75
  },
  "tickers": [
    "NTO",
    "ABBNE",
    "ABNB",
    "ADYEN",
    "AMZN",
    "BFIT",
    "BN",
    "CBAV",
    "CELH",
    "CHKP",
    "COR",
    "COST",
    "CPR",
    "CRWD",
    "DNP",
    "DSGX",
    "EVD",
    "FERG",
    "FICO",
    "GOOG",
    "GRMN",
    "HLMA",
    "IPCO",
    "ITX",
    "JDG",
    "JFN",
    "KIST",
    "KKR",
    "KRX",
    "KSPI",
    "LIFCO B",
    "LOTB",
    "LR",
    "META",
    "MIPS",
    "MNST",
    "MSFT",
    "NET",
    "NFLX",
    "NKE",
    "NVDA",
    "OTLY",
    "PRY",
    "RAA",
    "S",
    "SGO",
    "SIKA",
    "SPOT",
    "STMN",
    "SU",
    "TFF",
    "TFPM",
    "TGYM",
    "TREX",
    "TSM",
    "VEEV",
    "VID",
    "VRLA",
    "VLTO",
    "WOSG",
    "ZS"
  ],
  "matrix_1y": [
    [
      1.0,
      0.084,
      -0.139,
      0.045,
      0.065,
      0.018,
      -0.046,
      0.007,
      0.026,
      -0.025,
      0.203,
      0.032,
      -0.037,
      -0.009,
      -0.04,
      0.113,
      0.066,
      0.013,
      -0.093,
      0.074,
      -0.043,
      0.014,
      -0.05,
      0.091,
      -0.032,
      0.103,
      -0.059,
      -0.051,
      -0.032,
      0.037,
      0.104,
      0.024,
      0.017,
      0.052,
      0.07,
      0.123,
      0.057,
      0.017,
      0.103,
      -0.022,
      -0.049,
      0.068,
      0.064,
      0.048,
      -0.011,
      0.023,
      0.014,
      0.075,
      -0.044,
      0.093,
      -0.005,
      -0.05,
      0.103,
      -0.143,
      0.013,
      0.047,
      0.087,
      -0.1,
      0.125,
      0.017,
      -0.01
    ],
    [
      0.084,
      1.0,
      0.171,
      0.193,
      0.271,
      0.177,
      0.295,
      0.123,
      0.145,
      -0.146,
      -0.01,
      -0.091,
      0.146,
      0.041,
      0.283,
      -0.048,
      0.165,
      0.258,
      -0.083,
      0.312,
      0.287,
      0.528,
      -0.183,
      0.402,
      0.078,
      0.261,
      -0.112,
      0.077,
      0.468,
      0.102,
      0.456,
      0.278,
      0.768,
      0.324,
      0.192,
      0.152,
      0.003,
      0.124,
      -0.009,
      0.042,
      0.333,
      0.255,
      0.703,
      0.337,
      -0.01,
      0.539,
      0.409,
      0.072,
      0.281,
      0.788,
      0.089,
      0.108,
      0.299,
      0.206,
      0.457,
      -0.146,
      0.311,
      0.11,
      0.119,
      0.326,
      -0.102
    ],
    [
      -0.139,
      0.171,
      1.0,
      0.336,
      0.381,
      0.127,
      0.494,
      0.09,
      0.128,
      0.198,
      -0.002,
      -0.03,
      0.016,
      0.323,
      0.058,
      0.296,
      0.211,
      0.254,
      0.273,
      0.212,
      0.426,
      0.127,
      -0.147,
      0.224,
      0.038,
      0.078,
      -0.053,
      0.493,
      0.2,
      0.284,
      0.161,
      0.093,
      0.153,
      0.312,
      0.169,
      0.154,
      0.296,
      0.203,
      0.111,
      0.373,
      0.124,
      0.301,
      0.066,
      0.155,
      0.387,
      0.256,
      0.228,
      0.21,
      0.245,
      0.241,
      0.049,
      0.013,
      0.135,
      0.277,
      0.161,
      0.315,
      0.061,
      0.006,
      0.379,
      0.224,
      0.334
    ],
    [
      0.045,
      0.193,
      0.336,
      1.0,
      0.252,
      0.223,
      0.19,
      0.027,
      0.178,
      0.149,
      0.054,
      -0.038,
      0.063,
      0.206,
      0.037,
      0.169,
      0.165,
      0.17,
      0.264,
      0.198,
      0.222,
      0.139,
      -0.095,
      0.175,
      -0.002,
      0.251,
      -0.126,
      0.268,
      0.217,
      0.218,
      0.287,
      0.076,
      0.142,
      0.234,
      0.326,
      -0.032,
      0.203,
      0.195,
      0.125,
      0.197,
      0.145,
      0.199,
      0.232,
      0.216,
      0.227,
      0.229,
      0.31,
      0.294,
      0.348,
      0.275,
      0.084,
      0.131,
      0.245,
      0.107,
      0.232,
      0.362,
      0.197,
      0.027,
      0.255,
      0.249,
      0.193
    ],
    [
      0.065,
      0.271,
      0.381,
      0.252,
      1.0,
      0.107,
      0.35,
      0.044,
      0.174,
      0.013,
      -0.126,
      -0.009,
      -0.006,
      0.187,
      0.107,
      0.082,
      0.206,
      0.201,
      0.11,
      0.39,
      0.262,
      0.183,
      -0.048,
      0.171,
      0.071,
      0.115,
      -0.012,
      0.255,
      0.196,
      0.25,
      0.157,
      0.075,
      0.283,
      0.429,
      0.162,
      0.067,
      0.301,
      0.213,
      0.218,
      0.168,
      0.297,
      0.198,
      0.349,
      0.139,
      0.21,
      0.277,
      0.198,
      0.166,
      0.178,
      0.299,
      0.131,
      0.071,
      0.226,
      0.188,
      0.326,
      0.175,
      0.065,
      0.043,
      0.138,
      0.168,
      0.17
    ],
    [
      0.018,
      0.177,
      0.127,
      0.223,
      0.107,
      1.0,
      0.089,
      -0.002,
      0.029,
      -0.128,
      -0.035,
      0.027,
      0.18,
      0.009,
      0.159,
      0.059,
      0.192,
      0.02,
      0.054,
      0.093,
      0.069,
      0.149,
      -0.187,
      0.163,
      0.011,
      0.103,
      -0.163,
      0.055,
      0.158,
      0.027,
      0.153,
      0.195,
      0.168,
      0.155,
      0.205,
      -0.003,
      0.083,
      0.054,
      0.146,
      0.135,
      0.051,
      0.06,
      0.148,
      0.221,
      0.021,
      0.201,
      0.272,
      0.174,
      0.194,
      0.135,
      0.037,
      0.068,
      0.213,
      0.102,
      0.069,
      0.105,
      0.322,
      0.066,
      0.068,
      0.158,
      -0.007
    ],
    [
      -0.046,
      0.295,
      0.494,
      0.19,
      0.35,
      0.089,
      1.0,
      0.055,
      0.107,
      0.044,
      -0.092,
      -0.011,
      0.05,
      0.267,
      0.179,
      0.29,
      0.162,
      0.401,
      0.222,
      0.31,
      0.433,
      0.289,
      -0.153,
      0.229,
      0.053,
      0.136,
      -0.074,
      0.698,
      0.271,
      0.318,
      0.233,
      0.114,
      0.26,
      0.26,
      0.14,
      0.046,
      0.312,
      0.242,
      0.036,
      0.287,
      0.35,
      0.301,
      0.28,
      0.192,
      0.292,
      0.303,
      0.282,
      0.121,
      0.206,
      0.261,
      -0.008,
      0.104,
      0.203,
      0.332,
      0.437,
      0.185,
      0.152,
      0.083,
      0.216,
      0.29,
      0.209
    ],
    [
      0.007,
      0.123,
      0.09,
      0.027,
      0.044,
      -0.002,
      0.055,
      1.0,
      0.142,
      -0.038,
      0.074,
      0.025,
      0.106,
      0.013,
      0.06,
      0.037,
      0.095,
      0.101,
      -0.035,
      0.104,
      0.075,
      0.133,
      -0.109,
      0.142,
      -0.045,
      0.034,
      -0.066,
      0.053,
      0.051,
      0.004,
      0.096,
      0.134,
      0.143,
      0.062,
      -0.004,
      0.072,
      0.043,
      0.035,
      0.01,
      -0.039,
      0.113,
      0.075,
      0.112,
      0.179,
      0.009,
      0.115,
      0.112,
      0.004,
      0.034,
      0.123,
      0.033,
      0.015,
      0.111,
      0.073,
      0.057,
      -0.007,
      0.073,
      -0.004,
      0.135,
      0.037,
      -0.079
    ],
    [
      0.026,
      0.145,
      0.128,
      0.178,
      0.174,
      0.029,
      0.107,
      0.142,
      1.0,
      -0.005,
      0.044,
      0.103,
      0.083,
      -0.044,
      0.164,
      0.086,
      0.066,
      0.164,
      -0.005,
      0.148,
      0.186,
      0.155,
      -0.089,
      0.235,
      0.067,
      0.039,
      -0.033,
      0.059,
      0.172,
      0.062,
      0.172,
      0.117,
      0.322,
      0.107,
      0.125,
      0.235,
      0.15,
      0.055,
      0.065,
      0.128,
      0.17,
      0.04,
      0.166,
      0.053,
      0.122,
      0.231,
      0.144,
      0.072,
      0.063,
      0.212,
      0.084,
      0.074,
      0.08,
      0.103,
      0.248,
      0.153,
      0.054,
      0.165,
      0.2,
      0.09,
      0.079
    ],
    [
      -0.025,
      -0.146,
      0.198,
      0.149,
      0.013,
      -0.128,
      0.044,
      -0.038,
      -0.005,
      1.0,
      0.11,
      0.011,
      -0.054,
      0.361,
      -0.11,
      0.323,
      0.072,
      -0.092,
      0.225,
      -0.199,
      0.24,
      -0.073,
      0.101,
      0.008,
      -0.017,
      0.032,
      0.008,
      0.127,
      -0.045,
      0.156,
      -0.099,
      -0.011,
      -0.145,
      0.213,
      -0.014,
      -0.029,
      0.317,
      0.261,
      0.039,
      0.07,
      0.052,
      0.181,
      -0.141,
      0.021,
      0.425,
      -0.11,
      -0.121,
      0.119,
      0.01,
      -0.066,
      -0.029,
      -0.012,
      -0.074,
      0.031,
      -0.068,
      0.262,
      -0.071,
      -0.02,
      0.17,
      0.013,
      0.372
    ],
    [
      0.203,
      -0.01,
      -0.002,
      0.054,
      -0.126,
      -0.035,
      -0.092,
      0.074,
      0.044,
      0.11,
      1.0,
      0.163,
      -0.098,
      -0.005,
      0.165,
      0.047,
      0.061,
      -0.034,
      -0.022,
      -0.044,
      -0.019,
      -0.006,
      0.0,
      -0.178,
      -0.011,
      -0.07,
      0.036,
      -0.069,
      -0.059,
      -0.091,
      -0.038,
      0.016,
      -0.067,
      0.01,
      -0.062,
      0.142,
      -0.103,
      -0.078,
      0.024,
      -0.075,
      -0.091,
      0.144,
      -0.057,
      0.046,
      -0.039,
      -0.092,
      -0.096,
      0.015,
      -0.034,
      -0.018,
      -0.11,
      0.008,
      -0.181,
      -0.139,
      -0.071,
      -0.007,
      -0.099,
      -0.036,
      0.271,
      -0.042,
      0.002
    ],
    [
      0.032,
      -0.091,
      -0.03,
      -0.038,
      -0.009,
      0.027,
      -0.011,
      0.025,
      0.103,
      0.011,
      0.163,
      1.0,
      0.033,
      -0.01,
      0.079,
      0.033,
      0.068,
      -0.004,
      0.081,
      -0.041,
      0.002,
      0.007,
      -0.051,
      -0.029,
      0.087,
      0.01,
      0.031,
      -0.016,
      -0.056,
      -0.097,
      -0.065,
      0.089,
      -0.075,
      -0.007,
      -0.134,
      0.085,
      -0.042,
      -0.047,
      0.104,
      0.075,
      -0.192,
      -0.039,
      -0.15,
      -0.031,
      -0.007,
      -0.012,
      -0.004,
      -0.076,
      0.035,
      -0.162,
      -0.036,
      -0.024,
      -0.04,
      -0.018,
      -0.056,
      -0.018,
      -0.07,
      0.027,
      0.115,
      0.007,
      0.004
    ],
    [
      -0.037,
      0.146,
      0.016,
      0.063,
      -0.006,
      0.18,
      0.05,
      0.106,
      0.083,
      -0.054,
      -0.098,
      0.033,
      1.0,
      -0.198,
      0.043,
      -0.007,
      0.13,
      0.147,
      -0.026,
      0.09,
      0.072,
      0.134,
      -0.107,
      0.193,
      0.034,
      0.057,
      0.051,
      0.059,
      0.22,
      0.038,
      0.193,
      0.187,
      0.139,
      -0.144,
      0.221,
      0.119,
      -0.154,
      -0.185,
      -0.062,
      0.115,
      -0.114,
      0.108,
      0.025,
      0.14,
      -0.04,
      0.177,
      0.272,
      -0.041,
      0.307,
      0.083,
      0.069,
      0.052,
      0.202,
      0.161,
      0.079,
      -0.037,
      0.316,
      0.091,
      -0.023,
      0.166,
      -0.177
    ],
    [
      -0.009,
      0.041,
      0.323,
      0.206,
      0.187,
      0.009,
      0.267,
      0.013,
      -0.044,
      0.361,
      -0.005,
      -0.01,
      -0.198,
      1.0,
      0.003,
      0.285,
      0.135,
      0.02,
      0.218,
      0.127,
      0.128,
      0.082,
      0.075,
      0.034,
      -0.05,
      0.125,
      0.014,
      0.319,
      -0.048,
      0.181,
      0.078,
      -0.006,
      0.059,
      0.15,
      0.029,
      -0.079,
      0.481,
      0.526,
      0.069,
      0.047,
      0.266,
      0.113,
      0.135,
      -0.078,
      0.562,
      0.014,
      -0.079,
      0.272,
      0.034,
      0.116,
      0.056,
      0.093,
      -0.042,
      -0.015,
      0.125,
      0.281,
      -0.098,
      -0.035,
      0.181,
      0.076,
      0.736
    ],
    [
      -0.04,
      0.283,
      0.058,
      0.037,
      0.107,
      0.159,
      0.179,
      0.06,
      0.164,
      -0.11,
      0.165,
      0.079,
      0.043,
      0.003,
      1.0,
      -0.068,
      0.043,
      0.18,
      -0.007,
      0.213,
      0.196,
      0.245,
      -0.073,
      0.175,
      0.137,
      0.159,
      0.104,
      0.045,
      0.143,
      0.063,
      0.229,
      0.093,
      0.282,
      0.134,
      0.099,
      0.186,
      -0.079,
      0.039,
      0.059,
      0.113,
      0.138,
      0.153,
      0.22,
      0.189,
      -0.004,
      0.211,
      0.21,
      0.001,
      0.112,
      0.214,
      0.172,
      0.257,
      0.104,
      0.077,
      0.21,
      -0.113,
      0.108,
      0.034,
      0.019,
      0.088,
      -0.148
    ],
    [
      0.113,
      -0.048,
      0.296,
      0.169,
      0.082,
      0.059,
      0.29,
      0.037,
      0.086,
      0.323,
      0.047,
      0.033,
      -0.007,
      0.285,
      -0.068,
      1.0,
      0.132,
      0.035,
      0.275,
      0.005,
      0.24,
      0.052,
      -0.036,
      0.048,
      -0.067,
      -0.031,
      -0.076,
      0.346,
      -0.033,
      0.126,
      0.095,
      -0.008,
      -0.036,
      0.099,
      0.146,
      -0.084,
      0.343,
      0.226,
      0.098,
      0.14,
      0.048,
      0.043,
      -0.07,
      0.131,
      0.411,
      0.01,
      0.032,
      0.169,
      0.08,
      -0.027,
      -0.011,
      -0.085,
      -0.142,
      0.109,
      -0.023,
      0.321,
      -0.078,
      -0.041,
      0.266,
      0.061,
      0.377
    ],
    [
      0.066,
      0.165,
      0.211,
      0.165,
      0.206,
      0.192,
      0.162,
      0.095,
      0.066,
      0.072,
      0.061,
      0.068,
      0.13,
      0.135,
      0.043,
      0.132,
      1.0,
      0.016,
      0.112,
      0.213,
      0.16,
      0.144,
      -0.273,
      0.178,
      -0.008,
      0.233,
      -0.176,
      0.105,
      0.168,
      0.084,
      0.242,
      0.12,
      0.134,
      0.168,
      0.238,
      0.002,
      0.138,
      0.064,
      0.091,
      0.063,
      0.14,
      -0.008,
      0.116,
      0.299,
      0.104,
      0.27,
      0.244,
      0.134,
      0.199,
      0.233,
      0.066,
      -0.014,
      0.17,
      0.1,
      0.137,
      0.027,
      0.27,
      0.032,
      0.106,
      0.272,
      0.108
    ],
    [
      0.013,
      0.258,
      0.254,
      0.17,
      0.201,
      0.02,
      0.401,
      0.101,
      0.164,
      -0.092,
      -0.034,
      -0.004,
      0.147,
      0.02,
      0.18,
      0.035,
      0.016,
      1.0,
      0.075,
      0.153,
      0.293,
      0.178,
      -0.053,
      0.129,
      0.087,
      0.058,
      -0.068,
      0.229,
      0.265,
      0.138,
      0.234,
      0.057,
      0.226,
      0.171,
      0.158,
      0.096,
      -0.051,
      0.06,
      -0.008,
      0.189,
      0.178,
      0.247,
      0.204,
      0.145,
      0.115,
      0.263,
      0.239,
      0.02,
      0.176,
      0.222,
      0.144,
      0.196,
      0.126,
      0.336,
      0.348,
      0.059,
      0.149,
      0.025,
      0.169,
      0.111,
      -0.041
    ],
    [
      -0.093,
      -0.083,
      0.273,
      0.264,
      0.11,
      0.054,
      0.222,
      -0.035,
      -0.005,
      0.225,
      -0.022,
      0.081,
      -0.026,
      0.218,
      -0.007,
      0.275,
      0.112,
      0.075,
      1.0,
      0.084,
      0.158,
      -0.038,
      -0.003,
      0.06,
      -0.013,
      0.065,
      -0.032,
      0.207,
      0.106,
      0.101,
      0.083,
      -0.003,
      -0.087,
      0.06,
      0.136,
      0.062,
      0.142,
      0.266,
      0.117,
      0.2,
      -0.067,
      0.055,
      -0.046,
      0.109,
      0.305,
      0.098,
      0.139,
      0.203,
      0.149,
      0.006,
      0.115,
      -0.007,
      -0.088,
      0.067,
      -0.096,
      0.305,
      0.068,
      0.042,
      0.27,
      0.103,
      0.304
    ],
    [
      0.074,
      0.312,
      0.212,
      0.198,
      0.39,
      0.093,
      0.31,
      0.104,
      0.148,
      -0.199,
      -0.044,
      -0.041,
      0.09,
      0.127,
      0.213,
      0.005,
      0.213,
      0.153,
      0.084,
      1.0,
      0.171,
      0.145,
      -0.166,
      0.212,
      0.017,
      0.126,
      -0.062,
      0.196,
      0.27,
      0.203,
      0.144,
      0.168,
      0.261,
      0.198,
      0.178,
      0.117,
      0.074,
      0.107,
      0.094,
      0.093,
      0.242,
      0.099,
      0.29,
      0.216,
      0.077,
      0.311,
      0.182,
      0.055,
      0.12,
      0.276,
      0.089,
      0.148,
      0.195,
      0.08,
      0.388,
      -0.031,
      0.134,
      0.053,
      0.099,
      0.238,
      0.073
    ],
    [
      -0.043,
      0.287,
      0.426,
      0.222,
      0.262,
      0.069,
      0.433,
      0.075,
      0.186,
      0.24,
      -0.019,
      0.002,
      0.072,
      0.128,
      0.196,
      0.24,
      0.16,
      0.293,
      0.158,
      0.171,
      1.0,
      0.254,
      -0.165,
      0.268,
      0.139,
      0.202,
      -0.052,
      0.328,
      0.305,
      0.334,
      0.269,
      0.241,
      0.238,
      0.241,
      0.135,
      0.152,
      0.139,
      0.116,
      0.035,
      0.349,
      0.207,
      0.312,
      0.222,
      0.231,
      0.198,
      0.279,
      0.229,
      0.131,
      0.165,
      0.327,
      0.065,
      0.232,
      0.139,
      0.321,
      0.314,
      0.116,
      0.166,
      0.09,
      0.321,
      0.209,
      0.087
    ],
    [
      0.014,
      0.528,
      0.127,
      0.139,
      0.183,
      0.149,
      0.289,
      0.133,
      0.155,
      -0.073,
      -0.006,
      0.007,
      0.134,
      0.082,
      0.245,
      0.052,
      0.144,
      0.178,
      -0.038,
      0.145,
      0.254,
      1.0,
      -0.237,
      0.341,
      0.101,
      0.274,
      -0.169,
      0.035,
      0.412,
      0.126,
      0.45,
      0.216,
      0.536,
      0.234,
      0.245,
      0.082,
      0.107,
      0.122,
      -0.023,
      -0.012,
      0.271,
      0.192,
      0.435,
      0.358,
      0.032,
      0.445,
      0.405,
      0.011,
      0.227,
      0.527,
      0.035,
      0.166,
      0.37,
      0.158,
      0.308,
      0.027,
      0.291,
      0.104,
      0.145,
      0.283,
      -0.002
    ],
    [
      -0.05,
      -0.183,
      -0.147,
      -0.095,
      -0.048,
      -0.187,
      -0.153,
      -0.109,
      -0.089,
      0.101,
      0.0,
      -0.051,
      -0.107,
      0.075,
      -0.073,
      -0.036,
      -0.273,
      -0.053,
      -0.003,
      -0.166,
      -0.165,
      -0.237,
      1.0,
      -0.213,
      -0.041,
      -0.185,
      0.351,
      -0.046,
      -0.219,
      -0.0,
      -0.185,
      -0.157,
      -0.204,
      -0.133,
      -0.149,
      -0.104,
      -0.044,
      -0.007,
      0.004,
      0.043,
      -0.076,
      -0.132,
      -0.197,
      -0.281,
      -0.076,
      -0.379,
      -0.352,
      -0.059,
      -0.143,
      -0.229,
      -0.089,
      -0.063,
      -0.281,
      -0.099,
      -0.172,
      0.092,
      -0.281,
      -0.016,
      -0.086,
      -0.245,
      0.023
    ],
    [
      0.091,
      0.402,
      0.224,
      0.175,
      0.171,
      0.163,
      0.229,
      0.142,
      0.235,
      0.008,
      -0.178,
      -0.029,
      0.193,
      0.034,
      0.175,
      0.048,
      0.178,
      0.129,
      0.06,
      0.212,
      0.268,
      0.341,
      -0.213,
      1.0,
      0.102,
      0.315,
      -0.118,
      0.158,
      0.432,
      0.105,
      0.441,
      0.28,
      0.354,
      0.093,
      0.249,
      0.137,
      0.023,
      0.103,
      -0.105,
      0.176,
      0.11,
      0.147,
      0.283,
      0.337,
      0.047,
      0.47,
      0.407,
      -0.081,
      0.299,
      0.519,
      0.059,
      0.057,
      0.31,
      0.191,
      0.209,
      0.101,
      0.412,
      0.212,
      0.152,
      0.386,
      0.001
    ],
    [
      -0.032,
      0.078,
      0.038,
      -0.002,
      0.071,
      0.011,
      0.053,
      -0.045,
      0.067,
      -0.017,
      -0.011,
      0.087,
      0.034,
      -0.05,
      0.137,
      -0.067,
      -0.008,
      0.087,
      -0.013,
      0.017,
      0.139,
      0.101,
      -0.041,
      0.102,
      1.0,
      -0.062,
      0.046,
      -0.075,
      0.037,
      0.013,
      0.065,
      0.015,
      0.079,
      0.027,
      0.05,
      0.077,
      -0.053,
      -0.077,
      -0.021,
      0.086,
      0.043,
      0.049,
      0.042,
      -0.101,
      -0.043,
      0.036,
      0.105,
      -0.043,
      0.01,
      0.027,
      0.066,
      0.046,
      0.044,
      0.067,
      0.088,
      -0.084,
      0.052,
      -0.042,
      -0.07,
      0.013,
      -0.074
    ],
    [
      0.103,
      0.261,
      0.078,
      0.251,
      0.115,
      0.103,
      0.136,
      0.034,
      0.039,
      0.032,
      -0.07,
      0.01,
      0.057,
      0.125,
      0.159,
      -0.031,
      0.233,
      0.058,
      0.065,
      0.126,
      0.202,
      0.274,
      -0.185,
      0.315,
      -0.062,
      1.0,
      -0.134,
      0.112,
      0.21,
      0.189,
      0.295,
      0.156,
      0.263,
      0.125,
      0.309,
      -0.081,
      0.056,
      0.137,
      -0.004,
      -0.102,
      0.104,
      0.069,
      0.243,
      0.336,
      0.068,
      0.282,
      0.202,
      -0.042,
      0.152,
      0.245,
      0.112,
      0.129,
      0.367,
      0.021,
      0.123,
      -0.053,
      0.302,
      0.043,
      0.054,
      0.301,
      0.026
    ],
    [
      -0.059,
      -0.112,
      -0.053,
      -0.126,
      -0.012,
      -0.163,
      -0.074,
      -0.066,
      -0.033,
      0.008,
      0.036,
      0.031,
      0.051,
      0.014,
      0.104,
      -0.076,
      -0.176,
      -0.068,
      -0.032,
      -0.062,
      -0.052,
      -0.169,
      0.351,
      -0.118,
      0.046,
      -0.134,
      1.0,
      0.065,
      -0.171,
      -0.067,
      -0.136,
      -0.1,
      -0.151,
      -0.125,
      -0.07,
      -0.104,
      -0.08,
      -0.025,
      0.036,
      0.047,
      -0.061,
      -0.036,
      -0.164,
      -0.211,
      -0.093,
      -0.203,
      -0.281,
      -0.035,
      -0.078,
      -0.174,
      -0.06,
      -0.022,
      -0.149,
      0.008,
      -0.047,
      -0.099,
      -0.26,
      -0.071,
      -0.106,
      -0.221,
      -0.052
    ],
    [
      -0.051,
      0.077,
      0.493,
      0.268,
      0.255,
      0.055,
      0.698,
      0.053,
      0.059,
      0.127,
      -0.069,
      -0.016,
      0.059,
      0.319,
      0.045,
      0.346,
      0.105,
      0.229,
      0.207,
      0.196,
      0.328,
      0.035,
      -0.046,
      0.158,
      -0.075,
      0.112,
      0.065,
      1.0,
      0.15,
      0.308,
      0.129,
      0.029,
      0.037,
      0.147,
      0.112,
      -0.053,
      0.285,
      0.186,
      0.027,
      0.32,
      0.213,
      0.232,
      0.106,
      0.063,
      0.296,
      0.191,
      0.213,
      0.179,
      0.186,
      0.07,
      -0.057,
      -0.021,
      0.115,
      0.266,
      0.291,
      0.25,
      0.053,
      0.049,
      0.274,
      0.165,
      0.264
    ],
    [
      -0.032,
      0.468,
      0.2,
      0.217,
      0.196,
      0.158,
      0.271,
      0.051,
      0.172,
      -0.045,
      -0.059,
      -0.056,
      0.22,
      -0.048,
      0.143,
      -0.033,
      0.168,
      0.265,
      0.106,
      0.27,
      0.305,
      0.412,
      -0.219,
      0.432,
      0.037,
      0.21,
      -0.171,
      0.15,
      1.0,
      0.2,
      0.457,
      0.252,
      0.474,
      0.231,
      0.337,
      0.097,
      0.069,
      -0.013,
      -0.038,
      0.155,
      0.194,
      0.221,
      0.442,
      0.391,
      -0.014,
      0.683,
      0.589,
      -0.004,
      0.342,
      0.564,
      0.135,
      0.154,
      0.296,
      0.209,
      0.408,
      0.065,
      0.461,
      0.175,
      0.148,
      0.391,
      -0.092
    ],
    [
      0.037,
      0.102,
      0.284,
      0.218,
      0.25,
      0.027,
      0.318,
      0.004,
      0.062,
      0.156,
      -0.091,
      -0.097,
      0.038,
      0.181,
      0.063,
      0.126,
      0.084,
      0.138,
      0.101,
      0.203,
      0.334,
      0.126,
      -0.0,
      0.105,
      0.013,
      0.189,
      -0.067,
      0.308,
      0.2,
      1.0,
      0.201,
      0.096,
      0.13,
      0.237,
      0.202,
      0.004,
      0.245,
      0.2,
      0.054,
      0.249,
      0.255,
      0.17,
      0.164,
      0.121,
      0.232,
      0.243,
      0.219,
      0.145,
      0.196,
      0.22,
      0.079,
      0.179,
      0.139,
      0.161,
      0.175,
      0.196,
      0.111,
      0.126,
      0.203,
      0.207,
      0.158
    ],
    [
      0.104,
      0.456,
      0.161,
      0.287,
      0.157,
      0.153,
      0.233,
      0.096,
      0.172,
      -0.099,
      -0.038,
      -0.065,
      0.193,
      0.078,
      0.229,
      0.095,
      0.242,
      0.234,
      0.083,
      0.144,
      0.269,
      0.45,
      -0.185,
      0.441,
      0.065,
      0.295,
      -0.136,
      0.129,
      0.457,
      0.201,
      1.0,
      0.162,
      0.436,
      0.119,
      0.398,
      -0.001,
      0.11,
      0.074,
      -0.072,
      0.127,
      0.168,
      0.184,
      0.375,
      0.39,
      0.024,
      0.543,
      0.48,
      0.018,
      0.388,
      0.523,
      0.105,
      0.143,
      0.361,
      0.222,
      0.223,
      0.044,
      0.403,
      0.127,
      0.138,
      0.351,
      0.033
    ],
    [
      0.024,
      0.278,
      0.093,
      0.076,
      0.075,
      0.195,
      0.114,
      0.134,
      0.117,
      -0.011,
      0.016,
      0.089,
      0.187,
      -0.006,
      0.093,
      -0.008,
      0.12,
      0.057,
      -0.003,
      0.168,
      0.241,
      0.216,
      -0.157,
      0.28,
      0.015,
      0.156,
      -0.1,
      0.029,
      0.252,
      0.096,
      0.162,
      1.0,
      0.217,
      0.173,
      0.178,
      0.207,
      0.005,
      -0.017,
      0.024,
      0.034,
      0.088,
      0.113,
      0.297,
      0.293,
      -0.049,
      0.267,
      0.287,
      -0.03,
      0.186,
      0.293,
      0.123,
      0.137,
      0.222,
      0.035,
      0.165,
      -0.059,
      0.179,
      0.161,
      0.026,
      0.201,
      -0.031
    ],
    [
      0.017,
      0.768,
      0.153,
      0.142,
      0.283,
      0.168,
      0.26,
      0.143,
      0.322,
      -0.145,
      -0.067,
      -0.075,
      0.139,
      0.059,
      0.282,
      -0.036,
      0.134,
      0.226,
      -0.087,
      0.261,
      0.238,
      0.536,
      -0.204,
      0.354,
      0.079,
      0.263,
      -0.151,
      0.037,
      0.474,
      0.13,
      0.436,
      0.217,
      1.0,
      0.307,
      0.15,
      0.152,
      0.099,
      0.161,
      -0.036,
      0.005,
      0.369,
      0.201,
      0.66,
      0.338,
      0.063,
      0.523,
      0.313,
      0.012,
      0.244,
      0.739,
      0.086,
      0.146,
      0.322,
      0.157,
      0.453,
      -0.07,
      0.297,
      0.093,
      0.127,
      0.22,
      -0.041
    ],
    [
      0.052,
      0.324,
      0.312,
      0.234,
      0.429,
      0.155,
      0.26,
      0.062,
      0.107,
      0.213,
      0.01,
      -0.007,
      -0.144,
      0.15,
      0.134,
      0.099,
      0.168,
      0.171,
      0.06,
      0.198,
      0.241,
      0.234,
      -0.133,
      0.093,
      0.027,
      0.125,
      -0.125,
      0.147,
      0.231,
      0.237,
      0.119,
      0.173,
      0.307,
      1.0,
      0.199,
      0.007,
      0.333,
      0.193,
      0.101,
      0.139,
      0.38,
      0.289,
      0.321,
      0.206,
      0.087,
      0.286,
      0.227,
      0.149,
      0.03,
      0.32,
      0.088,
      0.026,
      0.23,
      0.078,
      0.31,
      0.1,
      0.025,
      -0.005,
      0.224,
      0.112,
      0.132
    ],
    [
      0.07,
      0.192,
      0.169,
      0.326,
      0.162,
      0.205,
      0.14,
      -0.004,
      0.125,
      -0.014,
      -0.062,
      -0.134,
      0.221,
      0.029,
      0.099,
      0.146,
      0.238,
      0.158,
      0.136,
      0.178,
      0.135,
      0.245,
      -0.149,
      0.249,
      0.05,
      0.309,
      -0.07,
      0.112,
      0.337,
      0.202,
      0.398,
      0.178,
      0.15,
      0.199,
      1.0,
      0.07,
      0.116,
      0.052,
      -0.041,
      0.117,
      0.061,
      0.138,
      0.222,
      0.325,
      0.082,
      0.4,
      0.435,
      0.17,
      0.215,
      0.254,
      0.097,
      0.113,
      0.357,
      0.221,
      0.155,
      0.086,
      0.39,
      0.12,
      0.086,
      0.349,
      0.043
    ],
    [
      0.123,
      0.152,
      0.154,
      -0.032,
      0.067,
      -0.003,
      0.046,
      0.072,
      0.235,
      -0.029,
      0.142,
      0.085,
      0.119,
      -0.079,
      0.186,
      -0.084,
      0.002,
      0.096,
      0.062,
      0.117,
      0.152,
      0.082,
      -0.104,
      0.137,
      0.077,
      -0.081,
      -0.104,
      -0.053,
      0.097,
      0.004,
      -0.001,
      0.207,
      0.152,
      0.007,
      0.07,
      1.0,
      -0.035,
      -0.343,
      0.011,
      0.044,
      -0.013,
      0.033,
      0.158,
      0.073,
      0.044,
      0.14,
      0.114,
      -0.024,
      0.021,
      0.153,
      0.079,
      0.169,
      0.099,
      0.121,
      0.021,
      -0.032,
      0.107,
      0.041,
      0.106,
      0.12,
      -0.063
    ],
    [
      0.057,
      0.003,
      0.296,
      0.203,
      0.301,
      0.083,
      0.312,
      0.043,
      0.15,
      0.317,
      -0.103,
      -0.042,
      -0.154,
      0.481,
      -0.079,
      0.343,
      0.138,
      -0.051,
      0.142,
      0.074,
      0.139,
      0.107,
      -0.044,
      0.023,
      -0.053,
      0.056,
      -0.08,
      0.285,
      0.069,
      0.245,
      0.11,
      0.005,
      0.099,
      0.333,
      0.116,
      -0.035,
      1.0,
      0.34,
      0.178,
      0.064,
      0.365,
      0.073,
      0.137,
      -0.009,
      0.354,
      0.127,
      0.026,
      0.192,
      0.071,
      0.131,
      0.078,
      0.096,
      0.101,
      0.069,
      0.211,
      0.346,
      -0.012,
      0.006,
      0.135,
      0.153,
      0.463
    ],
    [
      0.017,
      0.124,
      0.203,
      0.195,
      0.213,
      0.054,
      0.242,
      0.035,
      0.055,
      0.261,
      -0.078,
      -0.047,
      -0.185,
      0.526,
      0.039,
      0.226,
      0.064,
      0.06,
      0.266,
      0.107,
      0.116,
      0.122,
      -0.007,
      0.103,
      -0.077,
      0.137,
      -0.025,
      0.186,
      -0.013,
      0.2,
      0.074,
      -0.017,
      0.161,
      0.193,
      0.052,
      -0.343,
      0.34,
      1.0,
      0.087,
      0.059,
      0.229,
      0.222,
      0.147,
      0.028,
      0.432,
      0.058,
      -0.03,
      0.269,
      0.124,
      0.179,
      -0.035,
      0.002,
      -0.009,
      -0.005,
      0.217,
      0.272,
      -0.032,
      -0.012,
      0.128,
      0.044,
      0.494
    ],
    [
      0.103,
      -0.009,
      0.111,
      0.125,
      0.218,
      0.146,
      0.036,
      0.01,
      0.065,
      0.039,
      0.024,
      0.104,
      -0.062,
      0.069,
      0.059,
      0.098,
      0.091,
      -0.008,
      0.117,
      0.094,
      0.035,
      -0.023,
      0.004,
      -0.105,
      -0.021,
      -0.004,
      0.036,
      0.027,
      -0.038,
      0.054,
      -0.072,
      0.024,
      -0.036,
      0.101,
      -0.041,
      0.011,
      0.178,
      0.087,
      1.0,
      0.027,
      0.023,
      -0.016,
      0.078,
      0.022,
      0.109,
      -0.03,
      0.013,
      0.387,
      0.046,
      0.017,
      0.027,
      0.104,
      -0.064,
      -0.098,
      0.049,
      0.035,
      -0.047,
      -0.102,
      0.021,
      -0.044,
      0.035
    ],
    [
      -0.022,
      0.042,
      0.373,
      0.197,
      0.168,
      0.135,
      0.287,
      -0.039,
      0.128,
      0.07,
      -0.075,
      0.075,
      0.115,
      0.047,
      0.113,
      0.14,
      0.063,
      0.189,
      0.2,
      0.093,
      0.349,
      -0.012,
      0.043,
      0.176,
      0.086,
      -0.102,
      0.047,
      0.32,
      0.155,
      0.249,
      0.127,
      0.034,
      0.005,
      0.139,
      0.117,
      0.044,
      0.064,
      0.059,
      0.027,
      1.0,
      0.038,
      0.082,
      0.011,
      0.066,
      0.114,
      0.219,
      0.228,
      0.1,
      0.208,
      0.117,
      0.088,
      -0.025,
      -0.049,
      0.263,
      0.174,
      0.135,
      0.098,
      0.068,
      0.161,
      0.162,
      0.122
    ],
    [
      -0.049,
      0.333,
      0.124,
      0.145,
      0.297,
      0.051,
      0.35,
      0.113,
      0.17,
      0.052,
      -0.091,
      -0.192,
      -0.114,
      0.266,
      0.138,
      0.048,
      0.14,
      0.178,
      -0.067,
      0.242,
      0.207,
      0.271,
      -0.076,
      0.11,
      0.043,
      0.104,
      -0.061,
      0.213,
      0.194,
      0.255,
      0.168,
      0.088,
      0.369,
      0.38,
      0.061,
      -0.013,
      0.365,
      0.229,
      0.023,
      0.038,
      1.0,
      0.174,
      0.392,
      0.132,
      0.073,
      0.22,
      0.07,
      0.053,
      0.111,
      0.363,
      0.046,
      0.174,
      0.226,
      0.134,
      0.619,
      0.107,
      0.039,
      0.066,
      0.028,
      0.151,
      0.086
    ],
    [
      0.068,
      0.255,
      0.301,
      0.199,
      0.198,
      0.06,
      0.301,
      0.075,
      0.04,
      0.181,
      0.144,
      -0.039,
      0.108,
      0.113,
      0.153,
      0.043,
      -0.008,
      0.247,
      0.055,
      0.099,
      0.312,
      0.192,
      -0.132,
      0.147,
      0.049,
      0.069,
      -0.036,
      0.232,
      0.221,
      0.17,
      0.184,
      0.113,
      0.201,
      0.289,
      0.138,
      0.033,
      0.073,
      0.222,
      -0.016,
      0.082,
      0.174,
      1.0,
      0.146,
      0.092,
      0.235,
      0.147,
      0.15,
      0.211,
      0.059,
      0.188,
      -0.08,
      0.047,
      0.165,
      0.126,
      0.262,
      0.112,
      0.072,
      -0.003,
      0.367,
      0.118,
      0.103
    ],
    [
      0.064,
      0.703,
      0.066,
      0.232,
      0.349,
      0.148,
      0.28,
      0.112,
      0.166,
      -0.141,
      -0.057,
      -0.15,
      0.025,
      0.135,
      0.22,
      -0.07,
      0.116,
      0.204,
      -0.046,
      0.29,
      0.222,
      0.435,
      -0.197,
      0.283,
      0.042,
      0.243,
      -0.164,
      0.106,
      0.442,
      0.164,
      0.375,
      0.297,
      0.66,
      0.321,
      0.222,
      0.158,
      0.137,
      0.147,
      0.078,
      0.011,
      0.392,
      0.146,
      1.0,
      0.343,
      0.036,
      0.462,
      0.326,
      0.068,
      0.243,
      0.687,
      0.126,
      0.19,
      0.282,
      0.145,
      0.441,
      -0.072,
      0.277,
      0.193,
      0.05,
      0.293,
      -0.034
    ],
    [
      0.048,
      0.337,
      0.155,
      0.216,
      0.139,
      0.221,
      0.192,
      0.179,
      0.053,
      0.021,
      0.046,
      -0.031,
      0.14,
      -0.078,
      0.189,
      0.131,
      0.299,
      0.145,
      0.109,
      0.216,
      0.231,
      0.358,
      -0.281,
      0.337,
      -0.101,
      0.336,
      -0.211,
      0.063,
      0.391,
      0.121,
      0.39,
      0.293,
      0.338,
      0.206,
      0.325,
      0.073,
      -0.009,
      0.028,
      0.022,
      0.066,
      0.132,
      0.092,
      0.343,
      1.0,
      0.015,
      0.413,
      0.381,
      0.015,
      0.37,
      0.43,
      0.123,
      0.103,
      0.376,
      0.245,
      0.265,
      0.051,
      0.359,
      0.065,
      0.11,
      0.342,
      -0.066
    ],
    [
      -0.011,
      -0.01,
      0.387,
      0.227,
      0.21,
      0.021,
      0.292,
      0.009,
      0.122,
      0.425,
      -0.039,
      -0.007,
      -0.04,
      0.562,
      -0.004,
      0.411,
      0.104,
      0.115,
      0.305,
      0.077,
      0.198,
      0.032,
      -0.076,
      0.047,
      -0.043,
      0.068,
      -0.093,
      0.296,
      -0.014,
      0.232,
      0.024,
      -0.049,
      0.063,
      0.087,
      0.082,
      0.044,
      0.354,
      0.432,
      0.109,
      0.114,
      0.073,
      0.235,
      0.036,
      0.015,
      1.0,
      0.017,
      0.015,
      0.256,
      0.088,
      0.074,
      0.109,
      0.006,
      -0.007,
      0.11,
      0.061,
      0.243,
      -0.026,
      0.038,
      0.217,
      0.087,
      0.56
    ],
    [
      0.023,
      0.539,
      0.256,
      0.229,
      0.277,
      0.201,
      0.303,
      0.115,
      0.231,
      -0.11,
      -0.092,
      -0.012,
      0.177,
      0.014,
      0.211,
      0.01,
      0.27,
      0.263,
      0.098,
      0.311,
      0.279,
      0.445,
      -0.379,
      0.47,
      0.036,
      0.282,
      -0.203,
      0.191,
      0.683,
      0.243,
      0.543,
      0.267,
      0.523,
      0.286,
      0.4,
      0.14,
      0.127,
      0.058,
      -0.03,
      0.219,
      0.22,
      0.147,
      0.462,
      0.413,
      0.017,
      1.0,
      0.681,
      0.007,
      0.339,
      0.653,
      0.175,
      0.151,
      0.382,
      0.242,
      0.387,
      -0.03,
      0.527,
      0.167,
      0.182,
      0.437,
      -0.026
    ],
    [
      0.014,
      0.409,
      0.228,
      0.31,
      0.198,
      0.272,
      0.282,
      0.112,
      0.144,
      -0.121,
      -0.096,
      -0.004,
      0.272,
      -0.079,
      0.21,
      0.032,
      0.244,
      0.239,
      0.139,
      0.182,
      0.229,
      0.405,
      -0.352,
      0.407,
      0.105,
      0.202,
      -0.281,
      0.213,
      0.589,
      0.219,
      0.48,
      0.287,
      0.313,
      0.227,
      0.435,
      0.114,
      0.026,
      -0.03,
      0.013,
      0.228,
      0.07,
      0.15,
      0.326,
      0.381,
      0.015,
      0.681,
      1.0,
      0.111,
      0.465,
      0.441,
      0.189,
      0.097,
      0.279,
      0.181,
      0.244,
      0.01,
      0.482,
      0.135,
      0.144,
      0.405,
      -0.095
    ],
    [
      0.075,
      0.072,
      0.21,
      0.294,
      0.166,
      0.174,
      0.121,
      0.004,
      0.072,
      0.119,
      0.015,
      -0.076,
      -0.041,
      0.272,
      0.001,
      0.169,
      0.134,
      0.02,
      0.203,
      0.055,
      0.131,
      0.011,
      -0.059,
      -0.081,
      -0.043,
      -0.042,
      -0.035,
      0.179,
      -0.004,
      0.145,
      0.018,
      -0.03,
      0.012,
      0.149,
      0.17,
      -0.024,
      0.192,
      0.269,
      0.387,
      0.1,
      0.053,
      0.211,
      0.068,
      0.015,
      0.256,
      0.007,
      0.111,
      1.0,
      0.053,
      0.112,
      0.001,
      0.162,
      -0.101,
      0.003,
      0.115,
      0.124,
      0.035,
      -0.08,
      0.182,
      0.03,
      0.248
    ],
    [
      -0.044,
      0.281,
      0.245,
      0.348,
      0.178,
      0.194,
      0.206,
      0.034,
      0.063,
      0.01,
      -0.034,
      0.035,
      0.307,
      0.034,
      0.112,
      0.08,
