{
  "meta": {
    "generated_at": "2026-06-29T12:17:50+00:00",
    "n_tickers": 62,
    "n_clusters": 0,
    "redundant_threshold": 0.75
  },
  "tickers": [
    "NTO",
    "ABBNE",
    "ABNB",
    "ADYEN",
    "AMZN",
    "BFIT",
    "BN",
    "CBAV",
    "CELH",
    "CHKP",
    "COR",
    "COST",
    "CPR",
    "CRWD",
    "CSU",
    "DNP",
    "DSGX",
    "EVD",
    "FERG",
    "FICO",
    "GOOG",
    "GRMN",
    "HLMA",
    "IPCO",
    "ITX",
    "JDG",
    "JFN",
    "KIST",
    "KKR",
    "KRX",
    "KSPI",
    "LIFCO B",
    "LOTB",
    "LR",
    "META",
    "MIPS",
    "MNST",
    "MSFT",
    "NET",
    "NFLX",
    "NKE",
    "NVDA",
    "OTLY",
    "PRY",
    "RAA",
    "S",
    "SGO",
    "SIKA",
    "SPOT",
    "STMN",
    "SU",
    "TFF",
    "TFPM",
    "TGYM",
    "TREX",
    "TSM",
    "VEEV",
    "VID",
    "VRLA",
    "VLTO",
    "WOSG",
    "ZS"
  ],
  "matrix_1y": [
    [
      1.0,
      0.106,
      -0.132,
      0.043,
      0.018,
      -0.044,
      -0.056,
      -0.026,
      0.003,
      -0.044,
      0.19,
      0.023,
      -0.036,
      -0.009,
      -0.123,
      -0.002,
      0.056,
      0.074,
      0.023,
      -0.095,
      0.046,
      -0.032,
      0.002,
      -0.084,
      0.106,
      -0.045,
      0.124,
      -0.085,
      -0.059,
      0.034,
      0.009,
      0.111,
      -0.007,
      0.025,
      0.017,
      0.05,
      0.133,
      -0.006,
      0.006,
      0.07,
      -0.061,
      -0.104,
      0.021,
      0.076,
      0.09,
      -0.043,
      0.049,
      0.023,
      0.061,
      0.004,
      0.101,
      -0.023,
      -0.045,
      0.075,
      -0.128,
      -0.006,
      0.003,
      0.074,
      -0.084,
      0.138,
      0.012,
      -0.039
    ],
    [
      0.106,
      1.0,
      0.144,
      0.185,
      0.228,
      0.132,
      0.278,
      0.116,
      0.117,
      -0.155,
      -0.043,
      -0.106,
      0.129,
      0.084,
      -0.107,
      0.266,
      -0.093,
      0.167,
      0.27,
      -0.1,
      0.287,
      0.278,
      0.411,
      -0.168,
      0.347,
      0.114,
      0.218,
      -0.098,
      0.075,
      0.437,
      0.101,
      0.428,
      0.227,
      0.759,
      0.305,
      0.163,
      0.112,
      -0.033,
      0.129,
      -0.038,
      -0.052,
      0.343,
      0.197,
      0.709,
      0.354,
      -0.018,
      0.5,
      0.376,
      0.064,
      0.258,
      0.797,
      0.061,
      0.166,
      0.287,
      0.178,
      0.457,
      -0.185,
      0.255,
      0.097,
      0.083,
      0.29,
      -0.06
    ],
    [
      -0.132,
      0.144,
      1.0,
      0.333,
      0.371,
      0.09,
      0.44,
      0.078,
      0.112,
      0.204,
      -0.022,
      -0.023,
      0.015,
      0.333,
      0.312,
      -0.008,
      0.348,
      0.211,
      0.241,
      0.299,
      0.218,
      0.396,
      0.09,
      -0.127,
      0.202,
      0.087,
      0.053,
      -0.032,
      0.439,
      0.147,
      0.286,
      0.149,
      0.059,
      0.121,
      0.29,
      0.147,
      0.131,
      0.307,
      0.235,
      0.111,
      0.374,
      0.162,
      0.279,
      0.051,
      0.111,
      0.409,
      0.216,
      0.192,
      0.21,
      0.193,
      0.234,
      0.036,
      0.043,
      0.126,
      0.286,
      0.174,
      0.381,
      -0.004,
      -0.008,
      0.364,
      0.212,
      0.323
    ],
    [
      0.043,
      0.185,
      0.333,
      1.0,
      0.271,
      0.178,
      0.204,
      -0.023,
      0.139,
      0.13,
      0.045,
      -0.027,
      0.071,
      0.197,
      0.159,
      0.012,
      0.188,
      0.217,
      0.193,
      0.245,
      0.221,
      0.213,
      0.177,
      -0.097,
      0.117,
      0.068,
      0.232,
      -0.097,
      0.301,
      0.181,
      0.203,
      0.298,
      0.024,
      0.158,
      0.255,
      0.29,
      -0.05,
      0.211,
      0.171,
      0.124,
      0.153,
      0.184,
      0.206,
      0.205,
      0.223,
      0.246,
      0.21,
      0.298,
      0.293,
      0.324,
      0.276,
      0.048,
      0.25,
      0.278,
      0.082,
      0.259,
      0.307,
      0.173,
      0.053,
      0.187,
      0.234,
      0.175
    ],
    [
      0.018,
      0.228,
      0.371,
      0.271,
      1.0,
      0.06,
      0.355,
      0.043,
      0.164,
      0.02,
      -0.124,
      0.015,
      0.001,
      0.185,
      0.068,
      0.096,
      0.089,
      0.236,
      0.267,
      0.137,
      0.399,
      0.261,
      0.146,
      -0.062,
      0.142,
      0.094,
      0.113,
      0.003,
      0.239,
      0.146,
      0.247,
      0.134,
      0.036,
      0.23,
      0.455,
      0.143,
      0.055,
      0.323,
      0.199,
      0.235,
      0.163,
      0.301,
      0.189,
      0.312,
      0.098,
      0.235,
      0.231,
      0.16,
      0.176,
      0.099,
      0.254,
      0.126,
      0.144,
      0.186,
      0.2,
      0.325,
      0.207,
      0.026,
      0.061,
      0.103,
      0.174,
      0.107
    ],
    [
      -0.044,
      0.132,
      0.09,
      0.178,
      0.06,
      1.0,
      0.057,
      -0.029,
      0.035,
      -0.12,
      -0.032,
      0.057,
      0.167,
      0.019,
      0.128,
      0.145,
      0.061,
      0.16,
      0.002,
      0.053,
      0.038,
      0.021,
      0.116,
      -0.156,
      0.122,
      0.021,
      0.078,
      -0.126,
      0.029,
      0.095,
      0.011,
      0.136,
      0.219,
      0.121,
      0.101,
      0.17,
      0.029,
      0.057,
      -0.003,
      0.138,
      0.061,
      0.007,
      0.08,
      0.078,
      0.204,
      0.014,
      0.156,
      0.254,
      0.172,
      0.151,
      0.067,
      0.044,
      0.066,
      0.156,
      0.07,
      0.014,
      0.047,
      0.324,
      0.057,
      -0.004,
      0.145,
      -0.01
    ],
    [
      -0.056,
      0.278,
      0.44,
      0.204,
      0.355,
      0.057,
      1.0,
      0.052,
      0.074,
      0.038,
      -0.086,
      -0.019,
      0.067,
      0.247,
      0.243,
      0.187,
      0.29,
      0.162,
      0.475,
      0.23,
      0.342,
      0.424,
      0.214,
      -0.129,
      0.226,
      0.077,
      0.11,
      -0.073,
      0.701,
      0.224,
      0.304,
      0.213,
      0.092,
      0.241,
      0.241,
      0.132,
      0.024,
      0.278,
      0.232,
      0.027,
      0.286,
      0.358,
      0.266,
      0.256,
      0.174,
      0.293,
      0.268,
      0.237,
      0.116,
      0.138,
      0.245,
      -0.033,
      0.152,
      0.194,
      0.321,
      0.409,
      0.192,
      0.124,
      0.085,
      0.17,
      0.287,
      0.172
    ],
    [
      -0.026,
      0.116,
      0.078,
      -0.023,
      0.043,
      -0.029,
      0.052,
      1.0,
      0.122,
      -0.063,
      0.092,
      -0.021,
      0.095,
      -0.003,
      0.071,
      0.035,
      0.021,
      0.065,
      0.098,
      -0.013,
      0.12,
      0.072,
      0.008,
      -0.082,
      0.16,
      -0.049,
      0.012,
      -0.07,
      0.019,
      0.063,
      -0.004,
      0.095,
      0.168,
      0.117,
      0.008,
      0.024,
      0.047,
      0.029,
      0.046,
      0.001,
      0.039,
      0.076,
      0.06,
      0.136,
      0.204,
      0.002,
      0.086,
      0.064,
      0.002,
      -0.003,
      0.117,
      0.025,
      -0.041,
      0.043,
      0.122,
      0.045,
      0.006,
      0.042,
      -0.013,
      0.119,
      0.045,
      -0.107
    ],
    [
      0.003,
      0.117,
      0.112,
      0.139,
      0.164,
      0.035,
      0.074,
      0.122,
      1.0,
      -0.01,
      0.029,
      0.098,
      0.082,
      -0.045,
      0.08,
      0.142,
      0.038,
      0.127,
      0.13,
      0.003,
      0.112,
      0.133,
      0.1,
      -0.1,
      0.232,
      0.075,
      0.045,
      -0.023,
      0.016,
      0.184,
      0.067,
      0.164,
      0.135,
      0.29,
      0.102,
      0.127,
      0.23,
      0.125,
      0.012,
      0.054,
      0.131,
      0.095,
      0.027,
      0.138,
      0.036,
      0.094,
      0.222,
      0.147,
      0.061,
      0.056,
      0.18,
      0.063,
      0.101,
      -0.003,
      0.099,
      0.189,
      0.106,
      0.072,
      0.18,
      0.158,
      0.084,
      -0.026
    ],
    [
      -0.044,
      -0.155,
      0.204,
      0.13,
      0.02,
      -0.12,
      0.038,
      -0.063,
      -0.01,
      1.0,
      0.111,
      -0.031,
      -0.079,
      0.376,
      0.207,
      -0.108,
      0.376,
      0.105,
      -0.107,
      0.221,
      -0.206,
      0.222,
      -0.045,
      0.094,
      -0.028,
      -0.052,
      0.066,
      0.016,
      0.112,
      -0.087,
      0.15,
      -0.087,
      -0.023,
      -0.132,
      0.171,
      -0.006,
      -0.042,
      0.36,
      0.296,
      0.057,
      0.044,
      0.052,
      0.165,
      -0.15,
      -0.018,
      0.446,
      -0.114,
      -0.119,
      0.135,
      0.01,
      -0.064,
      -0.009,
      0.013,
      -0.045,
      -0.01,
      -0.069,
      0.361,
      -0.068,
      -0.017,
      0.163,
      0.004,
      0.363
    ],
    [
      0.19,
      -0.043,
      -0.022,
      0.045,
      -0.124,
      -0.032,
      -0.086,
      0.092,
      0.029,
      0.111,
      1.0,
      0.167,
      -0.085,
      -0.031,
      -0.001,
      0.184,
      0.04,
      0.068,
      -0.022,
      -0.005,
      -0.029,
      -0.02,
      -0.036,
      -0.016,
      -0.155,
      0.008,
      -0.056,
      0.039,
      -0.064,
      -0.067,
      -0.109,
      -0.024,
      0.032,
      -0.105,
      0.003,
      -0.034,
      0.14,
      -0.098,
      -0.074,
      0.018,
      -0.11,
      -0.126,
      0.147,
      -0.086,
      0.039,
      -0.046,
      -0.086,
      -0.095,
      0.009,
      -0.049,
      -0.063,
      -0.124,
      0.003,
      -0.165,
      -0.13,
      -0.121,
      -0.007,
      -0.074,
      -0.042,
      0.265,
      -0.052,
      0.014
    ],
    [
      0.023,
      -0.106,
      -0.023,
      -0.027,
      0.015,
      0.057,
      -0.019,
      -0.021,
      0.098,
      -0.031,
      0.167,
      1.0,
      0.009,
      -0.1,
      0.066,
      0.097,
      -0.067,
      0.015,
      -0.021,
      0.092,
      -0.007,
      -0.01,
      0.035,
      -0.018,
      -0.06,
      0.074,
      -0.006,
      0.036,
      -0.027,
      -0.031,
      -0.08,
      -0.037,
      0.07,
      -0.111,
      0.003,
      -0.112,
      0.067,
      -0.068,
      -0.079,
      0.105,
      0.049,
      -0.198,
      -0.033,
      -0.161,
      -0.055,
      0.012,
      -0.013,
      -0.022,
      -0.062,
      -0.056,
      -0.189,
      -0.018,
      -0.04,
      -0.002,
      -0.041,
      -0.074,
      -0.015,
      -0.031,
      0.046,
      0.102,
      0.001,
      -0.069
    ],
    [
      -0.036,
      0.129,
      0.015,
      0.071,
      0.001,
      0.167,
      0.067,
      0.095,
      0.082,
      -0.079,
      -0.085,
      0.009,
      1.0,
      -0.21,
      -0.004,
      0.068,
      -0.083,
      0.147,
      0.192,
      -0.017,
      0.09,
      0.062,
      0.113,
      -0.103,
      0.203,
      0.017,
      0.07,
      0.026,
      0.071,
      0.228,
      0.041,
      0.211,
      0.162,
      0.139,
      -0.148,
      0.228,
      0.127,
      -0.163,
      -0.195,
      -0.067,
      0.127,
      -0.126,
      0.092,
      0.006,
      0.157,
      -0.06,
      0.189,
      0.29,
      -0.053,
      0.279,
      0.072,
      0.053,
      0.054,
      0.173,
      0.159,
      0.069,
      -0.05,
      0.334,
      0.098,
      0.002,
      0.142,
      -0.19
    ],
    [
      -0.009,
      0.084,
      0.333,
      0.197,
      0.185,
      0.019,
      0.247,
      -0.003,
      -0.045,
      0.376,
      -0.031,
      -0.1,
      -0.21,
      1.0,
      0.224,
      -0.07,
      0.345,
      0.185,
      0.003,
      0.212,
      0.103,
      0.142,
      0.012,
      0.078,
      0.013,
      -0.059,
      0.146,
      0.024,
      0.304,
      -0.066,
      0.211,
      0.068,
      0.021,
      0.073,
      0.126,
      0.019,
      -0.083,
      0.507,
      0.571,
      0.075,
      0.076,
      0.308,
      0.153,
      0.184,
      -0.083,
      0.53,
      -0.003,
      -0.101,
      0.247,
      0.053,
      0.177,
      0.067,
      0.138,
      0.022,
      0.005,
      0.16,
      0.408,
      -0.116,
      -0.041,
      0.134,
      0.108,
      0.682
    ],
    [
      -0.123,
      -0.107,
      0.312,
      0.159,
      0.068,
      0.128,
      0.243,
      0.071,
      0.08,
      0.207,
      -0.001,
      0.066,
      -0.004,
      0.224,
      1.0,
      -0.057,
      0.504,
      0.084,
      -0.075,
      0.358,
      0.077,
      0.214,
      0.006,
      -0.043,
      -0.038,
      -0.103,
      0.089,
      -0.069,
      0.236,
      -0.085,
      0.163,
      0.068,
      0.048,
      -0.063,
      0.019,
      0.061,
      -0.016,
      0.314,
      0.138,
      0.119,
      0.143,
      -0.041,
      -0.012,
      -0.137,
      0.051,
      0.318,
      -0.068,
      -0.007,
      0.136,
      0.101,
      -0.087,
      0.058,
      -0.033,
      -0.09,
      -0.046,
      -0.137,
      0.313,
      -0.106,
      -0.015,
      0.112,
      0.049,
      0.3
    ],
    [
      -0.002,
      0.266,
      -0.008,
      0.012,
      0.096,
      0.145,
      0.187,
      0.035,
      0.142,
      -0.108,
      0.184,
      0.097,
      0.068,
      -0.07,
      -0.057,
      1.0,
      -0.122,
      0.047,
      0.229,
      -0.023,
      0.204,
      0.181,
      0.176,
      -0.057,
      0.174,
      0.148,
      0.135,
      0.105,
      0.04,
      0.142,
      0.046,
      0.238,
      0.105,
      0.252,
      0.142,
      0.145,
      0.181,
      -0.129,
      -0.01,
      0.044,
      0.093,
      0.069,
      0.119,
      0.189,
      0.178,
      -0.012,
      0.218,
      0.21,
      -0.002,
      0.052,
      0.18,
      0.158,
      0.251,
      0.095,
      0.048,
      0.133,
      -0.187,
      0.165,
      0.025,
      0.028,
      0.076,
      -0.149
    ],
    [
      0.056,
      -0.093,
      0.348,
      0.188,
      0.089,
      0.061,
      0.29,
      0.021,
      0.038,
      0.376,
      0.04,
      -0.067,
      -0.083,
      0.345,
      0.504,
      -0.122,
      1.0,
      0.179,
      -0.01,
      0.331,
      0.011,
      0.243,
      0.044,
      0.023,
      0.014,
      -0.087,
      0.049,
      -0.068,
      0.348,
      -0.087,
      0.152,
      0.098,
      -0.051,
      -0.068,
      0.057,
      0.15,
      -0.104,
      0.435,
      0.337,
      0.129,
      0.15,
      0.093,
      0.081,
      -0.104,
      0.067,
      0.466,
      -0.052,
      -0.045,
      0.199,
      0.045,
      -0.036,
      -0.013,
      -0.042,
      -0.058,
      0.083,
      -0.011,
      0.502,
      -0.072,
      -0.035,
      0.247,
      0.054,
      0.426
    ],
    [
      0.074,
      0.167,
      0.211,
      0.217,
      0.236,
      0.16,
      0.162,
      0.065,
      0.127,
      0.105,
      0.068,
      0.015,
      0.147,
      0.185,
      0.084,
      0.047,
      0.179,
      1.0,
      0.077,
      0.075,
      0.228,
      0.132,
      0.154,
      -0.272,
      0.18,
      0.064,
      0.279,
      -0.163,
      0.13,
      0.175,
      0.099,
      0.249,
      0.074,
      0.185,
      0.182,
      0.193,
      0.009,
      0.22,
      0.087,
      0.079,
      0.047,
      0.141,
      0.057,
      0.087,
      0.27,
      0.088,
      0.285,
      0.248,
      0.089,
      0.187,
      0.243,
      0.044,
      0.068,
      0.2,
      0.025,
      0.115,
      0.098,
      0.243,
      0.038,
      0.08,
      0.254,
      0.121
    ],
    [
      0.023,
      0.27,
      0.241,
      0.193,
      0.267,
      0.002,
      0.475,
      0.098,
      0.13,
      -0.107,
      -0.022,
      -0.021,
      0.192,
      0.003,
      -0.075,
      0.229,
      -0.01,
      0.077,
      1.0,
      0.079,
      0.251,
      0.349,
      0.159,
      -0.132,
      0.184,
      0.148,
      0.072,
      -0.088,
      0.313,
      0.326,
      0.16,
      0.272,
      0.076,
      0.26,
      0.231,
      0.161,
      0.119,
      -0.075,
      0.053,
      -0.018,
      0.232,
      0.18,
      0.222,
      0.204,
      0.166,
      0.064,
      0.306,
      0.292,
      0.015,
      0.16,
      0.244,
      0.071,
      0.182,
      0.144,
      0.362,
      0.396,
      0.026,
      0.167,
      0.036,
      0.224,
      0.121,
      -0.065
    ],
    [
      -0.095,
      -0.1,
      0.299,
      0.245,
      0.137,
      0.053,
      0.23,
      -0.013,
      0.003,
      0.221,
      -0.005,
      0.092,
      -0.017,
      0.212,
      0.358,
      -0.023,
      0.331,
      0.075,
      0.079,
      1.0,
      0.103,
      0.161,
      0.016,
      0.015,
      0.04,
      -0.015,
      0.043,
      -0.024,
      0.199,
      0.062,
      0.128,
      0.081,
      0.005,
      -0.12,
      0.043,
      0.113,
      0.067,
      0.162,
      0.258,
      0.133,
      0.224,
      -0.033,
      0.073,
      -0.052,
      0.122,
      0.371,
      0.084,
      0.121,
      0.222,
      0.1,
      -0.01,
      0.126,
      -0.007,
      -0.092,
      0.1,
      -0.079,
      0.319,
      0.034,
      0.05,
      0.253,
      0.1,
      0.251
    ],
    [
      0.046,
      0.287,
      0.218,
      0.221,
      0.399,
      0.038,
      0.342,
      0.12,
      0.112,
      -0.206,
      -0.029,
      -0.007,
      0.09,
      0.103,
      0.077,
      0.204,
      0.011,
      0.228,
      0.251,
      0.103,
      1.0,
      0.179,
      0.12,
      -0.13,
      0.196,
      0.028,
      0.099,
      -0.06,
      0.213,
      0.242,
      0.192,
      0.119,
      0.118,
      0.237,
      0.225,
      0.151,
      0.118,
      0.084,
      0.094,
      0.101,
      0.106,
      0.269,
      0.113,
      0.273,
      0.215,
      0.099,
      0.275,
      0.152,
      0.066,
      0.047,
      0.24,
      0.081,
      0.196,
      0.208,
      0.082,
      0.372,
      -0.025,
      0.105,
      0.067,
      0.101,
      0.223,
      0.073
    ],
    [
      -0.032,
      0.278,
      0.396,
      0.213,
      0.261,
      0.021,
      0.424,
      0.072,
      0.133,
      0.222,
      -0.02,
      -0.01,
      0.062,
      0.142,
      0.214,
      0.181,
      0.243,
      0.132,
      0.349,
      0.161,
      0.179,
      1.0,
      0.167,
      -0.115,
      0.243,
      0.149,
      0.147,
      -0.033,
      0.312,
      0.261,
      0.319,
      0.265,
      0.221,
      0.212,
      0.225,
      0.123,
      0.129,
      0.11,
      0.128,
      0.021,
      0.338,
      0.235,
      0.278,
      0.22,
      0.189,
      0.206,
      0.238,
      0.179,
      0.134,
      0.103,
      0.33,
      0.052,
      0.256,
      0.122,
      0.318,
      0.326,
      0.113,
      0.105,
      0.081,
      0.287,
      0.195,
      0.084
    ],
    [
      0.002,
      0.411,
      0.09,
      0.177,
      0.146,
      0.116,
      0.214,
      0.008,
      0.1,
      -0.045,
      -0.036,
      0.035,
      0.113,
      0.012,
      0.006,
      0.176,
      0.044,
      0.154,
      0.159,
      0.016,
      0.12,
      0.167,
      1.0,
      -0.189,
      0.268,
      0.093,
      0.266,
      -0.14,
      0.03,
      0.307,
      0.043,
      0.378,
      0.129,
      0.47,
      0.239,
      0.175,
      0.039,
      0.125,
      0.101,
      -0.008,
      -0.063,
      0.227,
      0.144,
      0.328,
      0.331,
      0.037,
      0.39,
      0.361,
      0.046,
      0.182,
      0.438,
      0.04,
      0.117,
      0.313,
      0.053,
      0.244,
      0.07,
      0.2,
      0.093,
      0.086,
      0.26,
      -0.018
    ],
    [
      -0.084,
      -0.168,
      -0.127,
      -0.097,
      -0.062,
      -0.156,
      -0.129,
      -0.082,
      -0.1,
      0.094,
      -0.016,
      -0.018,
      -0.103,
      0.078,
      -0.043,
      -0.057,
      0.023,
      -0.272,
      -0.132,
      0.015,
      -0.13,
      -0.115,
      -0.189,
      1.0,
      -0.248,
      -0.11,
      -0.203,
      0.366,
      -0.013,
      -0.204,
      0.029,
      -0.21,
      -0.138,
      -0.204,
      -0.131,
      -0.158,
      -0.099,
      -0.024,
      0.022,
      0.027,
      0.075,
      -0.029,
      -0.096,
      -0.126,
      -0.266,
      -0.017,
      -0.397,
      -0.385,
      -0.029,
      -0.156,
      -0.221,
      -0.041,
      -0.136,
      -0.203,
      -0.101,
      -0.139,
      0.093,
      -0.289,
      -0.002,
      -0.048,
      -0.228,
      0.075
    ],
    [
      0.106,
      0.347,
      0.202,
      0.117,
      0.142,
      0.122,
      0.226,
      0.16,
      0.232,
      -0.028,
      -0.155,
      -0.06,
      0.203,
      0.013,
      -0.038,
      0.174,
      0.014,
      0.18,
      0.184,
      0.04,
      0.196,
      0.243,
      0.268,
      -0.248,
      1.0,
      0.123,
      0.272,
      -0.13,
      0.159,
      0.437,
      0.083,
      0.437,
      0.261,
      0.308,
      0.093,
      0.251,
      0.142,
      -0.013,
      0.07,
      -0.105,
      0.161,
      0.087,
      0.135,
      0.238,
      0.363,
      0.029,
      0.491,
      0.415,
      -0.087,
      0.272,
      0.447,
      0.066,
      0.059,
      0.224,
      0.178,
      0.196,
      0.048,
      0.426,
      0.208,
      0.138,
      0.352,
      -0.088
    ],
    [
      -0.045,
      0.114,
      0.087,
      0.068,
      0.094,
      0.021,
      0.077,
      -0.049,
      0.075,
      -0.052,
      0.008,
      0.074,
      0.017,
      -0.059,
      -0.103,
      0.148,
      -0.087,
      0.064,
      0.148,
      -0.015,
      0.028,
      0.149,
      0.093,
      -0.11,
      0.123,
      1.0,
      -0.051,
      -0.012,
      -0.023,
      0.084,
      0.072,
      0.115,
      0.012,
      0.105,
      0.041,
      0.046,
      0.088,
      -0.067,
      -0.094,
      -0.027,
      0.077,
      0.064,
      0.047,
      0.052,
      -0.052,
      -0.056,
      0.114,
      0.156,
      -0.071,
      0.03,
      0.066,
      0.065,
      0.093,
      0.067,
      0.095,
      0.104,
      -0.085,
      0.056,
      -0.031,
      -0.091,
      0.015,
      -0.072
    ],
    [
      0.124,
      0.218,
      0.053,
      0.232,
      0.113,
      0.078,
      0.11,
      0.012,
      0.045,
      0.066,
      -0.056,
      -0.006,
      0.07,
      0.146,
      0.089,
      0.135,
      0.049,
      0.279,
      0.072,
      0.043,
      0.099,
      0.147,
      0.266,
      -0.203,
      0.272,
      -0.051,
      1.0,
      -0.124,
      0.103,
      0.147,
      0.136,
      0.275,
      0.13,
      0.231,
      0.134,
      0.299,
      -0.082,
      0.143,
      0.138,
      0.029,
      -0.167,
      0.06,
      0.095,
      0.192,
      0.313,
      0.036,
      0.264,
      0.193,
      -0.038,
      0.166,
      0.193,
      0.112,
      0.171,
      0.347,
      -0.038,
      0.062,
      0.001,
      0.287,
      0.045,
      0.033,
      0.286,
      0.071
    ],
    [
      -0.085,
      -0.098,
      -0.032,
      -0.097,
      0.003,
      -0.126,
      -0.073,
      -0.07,
      -0.023,
      0.016,
      0.039,
      0.036,
      0.026,
      0.024,
      -0.069,
      0.105,
      -0.068,
      -0.163,
      -0.088,
      -0.024,
      -0.06,
      -0.033,
      -0.14,
      0.366,
      -0.13,
      -0.012,
      -0.124,
      1.0,
      0.067,
      -0.168,
      -0.032,
      -0.119,
      -0.077,
      -0.131,
      -0.118,
      -0.092,
      -0.1,
      -0.074,
      -0.019,
      0.066,
      0.103,
      -0.048,
      -0.029,
      -0.127,
      -0.209,
      -0.057,
      -0.196,
      -0.275,
      0.001,
      -0.065,
      -0.135,
      -0.03,
      -0.055,
      -0.134,
      0.027,
      -0.018,
      -0.112,
      -0.257,
      -0.051,
      -0.079,
      -0.214,
      -0.023
    ],
    [
      -0.059,
      0.075,
      0.439,
      0.301,
      0.239,
      0.029,
      0.701,
      0.019,
      0.016,
      0.112,
      -0.064,
      -0.027,
      0.071,
      0.304,
      0.236,
      0.04,
      0.348,
      0.13,
      0.313,
      0.199,
      0.213,
      0.312,
      0.03,
      -0.013,
      0.159,
      -0.023,
      0.103,
      0.067,
      1.0,
      0.119,
      0.27,
      0.121,
      0.006,
      0.047,
      0.128,
      0.09,
      -0.061,
      0.246,
      0.167,
      0.007,
      0.304,
      0.218,
      0.22,
      0.075,
      0.061,
      0.28,
      0.159,
      0.189,
      0.161,
      0.163,
      0.071,
      -0.091,
      0.056,
      0.126,
      0.262,
      0.275,
      0.229,
      0.032,
      0.046,
      0.21,
      0.168,
      0.216
    ],
    [
      0.034,
      0.437,
      0.147,
      0.181,
      0.146,
      0.095,
      0.224,
      0.063,
      0.184,
      -0.087,
      -0.067,
      -0.031,
      0.228,
      -0.066,
      -0.085,
      0.142,
      -0.087,
      0.175,
      0.326,
      0.062,
      0.242,
      0.261,
      0.307,
      -0.204,
      0.437,
      0.084,
      0.147,
      -0.168,
      0.119,
      1.0,
      0.146,
      0.458,
      0.237,
      0.433,
      0.249,
      0.296,
      0.087,
      -0.023,
      -0.05,
      -0.086,
      0.107,
      0.145,
      0.182,
      0.408,
      0.413,
      -0.082,
      0.679,
      0.584,
      -0.043,
      0.308,
      0.528,
      0.129,
      0.184,
      0.217,
      0.194,
      0.347,
      -0.039,
      0.444,
      0.146,
      0.149,
      0.349,
      -0.137
    ],
    [
      0.009,
      0.101,
      0.286,
      0.203,
      0.247,
      0.011,
      0.304,
      -0.004,
      0.067,
      0.15,
      -0.109,
      -0.08,
      0.041,
      0.211,
      0.163,
      0.046,
      0.152,
      0.099,
      0.16,
      0.128,
      0.192,
      0.319,
      0.043,
      0.029,
      0.083,
      0.072,
      0.136,
      -0.032,
      0.27,
      0.146,
      1.0,
      0.171,
      0.097,
      0.098,
      0.214,
      0.192,
      0.007,
      0.223,
      0.202,
      0.061,
      0.22,
      0.25,
      0.199,
      0.159,
      0.081,
      0.258,
      0.2,
      0.173,
      0.143,
      0.137,
      0.209,
      0.061,
      0.219,
      0.118,
      0.184,
      0.161,
      0.225,
      0.06,
      0.111,
      0.167,
      0.212,
      0.136
    ],
    [
      0.111,
      0.428,
      0.149,
      0.298,
      0.134,
      0.136,
      0.213,
      0.095,
      0.164,
      -0.087,
      -0.024,
      -0.037,
      0.211,
      0.068,
      0.068,
      0.238,
      0.098,
      0.249,
      0.272,
      0.081,
      0.119,
      0.265,
      0.378,
      -0.21,
      0.437,
      0.115,
      0.275,
      -0.119,
      0.121,
      0.458,
      0.171,
      1.0,
      0.157,
      0.396,
      0.125,
      0.377,
      0.026,
      0.067,
      0.044,
      -0.089,
      0.052,
      0.14,
      0.18,
      0.328,
      0.392,
      -0.001,
      0.546,
      0.483,
      -0.0,
      0.365,
      0.488,
      0.103,
      0.176,
      0.295,
      0.226,
      0.203,
      0.025,
      0.38,
      0.122,
      0.139,
      0.329,
      0.004
    ],
    [
      -0.007,
      0.227,
      0.059,
      0.024,
      0.036,
      0.219,
      0.092,
      0.168,
      0.135,
      -0.023,
      0.032,
      0.07,
      0.162,
      0.021,
      0.048,
      0.105,
      -0.051,
      0.074,
      0.076,
      0.005,
      0.118,
      0.221,
      0.129,
      -0.138,
      0.261,
      0.012,
      0.13,
      -0.077,
      0.006,
      0.237,
      0.097,
      0.157,
      1.0,
      0.172,
      0.137,
      0.183,
      0.209,
      -0.019,
      -0.024,
      0.024,
      0.023,
      0.074,
      0.102,
      0.249,
      0.27,
      -0.078,
      0.25,
      0.254,
      -0.04,
      0.149,
      0.231,
      0.136,
      0.119,
      0.149,
      0.04,
      0.131,
      -0.045,
      0.195,
      0.146,
      0.009,
      0.168,
      -0.037
    ],
    [
      0.025,
      0.759,
      0.121,
      0.158,
      0.23,
      0.121,
      0.241,
      0.117,
      0.29,
      -0.132,
      -0.105,
      -0.111,
      0.139,
      0.073,
      -0.063,
      0.252,
      -0.068,
      0.185,
      0.26,
      -0.12,
      0.237,
      0.212,
      0.47,
      -0.204,
      0.308,
      0.105,
      0.231,
      -0.131,
      0.047,
      0.433,
      0.098,
      0.396,
      0.172,
      1.0,
      0.266,
      0.117,
      0.111,
      0.06,
      0.14,
      -0.06,
      -0.086,
      0.364,
      0.179,
      0.624,
      0.343,
      0.054,
      0.484,
      0.303,
      0.008,
      0.279,
      0.73,
      0.067,
      0.193,
      0.325,
      0.112,
      0.448,
      -0.119,
      0.263,
      0.085,
      0.09,
      0.196,
      0.003
    ],
    [
      0.017,
      0.305,
      0.29,
      0.255,
      0.455,
      0.101,
      0.241,
      0.008,
      0.102,
      0.171,
      0.003,
      0.003,
      -0.148,
      0.126,
      0.019,
      0.142,
      0.057,
      0.182,
      0.231,
      0.043,
      0.225,
      0.225,
      0.239,
      -0.131,
      0.093,
      0.041,
      0.134,
      -0.118,
      0.128,
      0.249,
      0.214,
      0.125,
      0.137,
      0.266,
      1.0,
      0.16,
      0.007,
      0.31,
      0.158,
      0.083,
      0.129,
      0.348,
      0.285,
      0.291,
      0.201,
      0.072,
      0.276,
      0.22,
      0.111,
      -0.025,
      0.292,
      0.094,
      0.086,
      0.208,
      0.081,
      0.289,
      0.115,
      0.004,
      0.017,
      0.194,
      0.128,
      0.009
    ],
    [
      0.05,
      0.163,
      0.147,
      0.29,
      0.143,
      0.17,
      0.132,
      0.024,
      0.127,
      -0.006,
      -0.034,
      -0.112,
      0.228,
      0.019,
      0.061,
      0.145,
      0.15,
      0.193,
      0.161,
      0.113,
      0.151,
      0.123,
      0.175,
      -0.158,
      0.251,
      0.046,
      0.299,
      -0.092,
      0.09,
      0.296,
      0.192,
      0.377,
      0.183,
      0.117,
      0.16,
      1.0,
      0.091,
      0.068,
      0.02,
      -0.042,
      0.035,
      0.013,
      0.156,
      0.17,
      0.329,
      0.087,
      0.385,
      0.416,
      0.15,
      0.215,
      0.194,
      0.087,
      0.132,
      0.297,
      0.214,
      0.097,
      0.037,
      0.401,
      0.118,
      0.093,
      0.321,
      0.004
    ],
    [
      0.133,
      0.112,
      0.131,
      -0.05,
      0.055,
      0.029,
      0.024,
      0.047,
      0.23,
      -0.042,
      0.14,
      0.067,
      0.127,
      -0.083,
      -0.016,
      0.181,
      -0.104,
      0.009,
      0.119,
      0.067,
      0.118,
      0.129,
      0.039,
      -0.099,
      0.142,
      0.088,
      -0.082,
      -0.1,
      -0.061,
      0.087,
      0.007,
      0.026,
      0.209,
      0.111,
      0.007,
      0.091,
      1.0,
      -0.043,
      -0.332,
      0.017,
      0.055,
      -0.027,
      0.023,
      0.119,
      0.087,
      0.025,
      0.149,
      0.115,
      -0.027,
      -0.003,
      0.125,
      0.076,
      0.143,
      0.069,
      0.117,
      -0.002,
      -0.009,
      0.136,
      0.034,
      0.106,
      0.118,
      -0.082
    ],
    [
      -0.006,
      -0.033,
      0.307,
      0.211,
      0.323,
      0.057,
      0.278,
      0.029,
      0.125,
      0.36,
      -0.098,
      -0.068,
      -0.163,
      0.507,
      0.314,
      -0.129,
      0.435,
      0.22,
      -0.075,
      0.162,
      0.084,
      0.11,
      0.125,
      -0.024,
      -0.013,
      -0.067,
      0.143,
      -0.074,
      0.246,
      -0.023,
      0.223,
      0.067,
      -0.019,
      0.06,
      0.31,
      0.068,
      -0.043,
      1.0,
      0.393,
      0.212,
      0.074,
      0.35,
      0.099,
      0.102,
      -0.046,
      0.372,
      0.061,
      -0.021,
      0.203,
      0.024,
      0.109,
      0.095,
      0.16,
      0.138,
      0.024,
      0.174,
      0.495,
      -0.049,
      0.025,
      0.092,
      0.153,
      0.466
    ],
    [
      0.006,
      0.129,
      0.235,
      0.171,
      0.199,
      -0.003,
      0.232,
      0.046,
      0.012,
      0.296,
      -0.074,
      -0.079,
      -0.195,
      0.571,
      0.138,
      -0.01,
      0.337,
      0.087,
      0.053,
      0.258,
      0.094,
      0.128,
      0.101,
      0.022,
      0.07,
      -0.094,
      0.138,
      -0.019,
      0.167,
      -0.05,
      0.202,
      0.044,
      -0.024,
      0.14,
      0.158,
      0.02,
      -0.332,
      0.393,
      1.0,
      0.082,
      0.048,
      0.275,
      0.216,
      0.171,
      -0.002,
      0.463,
      0.015,
      -0.073,
      0.259,
      0.09,
      0.199,
      -0.015,
      0.058,
      0.034,
      0.004,
      0.234,
      0.367,
      -0.103,
      -0.013,
      0.124,
      0.042,
      0.49
    ],
    [
      0.07,
      -0.038,
      0.111,
      0.124,
      0.235,
      0.138,
      0.027,
      0.001,
      0.054,
      0.057,
      0.018,
      0.105,
      -0.067,
      0.075,
      0.119,
      0.044,
      0.129,
      0.079,
      -0.018,
      0.133,
      0.101,
      0.021,
      -0.008,
      0.027,
      -0.105,
      -0.027,
      0.029,
      0.066,
      0.007,
      -0.086,
      0.061,
      -0.089,
      0.024,
      -0.06,
      0.083,
      -0.042,
      0.017,
      0.212,
      0.082,
      1.0,
      0.007,
      0.039,
      0.01,
      0.04,
      -0.039,
      0.126,
      -0.067,
      -0.019,
      0.38,
      0.012,
      -0.015,
      0.042,
      0.11,
      -0.04,
      -0.099,
      0.041,
      0.092,
      -0.074,
      -0.091,
      0.007,
      -0.042,
      0.045
    ],
    [
      -0.061,
      -0.052,
      0.374,
      0.153,
      0.163,
      0.061,
      0.286,
      0.039,
      0.131,
      0.044,
      -0.11,
      0.049,
      0.127,
      0.076,
      0.143,
      0.093,
      0.15,
      0.047,
      0.232,
      0.224,
      0.106,
      0.338,
      -0.063,
      0.075,
      0.161,
      0.077,
      -0.167,
      0.103,
      0.304,
      0.107,
      0.22,
      0.052,
      0.023,
      -0.086,
      0.129,
      0.035,
      0.055,
      0.074,
      0.048,
      0.007,
      1.0,
      0.042,
      0.153,
      -0.065,
      0.023,
      0.123,
      0.136,
      0.158,
      0.103,
      0.132,
      0.015,
      0.124,
      0.008,
      -0.103,
      0.289,
      0.175,
      0.151,
      0.026,
      0.076,
      0.146,
      0.128,
      0.073
    ],
    [
      -0.104,
      0.343,
      0.162,
      0.184,
      0.301,
      0.007,
      0.358,
      0.076,
      0.095,
      0.052,
      -0.126,
      -0.198,
      -0.126,
      0.308,
      -0.041,
      0.069,
      0.093,
      0.141,
      0.18,
      -0.033,
      0.269,
      0.235,
      0.227,
      -0.029,
      0.087,
      0.064,
      0.06,
      -0.048,
      0.218,
      0.145,
      0.25,
      0.14,
      0.074,
      0.364,
      0.348,
      0.013,
      -0.027,
      0.35,
      0.275,
      0.039,
      0.042,
      1.0,
      0.188,
      0.42,
      0.116,
      0.153,
      0.168,
      0.033,
      0.098,
      0.084,
      0.407,
      0.028,
      0.215,
      0.266,
      0.151,
      0.655,
      0.103,
      -0.042,
      0.067,
      -0.003,
      0.166,
      0.149
    ],
    [
      0.021,
      0.197,
      0.279,
      0.206,
      0.189,
      0.08,
      0.266,
      0.06,
      0.027,
      0.165,
      0.147,
      -0.033,
      0.092,
      0.153,
      -0.012,
      0.119,
      0.081,
      0.057,
      0.222,
      0.073,
      0.113,
      0.278,
      0.144,
      -0.096,
      0.135,
      0.047,
      0.095,
      -0.029,
      0.22,
      0.182,
      0.199,
      0.18,
      0.102,
      0.179,
      0.285,
      0.156,
      0.023,
      0.099,
      0.216,
      0.01,
      0.153,
      0.188,
      1.0,
      0.108,
      0.104,
      0.227,
      0.122,
      0.125,
      0.205,
      0.073,
      0.154,
      -0.095,
      0.056,
      0.158,
      0.11,
      0.242,
      0.14,
      0.068,
      0.023,
      0.358,
      0.098,
      0.132
    ],
    [
      0.076,
      0.709,
      0.051,
      0.205,
      0.312,
      0.078,
      0.256,
      0.136,
      0.138,
      -0.15,
      -0.086,
      -0.161,
      0.006,
      0.184,
      -0.137,
      0.189,
      -0.104,
      0.087,
      0.204,
      -0.052,
      0.273,
      0.22,
      0.328,
      -0.126,
      0.238,
      0.052,
      0.192,
      -0.127,
      0.075,
      0.408,
      0.159,
      0.328,
      0.249,
      0.624,
      0.291,
      0.17,
      0.119,
      0.102,
      0.171,
      0.04,
      -0.065,
      0.42,
      0.108,
      1.0,
      0.306,
      0.03,
      0.382,
      0.246,
      0.05,
      0.168,
      0.689,
      0.109,
      0.255,
      0.285,
      0.149,
      0.447,
      -0.09,
      0.181,
      0.176,
      0.021,
      0.269,
      0.014
    ],
    [
      0.09,
      0.354,
      0.111,
      0.223,
      0.098,
      0.204,
      0.174,
      0.204,
      0.036,
      -0.018,
      0.039,
      -0.055,
      0.157,
      -0.083,
      0.051,
      0.178,
      0.067,
      0.27,
      0.166,
      0.122,
      0.215,
      0.189,
      0.331,
      -0.266,
      0.363,
      -0.052,
      0.313,
      -0.209,
      0.061,
      0.413,
      0.081,
      0.392,
      0.27,
      0.343,
      0.201,
      0.329,
      0.087,
      -0.046,
      -0.002,
      -0.039,
      0.023,
      0.116,
      0.104,
      0.306,
      1.0,
      -0.03,
      0.439,
      0.412,
      -0.047,
      0.368,
      0.428,
      0.109,
      0.074,
      0.332,
      0.215,
      0.23,
      -0.011,
      0.346,
      0.04,
      0.099,
      0.323,
      -0.098
    ],
    [
      -0.043,
      -0.018,
      0.409,
      0.246,
      0.235,
      0.014,
      0.293,
      0.002,
      0.094,
      0.446,
      -0.046,
      0.012,
      -0.06,
      0.53,
      0.318,
      -0.012,
      0.466,
      0.088,
      0.064,
      0.371,
      0.099,
      0.206,
      0.037,
      -0.017,
      0.029,
      -0.056,
      0.036,
      -0.057,
      0.28,
      -0.082,
      0.258,
      -0.001,
      -0.078,
      0.054,
      0.072,
      0.087,
      0.025,
      0.372,
      0.463,
      0.126,
      0.123,
      0.153,
      0.227,
      0.03,
      -0.03,
      1.0,
      -0.036,
      -0.039,
      0.279,
      0.016,
      0.083,
      0.104,
      0.022,
      0.047,
      0.096,
      0.093,
      0.439,
      -0.07,
      0.047,
      0.224,
      0.088,
      0.536
    ],
    [
      0.049,
      0.5,
      0.216,
      0.21,
      0.231,
      0.156,
      0.268,
      0.086,
      0.222,
      -0.114,
      -0.086,
      -0.013,
      0.189,
      -0.003,
      -0.068,
      0.218,
      -0.052,
      0.285,
      0.306,
      0.084,
      0.275,
      0.238,
      0.39,
      -0.397,
      0.491,
      0.114,
      0.264,
      -0.196,
      0.159,
      0.679,
      0.2,
      0.546,
      0.25,
      0.484,
      0.276,
      0.385,
      0.149,
      0.061,
      0.015,
      -0.067,
      0.136,
      0.168,
      0.122,
      0.382,
      0.439,
      -0.036,
      1.0,
      0.693,
      -0.034,
      0.324,
      0.597,
      0.138,
      0.198,
      0.31,
      0.233,
      0.332,
      -0.076,
      0.511,
      0.151,
      0.165,
      0.41,
      -0.089
    ],
    [
      0.023,
      0.376,
      0.192,
      0.298,
      0.16,
      0.254,
      0.237,
      0.064,
      0.147,
      -0.119,
      -0.095,
      -0.022,
      0.29,
      -0.101,
      -0.007,
      0.21,
      -0.045,
      0.248,
      0.292,
      0.121,
      0.152,
      0.179,
      0.361,
      -0.385,
      0.415,
      0.156,
      0.193,
