{
  "meta": {
    "generated_at": "2026-06-11T17:44:10+00:00",
    "n_tickers": 62,
    "n_clusters": 0,
    "redundant_threshold": 0.75
  },
  "tickers": [
    "NTO",
    "ABBNE",
    "ABNB",
    "ADYEN",
    "AMZN",
    "BFIT",
    "BN",
    "CBAV",
    "CELH",
    "CHKP",
    "COR",
    "COST",
    "CPR",
    "CRWD",
    "CSU",
    "DNP",
    "DSGX",
    "EVD",
    "FERG",
    "FICO",
    "GOOG",
    "GRMN",
    "HLMA",
    "IPCO",
    "ITX",
    "JDG",
    "JFN",
    "KIST",
    "KKR",
    "KRX",
    "KSPI",
    "LIFCO B",
    "LOTB",
    "LR",
    "META",
    "MIPS",
    "MNST",
    "MSFT",
    "NET",
    "NFLX",
    "NKE",
    "NVDA",
    "OTLY",
    "PRY",
    "RAA",
    "S",
    "SGO",
    "SIKA",
    "SPOT",
    "STMN",
    "SU",
    "TFF",
    "TFPM",
    "TGYM",
    "TREX",
    "TSM",
    "VEEV",
    "VID",
    "VRLA",
    "VLTO",
    "WOSG",
    "ZS"
  ],
  "matrix_1y": [
    [
      1.0,
      0.079,
      -0.137,
      0.009,
      0.036,
      -0.045,
      -0.038,
      -0.012,
      0.025,
      -0.026,
      0.203,
      0.011,
      -0.056,
      0.008,
      -0.102,
      -0.011,
      0.074,
      0.063,
      0.039,
      -0.093,
      0.032,
      -0.036,
      -0.004,
      -0.086,
      0.081,
      -0.037,
      0.119,
      -0.08,
      -0.056,
      -0.007,
      0.011,
      0.107,
      -0.017,
      0.008,
      0.032,
      0.066,
      0.125,
      0.036,
      0.026,
      0.102,
      -0.04,
      -0.077,
      0.013,
      0.058,
      0.057,
      -0.019,
      0.041,
      0.03,
      0.071,
      -0.026,
      0.086,
      -0.005,
      -0.044,
      0.061,
      -0.134,
      0.01,
      0.035,
      0.064,
      -0.113,
      0.154,
      0.004,
      -0.015
    ],
    [
      0.079,
      1.0,
      0.165,
      0.186,
      0.265,
      0.149,
      0.283,
      0.104,
      0.126,
      -0.135,
      -0.019,
      -0.088,
      0.124,
      0.075,
      -0.078,
      0.276,
      -0.061,
      0.171,
      0.259,
      -0.079,
      0.284,
      0.29,
      0.4,
      -0.164,
      0.364,
      0.075,
      0.248,
      -0.103,
      0.07,
      0.445,
      0.127,
      0.444,
      0.256,
      0.761,
      0.317,
      0.192,
      0.128,
      0.001,
      0.145,
      -0.014,
      0.017,
      0.329,
      0.206,
      0.712,
      0.344,
      -0.002,
      0.515,
      0.381,
      0.07,
      0.254,
      0.791,
      0.077,
      0.152,
      0.305,
      0.179,
      0.45,
      -0.139,
      0.279,
      0.105,
      0.103,
      0.316,
      -0.044
    ],
    [
      -0.137,
      0.165,
      1.0,
      0.31,
      0.367,
      0.105,
      0.47,
      0.102,
      0.107,
      0.197,
      -0.015,
      -0.028,
      0.023,
      0.327,
      0.325,
      0.018,
      0.363,
      0.195,
      0.23,
      0.287,
      0.222,
      0.417,
      0.093,
      -0.119,
      0.212,
      0.015,
      0.047,
      -0.032,
      0.47,
      0.173,
      0.283,
      0.127,
      0.09,
      0.14,
      0.281,
      0.156,
      0.144,
      0.304,
      0.226,
      0.113,
      0.375,
      0.156,
      0.292,
      0.085,
      0.143,
      0.407,
      0.223,
      0.19,
      0.215,
      0.221,
      0.237,
      0.046,
      0.0,
      0.137,
      0.271,
      0.172,
      0.374,
      0.014,
      0.01,
      0.373,
      0.22,
      0.308
    ],
    [
      0.009,
      0.186,
      0.31,
      1.0,
      0.282,
      0.188,
      0.208,
      -0.01,
      0.134,
      0.134,
      0.051,
      -0.028,
      0.066,
      0.202,
      0.194,
      0.028,
      0.206,
      0.202,
      0.182,
      0.263,
      0.225,
      0.231,
      0.163,
      -0.093,
      0.136,
      0.005,
      0.248,
      -0.115,
      0.301,
      0.166,
      0.219,
      0.294,
      0.048,
      0.158,
      0.25,
      0.316,
      -0.049,
      0.219,
      0.186,
      0.138,
      0.182,
      0.178,
      0.202,
      0.228,
      0.223,
      0.255,
      0.216,
      0.29,
      0.292,
      0.348,
      0.278,
      0.059,
      0.199,
      0.265,
      0.095,
      0.26,
      0.331,
      0.179,
      0.051,
      0.199,
      0.251,
      0.172
    ],
    [
      0.036,
      0.265,
      0.367,
      0.282,
      1.0,
      0.086,
      0.363,
      0.033,
      0.179,
      0.002,
      -0.12,
      -0.005,
      0.003,
      0.172,
      0.07,
      0.108,
      0.085,
      0.232,
      0.257,
      0.128,
      0.402,
      0.264,
      0.136,
      -0.064,
      0.161,
      0.071,
      0.104,
      -0.014,
      0.265,
      0.187,
      0.258,
      0.152,
      0.057,
      0.278,
      0.439,
      0.179,
      0.055,
      0.288,
      0.196,
      0.226,
      0.18,
      0.295,
      0.201,
      0.347,
      0.146,
      0.222,
      0.277,
      0.202,
      0.166,
      0.172,
      0.286,
      0.116,
      0.113,
      0.2,
      0.193,
      0.334,
      0.18,
      0.065,
      0.071,
      0.111,
      0.181,
      0.091
    ],
    [
      -0.045,
      0.149,
      0.105,
      0.188,
      0.086,
      1.0,
      0.071,
      -0.014,
      0.035,
      -0.128,
      -0.026,
      0.059,
      0.165,
      0.021,
      0.152,
      0.154,
      0.066,
      0.178,
      -0.004,
      0.052,
      0.061,
      0.034,
      0.113,
      -0.169,
      0.136,
      0.032,
      0.085,
      -0.161,
      0.049,
      0.104,
      0.037,
      0.137,
      0.216,
      0.148,
      0.123,
      0.187,
      0.016,
      0.064,
      0.007,
      0.152,
      0.119,
      0.015,
      0.062,
      0.103,
      0.222,
      0.018,
      0.179,
      0.255,
      0.174,
      0.17,
      0.1,
      0.041,
      0.049,
      0.156,
      0.074,
      0.016,
      0.064,
      0.323,
      0.059,
      -0.002,
      0.153,
      -0.018
    ],
    [
      -0.038,
      0.283,
      0.47,
      0.208,
      0.363,
      0.071,
      1.0,
      0.071,
      0.096,
      0.048,
      -0.077,
      -0.012,
      0.069,
      0.235,
      0.271,
      0.191,
      0.309,
      0.167,
      0.484,
      0.237,
      0.322,
      0.443,
      0.206,
      -0.169,
      0.232,
      0.07,
      0.106,
      -0.071,
      0.705,
      0.241,
      0.31,
      0.231,
      0.111,
      0.258,
      0.246,
      0.155,
      0.038,
      0.285,
      0.228,
      0.037,
      0.284,
      0.357,
      0.282,
      0.267,
      0.195,
      0.302,
      0.297,
      0.278,
      0.127,
      0.193,
      0.253,
      -0.026,
      0.126,
      0.185,
      0.339,
      0.439,
      0.202,
      0.142,
      0.088,
      0.202,
      0.288,
      0.171
    ],
    [
      -0.012,
      0.104,
      0.102,
      -0.01,
      0.033,
      -0.014,
      0.071,
      1.0,
      0.146,
      -0.044,
      0.09,
      -0.024,
      0.116,
      0.007,
      0.04,
      0.058,
      0.018,
      0.079,
      0.114,
      -0.023,
      0.12,
      0.071,
      0.027,
      -0.138,
      0.155,
      -0.048,
      0.006,
      -0.084,
      0.047,
      0.095,
      -0.012,
      0.078,
      0.148,
      0.122,
      0.029,
      0.003,
      0.069,
      0.039,
      0.05,
      0.009,
      -0.01,
      0.084,
      0.083,
      0.125,
      0.216,
      0.026,
      0.116,
      0.109,
      0.017,
      0.006,
      0.095,
      0.034,
      -0.011,
      0.077,
      0.101,
      0.049,
      0.012,
      0.079,
      0.002,
      0.157,
      0.031,
      -0.101
    ],
    [
      0.025,
      0.126,
      0.107,
      0.134,
      0.179,
      0.035,
      0.096,
      0.146,
      1.0,
      -0.026,
      0.038,
      0.084,
      0.083,
      -0.045,
      0.093,
      0.144,
      0.037,
      0.131,
      0.142,
      0.004,
      0.128,
      0.153,
      0.096,
      -0.121,
      0.238,
      0.071,
      0.039,
      -0.043,
      0.041,
      0.185,
      0.075,
      0.155,
      0.135,
      0.295,
      0.116,
      0.131,
      0.236,
      0.126,
      0.023,
      0.064,
      0.14,
      0.118,
      0.034,
      0.166,
      0.044,
      0.096,
      0.244,
      0.157,
      0.058,
      0.051,
      0.181,
      0.066,
      0.067,
      -0.002,
      0.101,
      0.214,
      0.1,
      0.065,
      0.174,
      0.16,
      0.089,
      -0.035
    ],
    [
      -0.026,
      -0.135,
      0.197,
      0.134,
      0.002,
      -0.128,
      0.048,
      -0.044,
      -0.026,
      1.0,
      0.102,
      -0.035,
      -0.062,
      0.375,
      0.198,
      -0.114,
      0.353,
      0.116,
      -0.102,
      0.216,
      -0.192,
      0.236,
      -0.035,
      0.088,
      -0.02,
      -0.03,
      0.048,
      0.024,
      0.136,
      -0.063,
      0.149,
      -0.102,
      -0.036,
      -0.117,
      0.176,
      -0.028,
      -0.042,
      0.343,
      0.287,
      0.036,
      0.047,
      0.07,
      0.162,
      -0.129,
      0.005,
      0.432,
      -0.113,
      -0.125,
      0.119,
      0.015,
      -0.056,
      -0.036,
      0.002,
      -0.042,
      0.005,
      -0.058,
      0.331,
      -0.084,
      -0.025,
      0.149,
      0.006,
      0.348
    ],
    [
      0.203,
      -0.019,
      -0.015,
      0.051,
      -0.12,
      -0.026,
      -0.077,
      0.09,
      0.038,
      0.102,
      1.0,
      0.158,
      -0.083,
      -0.024,
      -0.015,
      0.172,
      0.04,
      0.067,
      -0.013,
      -0.026,
      -0.033,
      -0.019,
      -0.044,
      -0.011,
      -0.163,
      0.008,
      -0.063,
      0.041,
      -0.052,
      -0.054,
      -0.102,
      -0.026,
      0.034,
      -0.069,
      0.003,
      -0.043,
      0.137,
      -0.106,
      -0.091,
      0.023,
      -0.075,
      -0.103,
      0.145,
      -0.069,
      0.041,
      -0.053,
      -0.087,
      -0.092,
      0.017,
      -0.035,
      -0.032,
      -0.113,
      0.019,
      -0.163,
      -0.133,
      -0.084,
      -0.032,
      -0.08,
      -0.04,
      0.259,
      -0.046,
      0.012
    ],
    [
      0.011,
      -0.088,
      -0.028,
      -0.028,
      -0.005,
      0.059,
      -0.012,
      -0.024,
      0.084,
      -0.035,
      0.158,
      1.0,
      0.017,
      -0.088,
      0.053,
      0.095,
      -0.083,
      0.01,
      -0.008,
      0.084,
      -0.022,
      0.003,
      0.018,
      -0.036,
      -0.034,
      0.085,
      -0.006,
      0.035,
      -0.021,
      -0.02,
      -0.08,
      -0.048,
      0.083,
      -0.075,
      -0.011,
      -0.105,
      0.073,
      -0.106,
      -0.088,
      0.1,
      0.067,
      -0.196,
      -0.021,
      -0.146,
      -0.03,
      0.004,
      -0.002,
      -0.003,
      -0.071,
      0.001,
      -0.167,
      -0.039,
      -0.046,
      -0.005,
      -0.015,
      -0.045,
      -0.06,
      -0.021,
      0.041,
      0.11,
      0.006,
      -0.083
    ],
    [
      -0.056,
      0.124,
      0.023,
      0.066,
      0.003,
      0.165,
      0.069,
      0.116,
      0.083,
      -0.062,
      -0.083,
      0.017,
      1.0,
      -0.2,
      0.004,
      0.074,
      -0.075,
      0.151,
      0.179,
      -0.023,
      0.09,
      0.072,
      0.106,
      -0.113,
      0.207,
      0.016,
      0.086,
      0.024,
      0.067,
      0.234,
      0.047,
      0.197,
      0.162,
      0.139,
      -0.148,
      0.223,
      0.132,
      -0.156,
      -0.192,
      -0.063,
      0.126,
      -0.129,
      0.095,
      0.004,
      0.147,
      -0.045,
      0.186,
      0.283,
      -0.058,
      0.299,
      0.061,
      0.059,
      0.055,
      0.181,
      0.157,
      0.062,
      -0.043,
      0.338,
      0.107,
      -0.001,
      0.144,
      -0.187
    ],
    [
      0.008,
      0.075,
      0.327,
      0.202,
      0.172,
      0.021,
      0.235,
      0.007,
      -0.045,
      0.375,
      -0.024,
      -0.088,
      -0.2,
      1.0,
      0.223,
      -0.064,
      0.344,
      0.184,
      -0.001,
      0.211,
      0.099,
      0.13,
      0.015,
      0.083,
      0.003,
      -0.05,
      0.13,
      0.031,
      0.297,
      -0.061,
      0.197,
      0.066,
      0.005,
      0.074,
      0.127,
      0.0,
      -0.087,
      0.514,
      0.561,
      0.062,
      0.05,
      0.307,
      0.138,
      0.173,
      -0.081,
      0.524,
      -0.01,
      -0.104,
      0.252,
      0.048,
      0.17,
      0.044,
      0.139,
      0.021,
      -0.007,
      0.154,
      0.412,
      -0.122,
      -0.045,
      0.15,
      0.094,
      0.684
    ],
    [
      -0.102,
      -0.078,
      0.325,
      0.194,
      0.07,
      0.152,
      0.271,
      0.04,
      0.093,
      0.198,
      -0.015,
      0.053,
      0.004,
      0.223,
      1.0,
      -0.058,
      0.495,
      0.097,
      -0.044,
      0.352,
      0.093,
      0.227,
      0.013,
      -0.075,
      -0.029,
      -0.117,
      0.085,
      -0.089,
      0.277,
      -0.058,
      0.164,
      0.074,
      0.041,
      -0.018,
      0.03,
      0.06,
      -0.011,
      0.322,
      0.135,
      0.122,
      0.163,
      -0.014,
      -0.016,
      -0.107,
      0.082,
      0.323,
      -0.033,
      0.052,
      0.136,
      0.138,
      -0.051,
      0.053,
      -0.021,
      -0.064,
      -0.033,
      -0.098,
      0.299,
      -0.078,
      -0.017,
      0.125,
      0.066,
      0.303
    ],
    [
      -0.011,
      0.276,
      0.018,
      0.028,
      0.108,
      0.154,
      0.191,
      0.058,
      0.144,
      -0.114,
      0.172,
      0.095,
      0.074,
      -0.064,
      -0.058,
      1.0,
      -0.122,
      0.055,
      0.244,
      -0.031,
      0.213,
      0.199,
      0.189,
      -0.096,
      0.182,
      0.172,
      0.141,
      0.093,
      0.055,
      0.157,
      0.063,
      0.251,
      0.11,
      0.287,
      0.152,
      0.136,
      0.178,
      -0.135,
      -0.018,
      0.055,
      0.098,
      0.099,
      0.122,
      0.2,
      0.194,
      -0.009,
      0.233,
      0.226,
      0.009,
      0.097,
      0.199,
      0.16,
      0.257,
      0.102,
      0.064,
      0.188,
      -0.216,
      0.157,
      0.035,
      0.022,
      0.077,
      -0.153
    ],
    [
      0.074,
      -0.061,
      0.363,
      0.206,
      0.085,
      0.066,
      0.309,
      0.018,
      0.037,
      0.353,
      0.04,
      -0.083,
      -0.075,
      0.344,
      0.495,
      -0.122,
      1.0,
      0.189,
      0.02,
      0.317,
      0.021,
      0.258,
      0.041,
      -0.005,
      0.022,
      -0.094,
      0.023,
      -0.083,
      0.38,
      -0.056,
      0.152,
      0.1,
      -0.053,
      -0.025,
      0.06,
      0.14,
      -0.099,
      0.415,
      0.319,
      0.112,
      0.15,
      0.116,
      0.079,
      -0.072,
      0.103,
      0.458,
      -0.022,
      -0.007,
      0.196,
      0.079,
      -0.001,
      -0.023,
      -0.055,
      -0.053,
      0.107,
      0.03,
      0.475,
      -0.078,
      -0.038,
      0.264,
      0.06,
      0.413
    ],
    [
      0.063,
      0.171,
      0.195,
      0.202,
      0.232,
      0.178,
      0.167,
      0.079,
      0.131,
      0.116,
      0.067,
      0.01,
      0.151,
      0.184,
      0.097,
      0.055,
      0.189,
      1.0,
      0.074,
      0.077,
      0.217,
      0.151,
      0.138,
      -0.276,
      0.191,
      0.02,
      0.287,
      -0.159,
      0.13,
      0.174,
      0.095,
      0.25,
      0.095,
      0.197,
      0.168,
      0.212,
      0.014,
      0.224,
      0.088,
      0.088,
      0.067,
      0.143,
      0.064,
      0.101,
      0.275,
      0.092,
      0.288,
      0.252,
      0.09,
      0.227,
      0.242,
      0.055,
      0.033,
      0.184,
      0.031,
      0.128,
      0.098,
      0.258,
      0.039,
      0.09,
      0.263,
      0.12
    ],
    [
      0.039,
      0.259,
      0.23,
      0.182,
      0.257,
      -0.004,
      0.484,
      0.114,
      0.142,
      -0.102,
      -0.013,
      -0.008,
      0.179,
      -0.001,
      -0.044,
      0.244,
      0.02,
      0.074,
      1.0,
      0.086,
      0.23,
      0.349,
      0.133,
      -0.121,
      0.178,
      0.133,
      0.075,
      -0.088,
      0.31,
      0.323,
      0.156,
      0.263,
      0.085,
      0.247,
      0.219,
      0.18,
      0.12,
      -0.076,
      0.054,
      -0.02,
      0.203,
      0.164,
      0.226,
      0.198,
      0.164,
      0.065,
      0.291,
      0.276,
      0.009,
      0.182,
      0.229,
      0.081,
      0.176,
      0.135,
      0.347,
      0.385,
      0.036,
      0.169,
      0.045,
      0.226,
      0.111,
      -0.069
    ],
    [
      -0.093,
      -0.079,
      0.287,
      0.263,
      0.128,
      0.052,
      0.237,
      -0.023,
      0.004,
      0.216,
      -0.026,
      0.084,
      -0.023,
      0.211,
      0.352,
      -0.031,
      0.317,
      0.077,
      0.086,
      1.0,
      0.101,
      0.172,
      -0.011,
      -0.001,
      0.055,
      -0.028,
      0.034,
      -0.033,
      0.208,
      0.068,
      0.115,
      0.064,
      -0.0,
      -0.093,
      0.036,
      0.111,
      0.063,
      0.149,
      0.258,
      0.127,
      0.219,
      -0.022,
      0.074,
      -0.031,
      0.135,
      0.364,
      0.089,
      0.136,
      0.212,
      0.15,
      0.013,
      0.107,
      -0.016,
      -0.09,
      0.11,
      -0.054,
      0.299,
      0.043,
      0.046,
      0.246,
      0.106,
      0.244
    ],
    [
      0.032,
      0.284,
      0.222,
      0.225,
      0.402,
      0.061,
      0.322,
      0.12,
      0.128,
      -0.192,
      -0.033,
      -0.022,
      0.09,
      0.099,
      0.093,
      0.213,
      0.021,
      0.217,
      0.23,
      0.101,
      1.0,
      0.174,
      0.125,
      -0.138,
      0.202,
      -0.001,
      0.117,
      -0.069,
      0.208,
      0.242,
      0.206,
      0.135,
      0.133,
      0.26,
      0.208,
      0.183,
      0.106,
      0.086,
      0.102,
      0.111,
      0.114,
      0.258,
      0.117,
      0.269,
      0.223,
      0.111,
      0.293,
      0.165,
      0.071,
      0.099,
      0.243,
      0.091,
      0.17,
      0.207,
      0.07,
      0.375,
      -0.012,
      0.14,
      0.079,
      0.113,
      0.223,
      0.08
    ],
    [
      -0.036,
      0.29,
      0.417,
      0.231,
      0.264,
      0.034,
      0.443,
      0.071,
      0.153,
      0.236,
      -0.019,
      0.003,
      0.072,
      0.13,
      0.227,
      0.199,
      0.258,
      0.151,
      0.349,
      0.172,
      0.174,
      1.0,
      0.185,
      -0.16,
      0.257,
      0.143,
      0.166,
      -0.049,
      0.335,
      0.286,
      0.331,
      0.267,
      0.226,
      0.241,
      0.236,
      0.141,
      0.142,
      0.121,
      0.131,
      0.03,
      0.338,
      0.232,
      0.288,
      0.237,
      0.216,
      0.218,
      0.271,
      0.218,
      0.135,
      0.149,
      0.339,
      0.054,
      0.249,
      0.138,
      0.319,
      0.336,
      0.128,
      0.142,
      0.091,
      0.316,
      0.208,
      0.08
    ],
    [
      -0.004,
      0.4,
      0.093,
      0.163,
      0.136,
      0.113,
      0.206,
      0.027,
      0.096,
      -0.035,
      -0.044,
      0.018,
      0.106,
      0.015,
      0.013,
      0.189,
      0.041,
      0.138,
      0.133,
      -0.011,
      0.125,
      0.185,
      1.0,
      -0.182,
      0.254,
      0.066,
      0.268,
      -0.133,
      0.03,
      0.307,
      0.059,
      0.376,
      0.13,
      0.481,
      0.216,
      0.194,
      0.034,
      0.134,
      0.094,
      -0.019,
      -0.054,
      0.22,
      0.148,
      0.306,
      0.325,
      0.039,
      0.379,
      0.356,
      0.024,
      0.221,
      0.415,
      0.034,
      0.102,
      0.313,
      0.08,
      0.246,
      0.039,
      0.215,
      0.104,
      0.063,
      0.239,
      -0.011
    ],
    [
      -0.086,
      -0.164,
      -0.119,
      -0.093,
      -0.064,
      -0.169,
      -0.169,
      -0.138,
      -0.121,
      0.088,
      -0.011,
      -0.036,
      -0.113,
      0.083,
      -0.075,
      -0.096,
      -0.005,
      -0.276,
      -0.121,
      -0.001,
      -0.138,
      -0.16,
      -0.182,
      1.0,
      -0.241,
      -0.049,
      -0.203,
      0.36,
      -0.06,
      -0.219,
      0.004,
      -0.197,
      -0.152,
      -0.195,
      -0.137,
      -0.156,
      -0.114,
      -0.035,
      0.02,
      0.013,
      0.034,
      -0.047,
      -0.095,
      -0.16,
      -0.273,
      -0.031,
      -0.398,
      -0.378,
      -0.028,
      -0.165,
      -0.207,
      -0.077,
      -0.084,
      -0.193,
      -0.11,
      -0.149,
      0.094,
      -0.289,
      -0.019,
      -0.069,
      -0.236,
      0.087
    ],
    [
      0.081,
      0.364,
      0.212,
      0.136,
      0.161,
      0.136,
      0.232,
      0.155,
      0.238,
      -0.02,
      -0.163,
      -0.034,
      0.207,
      0.003,
      -0.029,
      0.182,
      0.022,
      0.191,
      0.178,
      0.055,
      0.202,
      0.257,
      0.254,
      -0.241,
      1.0,
      0.092,
      0.289,
      -0.132,
      0.159,
      0.448,
      0.09,
      0.443,
      0.269,
      0.324,
      0.104,
      0.254,
      0.144,
      -0.004,
      0.073,
      -0.1,
      0.191,
      0.075,
      0.128,
      0.265,
      0.367,
      0.035,
      0.484,
      0.413,
      -0.081,
      0.289,
      0.465,
      0.073,
      0.054,
      0.224,
      0.19,
      0.194,
      0.076,
      0.443,
      0.219,
      0.145,
      0.371,
      -0.089
    ],
    [
      -0.037,
      0.075,
      0.015,
      0.005,
      0.071,
      0.032,
      0.07,
      -0.048,
      0.071,
      -0.03,
      0.008,
      0.085,
      0.016,
      -0.05,
      -0.117,
      0.172,
      -0.094,
      0.02,
      0.133,
      -0.028,
      -0.001,
      0.143,
      0.066,
      -0.049,
      0.092,
      1.0,
      -0.059,
      0.045,
      -0.056,
      0.028,
      0.016,
      0.073,
      0.01,
      0.081,
      0.012,
      0.04,
      0.081,
      -0.072,
      -0.101,
      -0.028,
      0.074,
      0.039,
      0.031,
      0.026,
      -0.09,
      -0.06,
      0.041,
      0.114,
      -0.061,
      0.01,
      0.021,
      0.055,
      0.068,
      0.039,
      0.072,
      0.075,
      -0.099,
      0.067,
      -0.046,
      -0.084,
      -0.005,
      -0.068
    ],
    [
      0.119,
      0.248,
      0.047,
      0.248,
      0.104,
      0.085,
      0.106,
      0.006,
      0.039,
      0.048,
      -0.063,
      -0.006,
      0.086,
      0.13,
      0.085,
      0.141,
      0.023,
      0.287,
      0.075,
      0.034,
      0.117,
      0.166,
      0.268,
      -0.203,
      0.289,
      -0.059,
      1.0,
      -0.121,
      0.114,
      0.189,
      0.142,
      0.295,
      0.139,
      0.268,
      0.123,
      0.298,
      -0.087,
      0.111,
      0.117,
      0.001,
      -0.126,
      0.068,
      0.075,
      0.21,
      0.334,
      0.017,
      0.282,
      0.204,
      -0.061,
      0.194,
      0.218,
      0.108,
      0.152,
      0.345,
      -0.012,
      0.071,
      -0.036,
      0.285,
      0.044,
      0.024,
      0.301,
      0.053
    ],
    [
      -0.08,
      -0.103,
      -0.032,
      -0.115,
      -0.014,
      -0.161,
      -0.071,
      -0.084,
      -0.043,
      0.024,
      0.041,
      0.035,
      0.024,
      0.031,
      -0.089,
      0.093,
      -0.083,
      -0.159,
      -0.088,
      -0.033,
      -0.069,
      -0.049,
      -0.133,
      0.36,
      -0.132,
      0.045,
      -0.121,
      1.0,
      0.056,
      -0.177,
      -0.048,
      -0.136,
      -0.102,
      -0.145,
      -0.117,
      -0.093,
      -0.096,
      -0.068,
      -0.014,
      0.054,
      0.065,
      -0.053,
      -0.025,
      -0.152,
      -0.214,
      -0.06,
      -0.212,
      -0.278,
      -0.021,
      -0.077,
      -0.158,
      -0.066,
      -0.017,
      -0.127,
      0.014,
      -0.041,
      -0.12,
      -0.255,
      -0.062,
      -0.095,
      -0.227,
      -0.019
    ],
    [
      -0.056,
      0.07,
      0.47,
      0.301,
      0.265,
      0.049,
      0.705,
      0.047,
      0.041,
      0.136,
      -0.052,
      -0.021,
      0.067,
      0.297,
      0.277,
      0.055,
      0.38,
      0.13,
      0.31,
      0.208,
      0.208,
      0.335,
      0.03,
      -0.06,
      0.159,
      -0.056,
      0.114,
      0.056,
      1.0,
      0.119,
      0.288,
      0.142,
      0.024,
      0.046,
      0.139,
      0.121,
      -0.054,
      0.282,
      0.177,
      0.033,
      0.311,
      0.221,
      0.227,
      0.084,
      0.068,
      0.304,
      0.187,
      0.215,
      0.18,
      0.2,
      0.071,
      -0.071,
      0.016,
      0.115,
      0.269,
      0.291,
      0.269,
      0.054,
      0.057,
      0.245,
      0.171,
      0.228
    ],
    [
      -0.007,
      0.445,
      0.173,
      0.166,
      0.187,
      0.104,
      0.241,
      0.095,
      0.185,
      -0.063,
      -0.054,
      -0.02,
      0.234,
      -0.061,
      -0.058,
      0.157,
      -0.056,
      0.174,
      0.323,
      0.068,
      0.242,
      0.286,
      0.307,
      -0.219,
      0.448,
      0.028,
      0.189,
      -0.177,
      0.119,
      1.0,
      0.17,
      0.453,
      0.261,
      0.442,
      0.269,
      0.316,
      0.104,
      0.019,
      -0.037,
      -0.053,
      0.152,
      0.14,
      0.202,
      0.428,
      0.406,
      -0.056,
      0.681,
      0.58,
      -0.026,
      0.325,
      0.524,
      0.152,
      0.168,
      0.224,
      0.194,
      0.359,
      0.005,
      0.463,
      0.166,
      0.166,
      0.37,
      -0.129
    ],
    [
      0.011,
      0.127,
      0.283,
      0.219,
      0.258,
      0.037,
      0.31,
      -0.012,
      0.075,
      0.149,
      -0.102,
      -0.08,
      0.047,
      0.197,
      0.164,
      0.063,
      0.152,
      0.095,
      0.156,
      0.115,
      0.206,
      0.331,
      0.059,
      0.004,
      0.09,
      0.016,
      0.142,
      -0.048,
      0.288,
      0.17,
      1.0,
      0.177,
      0.104,
      0.132,
      0.215,
      0.195,
      0.005,
      0.229,
      0.191,
      0.062,
      0.239,
      0.262,
      0.186,
      0.186,
      0.1,
      0.26,
      0.226,
      0.202,
      0.149,
      0.168,
      0.229,
      0.067,
      0.184,
      0.14,
      0.165,
      0.176,
      0.221,
      0.078,
      0.129,
      0.179,
      0.228,
      0.131
    ],
    [
      0.107,
      0.444,
      0.127,
      0.294,
      0.152,
      0.137,
      0.231,
      0.078,
      0.155,
      -0.102,
      -0.026,
      -0.048,
      0.197,
      0.066,
      0.074,
      0.251,
      0.1,
      0.25,
      0.263,
      0.064,
      0.135,
      0.267,
      0.376,
      -0.197,
      0.443,
      0.073,
      0.295,
      -0.136,
      0.142,
      0.453,
      0.177,
      1.0,
      0.157,
      0.431,
      0.126,
      0.404,
      0.004,
      0.084,
      0.049,
      -0.086,
      0.108,
      0.146,
      0.151,
      0.35,
      0.407,
      -0.007,
      0.545,
      0.482,
      -0.006,
      0.398,
      0.508,
      0.098,
      0.155,
      0.326,
      0.208,
      0.207,
      0.018,
      0.396,
      0.131,
      0.128,
      0.344,
      -0.003
    ],
    [
      -0.017,
      0.256,
      0.09,
      0.048,
      0.057,
      0.216,
      0.111,
      0.148,
      0.135,
      -0.036,
      0.034,
      0.083,
      0.162,
      0.005,
      0.041,
      0.11,
      -0.053,
      0.095,
      0.085,
      -0.0,
      0.133,
      0.226,
      0.13,
      -0.152,
      0.269,
      0.01,
      0.139,
      -0.102,
      0.024,
      0.261,
      0.104,
      0.157,
      1.0,
      0.197,
      0.156,
      0.179,
      0.211,
      -0.018,
      -0.031,
      0.018,
      0.047,
      0.068,
      0.098,
      0.275,
      0.291,
      -0.079,
      0.266,
      0.278,
      -0.041,
      0.161,
      0.261,
      0.142,
      0.137,
      0.173,
      0.034,
      0.138,
      -0.041,
      0.204,
      0.16,
      0.008,
      0.181,
      -0.048
    ],
    [
      0.008,
      0.761,
      0.14,
      0.158,
      0.278,
      0.148,
      0.258,
      0.122,
      0.295,
      -0.117,
      -0.069,
      -0.075,
      0.139,
      0.074,
      -0.018,
      0.287,
      -0.025,
      0.197,
      0.247,
      -0.093,
      0.26,
      0.241,
      0.481,
      -0.195,
      0.324,
      0.081,
      0.268,
      -0.145,
      0.046,
      0.442,
      0.132,
      0.431,
      0.197,
      1.0,
      0.299,
      0.144,
      0.129,
      0.117,
      0.168,
      -0.034,
      -0.019,
      0.363,
      0.174,
      0.642,
      0.337,
      0.077,
      0.507,
      0.301,
      0.018,
      0.236,
      0.727,
      0.076,
      0.181,
      0.352,
      0.124,
      0.434,
      -0.064,
      0.28,
      0.096,
      0.112,
      0.215,
      0.028
    ],
    [
      0.032,
      0.317,
      0.281,
      0.25,
      0.439,
      0.123,
      0.246,
      0.029,
      0.116,
      0.176,
      0.003,
      -0.011,
      -0.148,
      0.127,
      0.03,
      0.152,
      0.06,
      0.168,
      0.219,
      0.036,
      0.208,
      0.236,
      0.216,
      -0.137,
      0.104,
      0.012,
      0.123,
      -0.117,
      0.139,
      0.269,
      0.215,
      0.126,
      0.156,
      0.299,
      1.0,
      0.191,
      0.009,
      0.29,
      0.159,
      0.08,
      0.136,
      0.343,
      0.305,
      0.305,
      0.231,
      0.066,
      0.299,
      0.246,
      0.111,
      0.04,
      0.301,
      0.081,
      0.048,
      0.203,
      0.08,
      0.302,
      0.088,
      0.038,
      0.02,
      0.213,
      0.122,
      0.001
    ],
    [
      0.066,
      0.192,
      0.156,
      0.316,
      0.179,
      0.187,
      0.155,
      0.003,
      0.131,
      -0.028,
      -0.043,
      -0.105,
      0.223,
      0.0,
      0.06,
      0.136,
      0.14,
      0.212,
      0.18,
      0.111,
      0.183,
      0.141,
      0.194,
      -0.156,
      0.254,
      0.04,
      0.298,
      -0.093,
      0.121,
      0.316,
      0.195,
      0.404,
      0.179,
      0.144,
      0.191,
      1.0,
      0.076,
      0.083,
      0.017,
      -0.036,
      0.098,
      0.045,
      0.125,
      0.208,
      0.349,
      0.077,
      0.398,
      0.44,
      0.161,
      0.212,
      0.233,
      0.08,
      0.125,
      0.332,
      0.222,
      0.133,
      0.036,
      0.399,
      0.119,
      0.081,
      0.349,
      0.0
    ],
    [
      0.125,
      0.128,
      0.144,
      -0.049,
      0.055,
      0.016,
      0.038,
      0.069,
      0.236,
      -0.042,
      0.137,
      0.073,
      0.132,
      -0.087,
      -0.011,
      0.178,
      -0.099,
      0.014,
      0.12,
      0.063,
      0.106,
      0.142,
      0.034,
      -0.114,
      0.144,
      0.081,
      -0.087,
      -0.096,
      -0.054,
      0.104,
      0.005,
      0.004,
      0.211,
      0.129,
      0.009,
      0.076,
      1.0,
      -0.048,
      -0.342,
      0.014,
      0.053,
      -0.026,
      0.044,
      0.126,
      0.086,
      0.023,
      0.145,
      0.114,
      -0.028,
      0.017,
      0.128,
      0.084,
      0.144,
      0.062,
      0.119,
      0.012,
      -0.023,
      0.132,
      0.04,
      0.105,
      0.119,
      -0.09
    ],
    [
      0.036,
      0.001,
      0.304,
      0.219,
      0.288,
      0.064,
      0.285,
      0.039,
      0.126,
      0.343,
      -0.106,
      -0.106,
      -0.156,
      0.514,
      0.322,
      -0.135,
      0.415,
      0.224,
      -0.076,
      0.149,
      0.086,
      0.121,
      0.134,
      -0.035,
      -0.004,
      -0.072,
      0.111,
      -0.068,
      0.282,
      0.019,
      0.229,
      0.084,
      -0.018,
      0.117,
      0.29,
      0.083,
      -0.048,
      1.0,
      0.383,
      0.178,
      0.068,
      0.375,
      0.109,
      0.131,
      0.005,
      0.351,
      0.096,
      0.006,
      0.18,
      0.099,
      0.136,
      0.062,
      0.12,
      0.131,
      0.048,
      0.204,
      0.448,
      -0.049,
      0.016,
      0.098,
      0.153,
      0.456
    ],
    [
      0.026,
      0.145,
      0.226,
      0.186,
      0.196,
      0.007,
      0.228,
      0.05,
      0.023,
      0.287,
      -0.091,
      -0.088,
      -0.192,
      0.561,
      0.135,
      -0.018,
      0.319,
      0.088,
      0.054,
      0.258,
      0.102,
      0.131,
      0.094,
      0.02,
      0.073,
      -0.101,
      0.117,
      -0.014,
      0.177,
      -0.037,
      0.191,
      0.049,
      -0.031,
      0.168,
      0.159,
      0.017,
      -0.342,
      0.383,
      1.0,
      0.074,
      0.059,
      0.285,
      0.208,
      0.191,
      0.015,
      0.454,
      0.026,
      -0.06,
      0.26,
      0.122,
      0.22,
      -0.032,
      0.034,
      0.034,
      0.003,
      0.254,
      0.364,
      -0.093,
      -0.02,
      0.125,
      0.048,
      0.484
    ],
    [
      0.102,
      -0.014,
      0.113,
      0.138,
      0.226,
      0.152,
      0.037,
      0.009,
      0.064,
      0.036,
      0.023,
      0.1,
      -0.063,
      0.062,
      0.122,
      0.055,
      0.112,
      0.088,
      -0.02,
      0.127,
      0.111,
      0.03,
      -0.019,
      0.013,
      -0.1,
      -0.028,
      0.001,
      0.054,
      0.033,
      -0.053,
      0.062,
      -0.086,
      0.018,
      -0.034,
      0.08,
      -0.036,
      0.014,
      0.178,
      0.074,
      1.0,
      0.03,
      0.037,
      0.007,
      0.063,
      -0.003,
      0.109,
      -0.037,
      0.006,
      0.377,
      0.043,
      0.009,
      0.02,
      0.084,
      -0.048,
      -0.095,
      0.041,
      0.062,
      -0.061,
      -0.094,
      0.022,
      -0.045,
      0.028
    ],
    [
      -0.04,
      0.017,
      0.375,
      0.182,
      0.18,
      0.119,
      0.284,
      -0.01,
      0.14,
      0.047,
      -0.075,
      0.067,
      0.126,
      0.05,
      0.163,
      0.098,
      0.15,
      0.067,
      0.203,
      0.219,
      0.114,
      0.338,
      -0.054,
      0.034,
      0.191,
      0.074,
      -0.126,
      0.065,
      0.311,
      0.152,
      0.239,
      0.108,
      0.047,
      -0.019,
      0.136,
      0.098,
      0.053,
      0.068,
      0.059,
      0.03,
      1.0,
      0.045,
      0.128,
      0.007,
      0.077,
      0.115,
      0.207,
      0.215,
      0.099,
      0.182,
      0.089,
      0.084,
      -0.036,
      -0.074,
      0.281,
      0.171,
      0.164,
      0.087,
      0.073,
      0.168,
      0.163,
      0.073
    ],
    [
      -0.077,
      0.329,
      0.156,
      0.178,
      0.295,
      0.015,
      0.357,
      0.084,
      0.118,
      0.07,
      -0.103,
      -0.196,
      -0.129,
      0.307,
      -0.014,
      0.099,
      0.116,
      0.143,
      0.164,
      -0.022,
      0.258,
      0.232,
      0.22,
      -0.047,
      0.075,
      0.039,
      0.068,
      -0.053,
      0.221,
      0.14,
      0.262,
      0.146,
      0.068,
      0.363,
      0.343,
      0.045,
      -0.026,
      0.375,
      0.285,
      0.037,
      0.045,
      1.0,
      0.179,
      0.407,
      0.113,
      0.164,
      0.178,
      0.037,
      0.088,
      0.094,
      0.389,
      0.03,
      0.188,
      0.256,
      0.145,
      0.645,
      0.13,
      -0.024,
      0.067,
      0.037,
      0.159,
      0.157
    ],
    [
      0.013,
      0.206,
      0.292,
      0.202,
      0.201,
      0.062,
      0.282,
      0.083,
      0.034,
      0.162,
      0.145,
      -0.021,
      0.095,
      0.138,
      -0.016,
      0.122,
      0.079,
      0.064,
      0.226,
      0.074,
      0.117,
      0.288,
      0.148,
      -0.095,
      0.128,
      0.031,
      0.075,
      -0.025,
      0.227,
      0.202,
      0.186,
      0.151,
      0.098,
      0.174,
      0.305,
      0.125,
      0.044,
      0.109,
      0.208,
      0.007,
      0.128,
      0.179,
      1.0,
      0.117,
      0.1,
      0.225,
      0.115,
      0.119,
      0.209,
      0.046,
      0.142,
      -0.082,
      0.06,
      0.16,
      0.106,
      0.241,
      0.147,
      0.068,
      0.028,
      0.357,
      0.096,
      0.124
    ],
    [
      0.058,
      0.712,
      0.085,
      0.228,
      0.347,
      0.103,
      0.267,
      0.125,
      0.166,
      -0.129,
      -0.069,
      -0.146,
      0.004,
      0.173,
      -0.107,
      0.2,
      -0.072,
      0.101,
      0.198,
      -0.031,
      0.269,
      0.237,
      0.306,
      -0.16,
      0.265,
      0.026,
      0.21,
      -0.152,
      0.084,
      0.428,
      0.186,
      0.35,
      0.275,
      0.642,
      0.305,
      0.208,
      0.126,
      0.131,
      0.191,
      0.063,
      0.007,
      0.407,
      0.117,
      1.0,
      0.317,
      0.055,
      0.429,
      0.288,
      0.064,
      0.205,
      0.702,
      0.124,
      0.232,
      0.3,
      0.15,
      0.453,
      -0.039,
      0.225,
      0.185,
      0.062,
      0.289,
      0.027
    ],
    [
      0.057,
      0.344,
      0.143,
      0.223,
      0.146,
      0.222,
      0.195,
      0.216,
      0.044,
      0.005,
      0.041,
      -0.03,
      0.147,
      -0.081,
      0.082,
      0.194,
      0.103,
      0.275,
      0.164,
      0.135,
      0.223,
      0.216,
      0.325,
      -0.273,
      0.367,
      -0.09,
      0.334,
      -0.214,
      0.068,
      0.406,
      0.1,
      0.407,
      0.291,
      0.337,
      0.231,
      0.349,
      0.086,
      0.005,
      0.015,
      -0.003,
      0.077,
      0.113,
      0.1,
      0.317,
      1.0,
      -0.004,
      0.442,
      0.419,
      -0.014,
      0.38,
      0.431,
      0.121,
      0.062,
      0.345,
      0.227,
      0.24,
      0.042,
      0.366,
      0.054,
      0.121,
      0.335,
      -0.081
    ],
    [
      -0.019,
      -0.002,
      0.407,
      0.255,
      0.222,
      0.018,
      0.302,
      0.026,
      0.096,
      0.432,
      -0.053,
      0.004,
      -0.045,
      0.524,
      0.323,
      -0.009,
      0.458,
      0.092,
      0.065,
      0.364,
      0.111,
      0.218,
      0.039,
      -0.031,
      0.035,
      -0.06,
      0.017,
      -0.06,
      0.304,
      -0.056,
      0.26,
      -0.007,
      -0.079,
      0.077,
      0.066,
      0.077,
      0.023,
      0.351,
      0.454,
      0.109,
      0.115,
      0.164,
      0.225,
      0.055,
      -0.004,
      1.0,
      -0.02,
      -0.026,
      0.27,
      0.039,
      0.094,
      0.097,
      -0.006,
      0.049,
      0.101,
      0.108,
      0.418,
      -0.073,
      0.048,
      0.223,
      0.089,
      0.524
    ],
    [
      0.041,
      0.515,
      0.223,
      0.216,
      0.277,
      0.179,
      0.297,
      0.116,
      0.244,
      -0.113,
      -0.087,
      -0.002,
      0.186,
      -0.01,
      -0.033,
      0.233,
      -0.022,
      0.288,
      0.291,
      0.089,
      0.293,
      0.271,
      0.379,
      -0.398,
      0.484,
      0.041,
      0.282,
      -0.212,
      0.187,
      0.681,
      0.226,
      0.545,
      0.266,
      0.507,
      0.299,
      0.398,
      0.145,
      0.096,
      0.026,
      -0.037,
      0.207,
      0.178,
      0.115,
      0.429,
      0.442,
      -0.02,
      1.0,
      0.691,
      -0.012,
      0.34,
      0.616,
      0.165,
      0.154,
      0.318,
      0.231,
      0.356,
      -0.055,
      0.528,
      0.17,
      0.17,
      0.433,
      -0.089
    ],
    [
      0.03,
      0.381,
      0.19,
      0.29,
      0.202,
      0.255,
      0.278,
      0.109,
      0.157,
      -0.125,
      -0.092,
      -0.003,
      0.283,
      -0.104,
      0.052,
      0.226,
      -0.007,
      0.252,
      0.276,
      0.136,
      0.165,
      0.218,
      0.356,
      -0.378,
      0.413,
      0.114,
      0.204,
