{
  "meta": {
    "generated_at": "2026-06-30T10:44:51+00:00",
    "n_tickers": 62,
    "n_clusters": 0,
    "redundant_threshold": 0.75
  },
  "tickers": [
    "NTO",
    "ABBNE",
    "ABNB",
    "ADYEN",
    "AMZN",
    "BFIT",
    "BN",
    "CBAV",
    "CELH",
    "CHKP",
    "COR",
    "COST",
    "CPR",
    "CRWD",
    "CSU",
    "DNP",
    "DSGX",
    "EVD",
    "FERG",
    "FICO",
    "GOOG",
    "GRMN",
    "HLMA",
    "IPCO",
    "ITX",
    "JDG",
    "JFN",
    "KIST",
    "KKR",
    "KRX",
    "KSPI",
    "LIFCO B",
    "LOTB",
    "LR",
    "META",
    "MIPS",
    "MNST",
    "MSFT",
    "NET",
    "NFLX",
    "NKE",
    "NVDA",
    "OTLY",
    "PRY",
    "RAA",
    "S",
    "SGO",
    "SIKA",
    "SPOT",
    "STMN",
    "SU",
    "TFF",
    "TFPM",
    "TGYM",
    "TREX",
    "TSM",
    "VEEV",
    "VID",
    "VRLA",
    "VLTO",
    "WOSG",
    "ZS"
  ],
  "matrix_1y": [
    [
      1.0,
      0.109,
      -0.124,
      0.04,
      0.035,
      -0.048,
      -0.066,
      -0.036,
      0.003,
      -0.048,
      0.176,
      0.017,
      -0.035,
      0.012,
      -0.128,
      -0.003,
      0.049,
      0.075,
      0.022,
      -0.095,
      0.074,
      -0.029,
      -0.005,
      -0.091,
      0.112,
      -0.042,
      0.134,
      -0.081,
      -0.064,
      0.025,
      0.001,
      0.105,
      -0.007,
      0.023,
      0.027,
      0.045,
      0.139,
      -0.013,
      0.013,
      0.07,
      -0.05,
      -0.097,
      0.044,
      0.079,
      0.084,
      -0.025,
      0.035,
      0.011,
      0.063,
      0.002,
      0.102,
      -0.026,
      -0.041,
      0.067,
      -0.126,
      0.017,
      0.015,
      0.071,
      -0.092,
      0.123,
      0.009,
      -0.026
    ],
    [
      0.109,
      1.0,
      0.145,
      0.185,
      0.23,
      0.131,
      0.276,
      0.125,
      0.117,
      -0.156,
      -0.045,
      -0.107,
      0.127,
      0.087,
      -0.108,
      0.265,
      -0.094,
      0.171,
      0.27,
      -0.1,
      0.288,
      0.278,
      0.413,
      -0.169,
      0.345,
      0.113,
      0.22,
      -0.095,
      0.073,
      0.434,
      0.099,
      0.43,
      0.231,
      0.759,
      0.306,
      0.166,
      0.114,
      -0.034,
      0.13,
      -0.037,
      -0.05,
      0.344,
      0.2,
      0.709,
      0.354,
      -0.015,
      0.494,
      0.374,
      0.064,
      0.26,
      0.798,
      0.059,
      0.166,
      0.286,
      0.178,
      0.456,
      -0.182,
      0.257,
      0.099,
      0.08,
      0.29,
      -0.057
    ],
    [
      -0.124,
      0.145,
      1.0,
      0.334,
      0.37,
      0.09,
      0.438,
      0.078,
      0.114,
      0.207,
      -0.024,
      -0.023,
      0.016,
      0.337,
      0.311,
      -0.007,
      0.347,
      0.213,
      0.241,
      0.3,
      0.22,
      0.398,
      0.089,
      -0.127,
      0.199,
      0.087,
      0.057,
      -0.029,
      0.437,
      0.143,
      0.282,
      0.148,
      0.058,
      0.12,
      0.293,
      0.147,
      0.136,
      0.307,
      0.238,
      0.113,
      0.374,
      0.163,
      0.283,
      0.052,
      0.11,
      0.414,
      0.21,
      0.188,
      0.21,
      0.193,
      0.235,
      0.035,
      0.046,
      0.126,
      0.285,
      0.175,
      0.386,
      -0.004,
      -0.009,
      0.361,
      0.211,
      0.324
    ],
    [
      0.04,
      0.185,
      0.334,
      1.0,
      0.272,
      0.177,
      0.203,
      -0.024,
      0.139,
      0.13,
      0.044,
      -0.028,
      0.071,
      0.198,
      0.158,
      0.012,
      0.187,
      0.217,
      0.193,
      0.244,
      0.221,
      0.213,
      0.176,
      -0.098,
      0.12,
      0.068,
      0.231,
      -0.098,
      0.3,
      0.18,
      0.202,
      0.297,
      0.025,
      0.158,
      0.256,
      0.289,
      -0.049,
      0.21,
      0.171,
      0.124,
      0.154,
      0.185,
      0.206,
      0.205,
      0.222,
      0.246,
      0.208,
      0.296,
      0.293,
      0.324,
      0.276,
      0.048,
      0.25,
      0.277,
      0.082,
      0.259,
      0.307,
      0.172,
      0.052,
      0.185,
      0.234,
      0.175
    ],
    [
      0.035,
      0.23,
      0.37,
      0.272,
      1.0,
      0.061,
      0.348,
      0.043,
      0.165,
      0.022,
      -0.129,
      0.013,
      0.002,
      0.198,
      0.064,
      0.097,
      0.086,
      0.239,
      0.266,
      0.137,
      0.407,
      0.262,
      0.142,
      -0.064,
      0.136,
      0.093,
      0.125,
      0.014,
      0.233,
      0.135,
      0.239,
      0.133,
      0.034,
      0.227,
      0.461,
      0.143,
      0.062,
      0.318,
      0.204,
      0.237,
      0.166,
      0.303,
      0.203,
      0.313,
      0.095,
      0.248,
      0.215,
      0.149,
      0.176,
      0.099,
      0.255,
      0.122,
      0.149,
      0.184,
      0.198,
      0.333,
      0.217,
      0.026,
      0.059,
      0.095,
      0.171,
      0.114
    ],
    [
      -0.048,
      0.131,
      0.09,
      0.177,
      0.061,
      1.0,
      0.056,
      -0.032,
      0.035,
      -0.12,
      -0.032,
      0.057,
      0.168,
      0.021,
      0.128,
      0.145,
      0.061,
      0.158,
      0.002,
      0.053,
      0.04,
      0.021,
      0.115,
      -0.157,
      0.125,
      0.022,
      0.077,
      -0.128,
      0.028,
      0.095,
      0.01,
      0.134,
      0.219,
      0.121,
      0.102,
      0.169,
      0.029,
      0.056,
      -0.003,
      0.138,
      0.062,
      0.007,
      0.081,
      0.078,
      0.203,
      0.015,
      0.155,
      0.253,
      0.172,
      0.15,
      0.066,
      0.045,
      0.067,
      0.155,
      0.07,
      0.015,
      0.047,
      0.323,
      0.055,
      -0.004,
      0.145,
      -0.01
    ],
    [
      -0.066,
      0.276,
      0.438,
      0.203,
      0.348,
      0.056,
      1.0,
      0.052,
      0.073,
      0.038,
      -0.082,
      -0.017,
      0.067,
      0.236,
      0.244,
      0.187,
      0.292,
      0.159,
      0.475,
      0.23,
      0.327,
      0.422,
      0.216,
      -0.127,
      0.229,
      0.078,
      0.101,
      -0.079,
      0.702,
      0.229,
      0.307,
      0.212,
      0.093,
      0.241,
      0.236,
      0.131,
      0.02,
      0.28,
      0.228,
      0.026,
      0.282,
      0.355,
      0.255,
      0.254,
      0.175,
      0.284,
      0.274,
      0.241,
      0.115,
      0.137,
      0.243,
      -0.031,
      0.149,
      0.194,
      0.321,
      0.397,
      0.186,
      0.123,
      0.086,
      0.174,
      0.288,
      0.166
    ],
    [
      -0.036,
      0.125,
      0.078,
      -0.024,
      0.043,
      -0.032,
      0.052,
      1.0,
      0.122,
      -0.062,
      0.092,
      -0.021,
      0.091,
      -0.004,
      0.071,
      0.035,
      0.021,
      0.068,
      0.098,
      -0.013,
      0.117,
      0.072,
      0.016,
      -0.082,
      0.161,
      -0.048,
      0.008,
      -0.073,
      0.019,
      0.071,
      -0.004,
      0.1,
      0.176,
      0.124,
      0.008,
      0.03,
      0.047,
      0.029,
      0.046,
      0.001,
      0.039,
      0.076,
      0.059,
      0.138,
      0.205,
      0.001,
      0.097,
      0.071,
      0.002,
      0.002,
      0.127,
      0.024,
      -0.041,
      0.04,
      0.122,
      0.044,
      0.005,
      0.045,
      -0.008,
      0.119,
      0.049,
      -0.107
    ],
    [
      0.003,
      0.117,
      0.114,
      0.139,
      0.165,
      0.035,
      0.073,
      0.122,
      1.0,
      -0.011,
      0.029,
      0.097,
      0.082,
      -0.046,
      0.08,
      0.142,
      0.038,
      0.127,
      0.131,
      0.003,
      0.111,
      0.133,
      0.1,
      -0.1,
      0.232,
      0.075,
      0.044,
      -0.023,
      0.017,
      0.183,
      0.068,
      0.164,
      0.135,
      0.29,
      0.101,
      0.127,
      0.229,
      0.125,
      0.011,
      0.053,
      0.131,
      0.095,
      0.026,
      0.138,
      0.036,
      0.092,
      0.221,
      0.147,
      0.061,
      0.056,
      0.18,
      0.063,
      0.1,
      -0.003,
      0.1,
      0.188,
      0.105,
      0.072,
      0.18,
      0.158,
      0.084,
      -0.026
    ],
    [
      -0.048,
      -0.156,
      0.207,
      0.13,
      0.022,
      -0.12,
      0.038,
      -0.062,
      -0.011,
      1.0,
      0.112,
      -0.031,
      -0.079,
      0.368,
      0.208,
      -0.111,
      0.376,
      0.104,
      -0.107,
      0.221,
      -0.206,
      0.222,
      -0.045,
      0.094,
      -0.027,
      -0.051,
      0.063,
      0.014,
      0.115,
      -0.085,
      0.154,
      -0.087,
      -0.023,
      -0.132,
      0.168,
      -0.006,
      -0.047,
      0.36,
      0.294,
      0.054,
      0.044,
      0.051,
      0.159,
      -0.151,
      -0.017,
      0.439,
      -0.11,
      -0.117,
      0.136,
      0.01,
      -0.064,
      -0.009,
      0.009,
      -0.045,
      -0.009,
      -0.07,
      0.356,
      -0.068,
      -0.017,
      0.165,
      0.004,
      0.361
    ],
    [
      0.176,
      -0.045,
      -0.024,
      0.044,
      -0.129,
      -0.032,
      -0.082,
      0.092,
      0.029,
      0.112,
      1.0,
      0.168,
      -0.085,
      -0.038,
      0.001,
      0.184,
      0.042,
      0.066,
      -0.022,
      -0.005,
      -0.037,
      -0.021,
      -0.034,
      -0.015,
      -0.152,
      0.009,
      -0.061,
      0.033,
      -0.062,
      -0.062,
      -0.106,
      -0.024,
      0.032,
      -0.104,
      -0.001,
      -0.034,
      0.137,
      -0.095,
      -0.077,
      0.017,
      -0.112,
      -0.128,
      0.138,
      -0.087,
      0.04,
      -0.051,
      -0.078,
      -0.09,
      0.009,
      -0.05,
      -0.064,
      -0.123,
      0.002,
      -0.165,
      -0.13,
      -0.126,
      -0.011,
      -0.074,
      -0.042,
      0.268,
      -0.051,
      0.01
    ],
    [
      0.017,
      -0.107,
      -0.023,
      -0.028,
      0.013,
      0.057,
      -0.017,
      -0.021,
      0.097,
      -0.031,
      0.168,
      1.0,
      0.009,
      -0.104,
      0.067,
      0.096,
      -0.066,
      0.013,
      -0.021,
      0.091,
      -0.012,
      -0.01,
      0.036,
      -0.017,
      -0.059,
      0.074,
      -0.01,
      0.032,
      -0.025,
      -0.028,
      -0.078,
      -0.037,
      0.071,
      -0.111,
      0.0,
      -0.113,
      0.064,
      -0.067,
      -0.081,
      0.103,
      0.048,
      -0.199,
      -0.039,
      -0.161,
      -0.055,
      0.007,
      -0.008,
      -0.019,
      -0.063,
      -0.057,
      -0.189,
      -0.017,
      -0.042,
      -0.001,
      -0.041,
      -0.077,
      -0.019,
      -0.031,
      0.047,
      0.104,
      0.002,
      -0.071
    ],
    [
      -0.035,
      0.127,
      0.016,
      0.071,
      0.002,
      0.168,
      0.067,
      0.091,
      0.082,
      -0.079,
      -0.085,
      0.009,
      1.0,
      -0.207,
      -0.004,
      0.067,
      -0.083,
      0.147,
      0.192,
      -0.017,
      0.09,
      0.062,
      0.111,
      -0.103,
      0.203,
      0.017,
      0.07,
      0.026,
      0.071,
      0.226,
      0.04,
      0.21,
      0.161,
      0.138,
      -0.147,
      0.226,
      0.127,
      -0.163,
      -0.194,
      -0.067,
      0.127,
      -0.125,
      0.092,
      0.005,
      0.156,
      -0.059,
      0.186,
      0.287,
      -0.053,
      0.278,
      0.071,
      0.053,
      0.054,
      0.172,
      0.159,
      0.069,
      -0.049,
      0.333,
      0.097,
      0.001,
      0.142,
      -0.189
    ],
    [
      0.012,
      0.087,
      0.337,
      0.198,
      0.198,
      0.021,
      0.236,
      -0.004,
      -0.046,
      0.368,
      -0.038,
      -0.104,
      -0.207,
      1.0,
      0.217,
      -0.072,
      0.337,
      0.189,
      0.003,
      0.209,
      0.123,
      0.143,
      0.007,
      0.075,
      0.006,
      -0.06,
      0.159,
      0.037,
      0.299,
      -0.076,
      0.205,
      0.067,
      0.02,
      0.07,
      0.132,
      0.02,
      -0.079,
      0.497,
      0.572,
      0.073,
      0.084,
      0.31,
      0.166,
      0.186,
      -0.085,
      0.535,
      -0.02,
      -0.112,
      0.247,
      0.054,
      0.178,
      0.062,
      0.138,
      0.022,
      0.005,
      0.176,
      0.412,
      -0.115,
      -0.043,
      0.123,
      0.104,
      0.685
    ],
    [
      -0.128,
      -0.108,
      0.311,
      0.158,
      0.064,
      0.128,
      0.244,
      0.071,
      0.08,
      0.208,
      0.001,
      0.067,
      -0.004,
      0.217,
      1.0,
      -0.057,
      0.505,
      0.082,
      -0.075,
      0.358,
      0.07,
      0.213,
      0.007,
      -0.043,
      -0.036,
      -0.102,
      0.084,
      -0.073,
      0.237,
      -0.081,
      0.165,
      0.068,
      0.048,
      -0.062,
      0.016,
      0.06,
      -0.018,
      0.316,
      0.136,
      0.119,
      0.141,
      -0.042,
      -0.018,
      -0.138,
      0.052,
      0.311,
      -0.062,
      -0.004,
      0.136,
      0.1,
      -0.088,
      0.059,
      -0.032,
      -0.09,
      -0.046,
      -0.141,
      0.308,
      -0.106,
      -0.014,
      0.115,
      0.049,
      0.296
    ],
    [
      -0.003,
      0.265,
      -0.007,
      0.012,
      0.097,
      0.145,
      0.187,
      0.035,
      0.142,
      -0.111,
      0.184,
      0.096,
      0.067,
      -0.072,
      -0.057,
      1.0,
      -0.122,
      0.047,
      0.229,
      -0.024,
      0.202,
      0.181,
      0.177,
      -0.057,
      0.174,
      0.148,
      0.133,
      0.103,
      0.041,
      0.143,
      0.048,
      0.238,
      0.105,
      0.252,
      0.14,
      0.145,
      0.178,
      -0.129,
      -0.01,
      0.042,
      0.094,
      0.069,
      0.115,
      0.189,
      0.179,
      -0.015,
      0.218,
      0.21,
      -0.002,
      0.052,
      0.18,
      0.158,
      0.249,
      0.095,
      0.049,
      0.132,
      -0.189,
      0.165,
      0.025,
      0.029,
      0.076,
      -0.149
    ],
    [
      0.049,
      -0.094,
      0.347,
      0.187,
      0.086,
      0.061,
      0.292,
      0.021,
      0.038,
      0.376,
      0.042,
      -0.066,
      -0.083,
      0.337,
      0.505,
      -0.122,
      1.0,
      0.177,
      -0.01,
      0.331,
      0.005,
      0.242,
      0.045,
      0.023,
      0.015,
      -0.087,
      0.044,
      -0.072,
      0.349,
      -0.083,
      0.154,
      0.098,
      -0.051,
      -0.068,
      0.054,
      0.149,
      -0.106,
      0.436,
      0.335,
      0.128,
      0.148,
      0.092,
      0.075,
      -0.105,
      0.068,
      0.459,
      -0.047,
      -0.042,
      0.198,
      0.044,
      -0.037,
      -0.012,
      -0.043,
      -0.058,
      0.084,
      -0.015,
      0.497,
      -0.072,
      -0.035,
      0.248,
      0.055,
      0.422
    ],
    [
      0.075,
      0.171,
      0.213,
      0.217,
      0.239,
      0.158,
      0.159,
      0.068,
      0.127,
      0.104,
      0.066,
      0.013,
      0.147,
      0.189,
      0.082,
      0.047,
      0.177,
      1.0,
      0.077,
      0.074,
      0.232,
      0.133,
      0.154,
      -0.274,
      0.18,
      0.064,
      0.28,
      -0.161,
      0.128,
      0.173,
      0.096,
      0.249,
      0.076,
      0.187,
      0.185,
      0.194,
      0.011,
      0.217,
      0.089,
      0.08,
      0.049,
      0.142,
      0.063,
      0.089,
      0.269,
      0.093,
      0.281,
      0.245,
      0.09,
      0.188,
      0.246,
      0.042,
      0.069,
      0.198,
      0.025,
      0.12,
      0.102,
      0.243,
      0.038,
      0.076,
      0.254,
      0.124
    ],
    [
      0.022,
      0.27,
      0.241,
      0.193,
      0.266,
      0.002,
      0.475,
      0.098,
      0.131,
      -0.107,
      -0.022,
      -0.021,
      0.192,
      0.003,
      -0.075,
      0.229,
      -0.01,
      0.077,
      1.0,
      0.079,
      0.247,
      0.349,
      0.159,
      -0.132,
      0.184,
      0.148,
      0.071,
      -0.088,
      0.312,
      0.325,
      0.16,
      0.272,
      0.076,
      0.26,
      0.231,
      0.161,
      0.12,
      -0.075,
      0.053,
      -0.018,
      0.231,
      0.18,
      0.22,
      0.204,
      0.166,
      0.064,
      0.303,
      0.291,
      0.015,
      0.16,
      0.243,
      0.071,
      0.182,
      0.144,
      0.362,
      0.393,
      0.026,
      0.167,
      0.036,
      0.223,
      0.121,
      -0.066
    ],
    [
      -0.095,
      -0.1,
      0.3,
      0.244,
      0.137,
      0.053,
      0.23,
      -0.013,
      0.003,
      0.221,
      -0.005,
      0.091,
      -0.017,
      0.209,
      0.358,
      -0.024,
      0.331,
      0.074,
      0.079,
      1.0,
      0.101,
      0.16,
      0.016,
      0.015,
      0.041,
      -0.015,
      0.042,
      -0.024,
      0.2,
      0.062,
      0.129,
      0.081,
      0.005,
      -0.12,
      0.042,
      0.113,
      0.066,
      0.162,
      0.257,
      0.132,
      0.224,
      -0.033,
      0.071,
      -0.053,
      0.122,
      0.368,
      0.085,
      0.121,
      0.222,
      0.1,
      -0.01,
      0.126,
      -0.008,
      -0.092,
      0.1,
      -0.078,
      0.317,
      0.034,
      0.05,
      0.253,
      0.1,
      0.249
    ],
    [
      0.074,
      0.288,
      0.22,
      0.221,
      0.407,
      0.04,
      0.327,
      0.117,
      0.111,
      -0.206,
      -0.037,
      -0.012,
      0.09,
      0.123,
      0.07,
      0.202,
      0.005,
      0.232,
      0.247,
      0.101,
      1.0,
      0.179,
      0.113,
      -0.131,
      0.185,
      0.027,
      0.116,
      -0.042,
      0.204,
      0.223,
      0.18,
      0.117,
      0.115,
      0.231,
      0.232,
      0.15,
      0.125,
      0.076,
      0.1,
      0.102,
      0.112,
      0.271,
      0.133,
      0.274,
      0.208,
      0.116,
      0.248,
      0.135,
      0.067,
      0.048,
      0.239,
      0.075,
      0.198,
      0.205,
      0.08,
      0.385,
      -0.01,
      0.104,
      0.064,
      0.087,
      0.216,
      0.084
    ],
    [
      -0.029,
      0.278,
      0.398,
      0.213,
      0.262,
      0.021,
      0.422,
      0.072,
      0.133,
      0.222,
      -0.021,
      -0.01,
      0.062,
      0.143,
      0.213,
      0.181,
      0.242,
      0.133,
      0.349,
      0.16,
      0.179,
      1.0,
      0.167,
      -0.116,
      0.242,
      0.149,
      0.147,
      -0.031,
      0.311,
      0.259,
      0.319,
      0.265,
      0.22,
      0.211,
      0.226,
      0.123,
      0.13,
      0.109,
      0.128,
      0.021,
      0.338,
      0.235,
      0.278,
      0.22,
      0.188,
      0.207,
      0.234,
      0.177,
      0.134,
      0.104,
      0.33,
      0.051,
      0.256,
      0.122,
      0.318,
      0.325,
      0.114,
      0.105,
      0.081,
      0.285,
      0.195,
      0.085
    ],
    [
      -0.005,
      0.413,
      0.089,
      0.176,
      0.142,
      0.115,
      0.216,
      0.016,
      0.1,
      -0.045,
      -0.034,
      0.036,
      0.111,
      0.007,
      0.007,
      0.177,
      0.045,
      0.154,
      0.159,
      0.016,
      0.113,
      0.167,
      1.0,
      -0.188,
      0.269,
      0.093,
      0.26,
      -0.143,
      0.031,
      0.311,
      0.045,
      0.379,
      0.133,
      0.472,
      0.236,
      0.177,
      0.038,
      0.126,
      0.099,
      -0.009,
      -0.064,
      0.226,
      0.138,
      0.328,
      0.332,
      0.033,
      0.394,
      0.365,
      0.045,
      0.184,
      0.439,
      0.04,
      0.117,
      0.312,
      0.053,
      0.238,
      0.067,
      0.201,
      0.096,
      0.088,
      0.261,
      -0.02
    ],
    [
      -0.091,
      -0.169,
      -0.127,
      -0.098,
      -0.064,
      -0.157,
      -0.127,
      -0.082,
      -0.1,
      0.094,
      -0.015,
      -0.017,
      -0.103,
      0.075,
      -0.043,
      -0.057,
      0.023,
      -0.274,
      -0.132,
      0.015,
      -0.131,
      -0.116,
      -0.188,
      1.0,
      -0.245,
      -0.109,
      -0.205,
      0.361,
      -0.012,
      -0.201,
      0.03,
      -0.211,
      -0.137,
      -0.203,
      -0.132,
      -0.159,
      -0.1,
      -0.023,
      0.021,
      0.027,
      0.073,
      -0.029,
      -0.098,
      -0.126,
      -0.266,
      -0.018,
      -0.391,
      -0.381,
      -0.029,
      -0.157,
      -0.221,
      -0.04,
      -0.137,
      -0.204,
      -0.101,
      -0.14,
      0.091,
      -0.29,
      -0.002,
      -0.046,
      -0.227,
      0.073
    ],
    [
      0.112,
      0.345,
      0.199,
      0.12,
      0.136,
      0.125,
      0.229,
      0.161,
      0.232,
      -0.027,
      -0.152,
      -0.059,
      0.203,
      0.006,
      -0.036,
      0.174,
      0.015,
      0.18,
      0.184,
      0.041,
      0.185,
      0.242,
      0.269,
      -0.245,
      1.0,
      0.122,
      0.271,
      -0.128,
      0.161,
      0.437,
      0.085,
      0.441,
      0.26,
      0.307,
      0.089,
      0.254,
      0.14,
      -0.011,
      0.068,
      -0.105,
      0.158,
      0.086,
      0.127,
      0.238,
      0.366,
      0.023,
      0.489,
      0.416,
      -0.088,
      0.273,
      0.446,
      0.066,
      0.058,
      0.229,
      0.178,
      0.187,
      0.043,
      0.428,
      0.212,
      0.142,
      0.353,
      -0.091
    ],
    [
      -0.042,
      0.113,
      0.087,
      0.068,
      0.093,
      0.022,
      0.078,
      -0.048,
      0.075,
      -0.051,
      0.009,
      0.074,
      0.017,
      -0.06,
      -0.102,
      0.148,
      -0.087,
      0.064,
      0.148,
      -0.015,
      0.027,
      0.149,
      0.093,
      -0.109,
      0.122,
      1.0,
      -0.05,
      -0.011,
      -0.023,
      0.083,
      0.072,
      0.116,
      0.011,
      0.104,
      0.04,
      0.046,
      0.088,
      -0.067,
      -0.094,
      -0.027,
      0.076,
      0.064,
      0.046,
      0.052,
      -0.051,
      -0.056,
      0.112,
      0.155,
      -0.071,
      0.03,
      0.066,
      0.065,
      0.093,
      0.068,
      0.095,
      0.102,
      -0.085,
      0.056,
      -0.031,
      -0.09,
      0.015,
      -0.072
    ],
    [
      0.134,
      0.22,
      0.057,
      0.231,
      0.125,
      0.077,
      0.101,
      0.008,
      0.044,
      0.063,
      -0.061,
      -0.01,
      0.07,
      0.159,
      0.084,
      0.133,
      0.044,
      0.28,
      0.071,
      0.042,
      0.116,
      0.147,
      0.26,
      -0.205,
      0.271,
      -0.05,
      1.0,
      -0.115,
      0.099,
      0.137,
      0.129,
      0.271,
      0.129,
      0.228,
      0.14,
      0.296,
      -0.076,
      0.137,
      0.142,
      0.029,
      -0.159,
      0.064,
      0.11,
      0.193,
      0.308,
      0.049,
      0.247,
      0.182,
      -0.036,
      0.165,
      0.193,
      0.108,
      0.172,
      0.343,
      -0.038,
      0.077,
      0.011,
      0.285,
      0.041,
      0.024,
      0.282,
      0.079
    ],
    [
      -0.081,
      -0.095,
      -0.029,
      -0.098,
      0.014,
      -0.128,
      -0.079,
      -0.073,
      -0.023,
      0.014,
      0.033,
      0.032,
      0.026,
      0.037,
      -0.073,
      0.103,
      -0.072,
      -0.161,
      -0.088,
      -0.024,
      -0.042,
      -0.031,
      -0.143,
      0.361,
      -0.128,
      -0.011,
      -0.115,
      1.0,
      0.063,
      -0.172,
      -0.037,
      -0.121,
      -0.076,
      -0.132,
      -0.111,
      -0.093,
      -0.095,
      -0.078,
      -0.015,
      0.066,
      0.108,
      -0.044,
      -0.015,
      -0.124,
      -0.212,
      -0.045,
      -0.202,
      -0.28,
      0.003,
      -0.065,
      -0.132,
      -0.032,
      -0.053,
      -0.138,
      0.026,
      -0.005,
      -0.103,
      -0.257,
      -0.055,
      -0.086,
      -0.215,
      -0.016
    ],
    [
      -0.064,
      0.073,
      0.437,
      0.3,
      0.233,
      0.028,
      0.702,
      0.019,
      0.017,
      0.115,
      -0.062,
      -0.025,
      0.071,
      0.299,
      0.237,
      0.041,
      0.349,
      0.128,
      0.312,
      0.2,
      0.204,
      0.311,
      0.031,
      -0.012,
      0.161,
      -0.023,
      0.099,
      0.063,
      1.0,
      0.122,
      0.27,
      0.121,
      0.007,
      0.048,
      0.126,
      0.09,
      -0.062,
      0.247,
      0.165,
      0.008,
      0.301,
      0.217,
      0.215,
      0.074,
      0.061,
      0.276,
      0.162,
      0.192,
      0.161,
      0.162,
      0.07,
      -0.09,
      0.056,
      0.126,
      0.262,
      0.267,
      0.226,
      0.032,
      0.047,
      0.212,
      0.168,
      0.212
    ],
    [
      0.025,
      0.434,
      0.143,
      0.18,
      0.135,
      0.095,
      0.229,
      0.071,
      0.183,
      -0.085,
      -0.062,
      -0.028,
      0.226,
      -0.076,
      -0.081,
      0.143,
      -0.083,
      0.173,
      0.325,
      0.062,
      0.223,
      0.259,
      0.311,
      -0.201,
      0.437,
      0.083,
      0.137,
      -0.172,
      0.122,
      1.0,
      0.15,
      0.459,
      0.238,
      0.434,
      0.242,
      0.297,
      0.082,
      -0.019,
      -0.054,
      -0.086,
      0.101,
      0.141,
      0.168,
      0.406,
      0.414,
      -0.091,
      0.682,
      0.588,
      -0.044,
      0.308,
      0.526,
      0.13,
      0.182,
      0.218,
      0.194,
      0.331,
      -0.046,
      0.444,
      0.149,
      0.154,
      0.35,
      -0.142
    ],
    [
      0.001,
      0.099,
      0.282,
      0.202,
      0.239,
      0.01,
      0.307,
      -0.004,
      0.068,
      0.154,
      -0.106,
      -0.078,
      0.04,
      0.205,
      0.165,
      0.048,
      0.154,
      0.096,
      0.16,
      0.129,
      0.18,
      0.319,
      0.045,
      0.03,
      0.085,
      0.072,
      0.129,
      -0.037,
      0.27,
      0.15,
      1.0,
      0.171,
      0.098,
      0.098,
      0.211,
      0.192,
      0.007,
      0.225,
      0.2,
      0.062,
      0.215,
      0.248,
      0.192,
      0.158,
      0.082,
      0.254,
      0.204,
      0.177,
      0.142,
      0.137,
      0.208,
      0.062,
      0.22,
      0.118,
      0.183,
      0.152,
      0.223,
      0.06,
      0.112,
      0.17,
      0.213,
      0.131
    ],
    [
      0.105,
      0.43,
      0.148,
      0.297,
      0.133,
      0.134,
      0.212,
      0.1,
      0.164,
      -0.087,
      -0.024,
      -0.037,
      0.21,
      0.067,
      0.068,
      0.238,
      0.098,
      0.249,
      0.272,
      0.081,
      0.117,
      0.265,
      0.379,
      -0.211,
      0.441,
      0.116,
      0.271,
      -0.121,
      0.121,
      0.459,
      0.171,
      1.0,
      0.16,
      0.398,
      0.125,
      0.378,
      0.026,
      0.067,
      0.043,
      -0.089,
      0.052,
      0.139,
      0.178,
      0.328,
      0.392,
      -0.001,
      0.546,
      0.484,
      -0.0,
      0.365,
      0.489,
      0.103,
      0.176,
      0.293,
      0.226,
      0.201,
      0.025,
      0.381,
      0.123,
      0.139,
      0.33,
      0.004
    ],
    [
      -0.007,
      0.231,
      0.058,
      0.025,
      0.034,
      0.219,
      0.093,
      0.176,
      0.135,
      -0.023,
      0.032,
      0.071,
      0.161,
      0.02,
      0.048,
      0.105,
      -0.051,
      0.076,
      0.076,
      0.005,
      0.115,
      0.22,
      0.133,
      -0.137,
      0.26,
      0.011,
      0.129,
      -0.076,
      0.007,
      0.238,
      0.098,
      0.16,
      1.0,
      0.174,
      0.136,
      0.186,
      0.208,
      -0.018,
      -0.024,
      0.024,
      0.023,
      0.074,
      0.1,
      0.25,
      0.272,
      -0.078,
      0.252,
      0.256,
      -0.04,
      0.152,
      0.235,
      0.135,
      0.119,
      0.15,
      0.04,
      0.129,
      -0.046,
      0.197,
      0.148,
      0.009,
      0.169,
      -0.037
    ],
    [
      0.023,
      0.759,
      0.12,
      0.158,
      0.227,
      0.121,
      0.241,
      0.124,
      0.29,
      -0.132,
      -0.104,
      -0.111,
      0.138,
      0.07,
      -0.062,
      0.252,
      -0.068,
      0.187,
      0.26,
      -0.12,
      0.231,
      0.211,
      0.472,
      -0.203,
      0.307,
      0.104,
      0.228,
      -0.132,
      0.048,
      0.434,
      0.098,
      0.398,
      0.174,
      1.0,
      0.265,
      0.12,
      0.11,
      0.061,
      0.139,
      -0.06,
      -0.087,
      0.364,
      0.175,
      0.624,
      0.344,
      0.052,
      0.484,
      0.305,
      0.007,
      0.281,
      0.731,
      0.066,
      0.193,
      0.326,
      0.112,
      0.442,
      -0.12,
      0.264,
      0.088,
      0.091,
      0.197,
      0.002
    ],
    [
      0.027,
      0.306,
      0.293,
      0.256,
      0.461,
      0.102,
      0.236,
      0.008,
      0.101,
      0.168,
      -0.001,
      0.0,
      -0.147,
      0.132,
      0.016,
      0.14,
      0.054,
      0.185,
      0.231,
      0.042,
      0.232,
      0.226,
      0.236,
      -0.132,
      0.089,
      0.04,
      0.14,
      -0.111,
      0.126,
      0.242,
      0.211,
      0.125,
      0.136,
      0.265,
      1.0,
      0.16,
      0.009,
      0.306,
      0.16,
      0.082,
      0.133,
      0.349,
      0.29,
      0.292,
      0.199,
      0.078,
      0.265,
      0.213,
      0.112,
      -0.024,
      0.293,
      0.092,
      0.087,
      0.207,
      0.081,
      0.295,
      0.119,
      0.004,
      0.016,
      0.188,
      0.126,
      0.014
    ],
    [
      0.045,
      0.166,
      0.147,
      0.289,
      0.143,
      0.169,
      0.131,
      0.03,
      0.127,
      -0.006,
      -0.034,
      -0.113,
      0.226,
      0.02,
      0.06,
      0.145,
      0.149,
      0.194,
      0.161,
      0.113,
      0.15,
      0.123,
      0.177,
      -0.159,
      0.254,
      0.046,
      0.296,
      -0.093,
      0.09,
      0.297,
      0.192,
      0.378,
      0.186,
      0.12,
      0.16,
      1.0,
      0.091,
      0.068,
      0.02,
      -0.042,
      0.035,
      0.013,
      0.156,
      0.171,
      0.33,
      0.087,
      0.385,
      0.416,
      0.15,
      0.216,
      0.197,
      0.087,
      0.132,
      0.295,
      0.214,
      0.097,
      0.037,
      0.402,
      0.119,
      0.093,
      0.322,
      0.004
    ],
    [
      0.139,
      0.114,
      0.136,
      -0.049,
      0.062,
      0.029,
      0.02,
      0.047,
      0.229,
      -0.047,
      0.137,
      0.064,
      0.127,
      -0.079,
      -0.018,
      0.178,
      -0.106,
      0.011,
      0.12,
      0.066,
      0.125,
      0.13,
      0.038,
      -0.1,
      0.14,
      0.088,
      -0.076,
      -0.095,
      -0.062,
      0.082,
      0.007,
      0.026,
      0.208,
      0.11,
      0.009,
      0.091,
      1.0,
      -0.046,
      -0.331,
      0.015,
      0.059,
      -0.025,
      0.027,
      0.12,
      0.086,
      0.027,
      0.142,
      0.11,
      -0.026,
      -0.003,
      0.126,
      0.075,
      0.141,
      0.068,
      0.118,
      0.006,
      -0.008,
      0.136,
      0.033,
      0.103,
      0.117,
      -0.078
    ],
    [
      -0.013,
      -0.034,
      0.307,
      0.21,
      0.318,
      0.056,
      0.28,
      0.029,
      0.125,
      0.36,
      -0.095,
      -0.067,
      -0.163,
      0.497,
      0.316,
      -0.129,
      0.436,
      0.217,
      -0.075,
      0.162,
      0.076,
      0.109,
      0.126,
      -0.023,
      -0.011,
      -0.067,
      0.137,
      -0.078,
      0.247,
      -0.019,
      0.225,
      0.067,
      -0.018,
      0.061,
      0.306,
      0.068,
      -0.046,
      1.0,
      0.391,
      0.211,
      0.072,
      0.348,
      0.092,
      0.101,
      -0.045,
      0.365,
      0.066,
      -0.017,
      0.202,
      0.023,
      0.108,
      0.096,
      0.158,
      0.138,
      0.024,
      0.168,
      0.489,
      -0.049,
      0.025,
      0.094,
      0.154,
      0.462
    ],
    [
      0.013,
      0.13,
      0.238,
      0.171,
      0.204,
      -0.003,
      0.228,
      0.046,
      0.011,
      0.294,
      -0.077,
      -0.081,
      -0.194,
      0.572,
      0.136,
      -0.01,
      0.335,
      0.089,
      0.053,
      0.257,
      0.1,
      0.128,
      0.099,
      0.021,
      0.068,
      -0.094,
      0.142,
      -0.015,
      0.165,
      -0.054,
      0.2,
      0.043,
      -0.024,
      0.139,
      0.16,
      0.02,
      -0.331,
      0.391,
      1.0,
      0.082,
      0.051,
      0.276,
      0.219,
      0.172,
      -0.003,
      0.465,
      0.01,
      -0.076,
      0.26,
      0.091,
      0.2,
      -0.017,
      0.058,
      0.034,
      0.004,
      0.238,
      0.369,
      -0.103,
      -0.014,
      0.121,
      0.041,
      0.491
    ],
    [
      0.07,
      -0.037,
      0.113,
      0.124,
      0.237,
      0.138,
      0.026,
      0.001,
      0.053,
      0.054,
      0.017,
      0.103,
      -0.067,
      0.073,
      0.119,
      0.042,
      0.128,
      0.08,
      -0.018,
      0.132,
      0.102,
      0.021,
      -0.009,
      0.027,
      -0.105,
      -0.027,
      0.029,
      0.066,
      0.008,
      -0.086,
      0.062,
      -0.089,
      0.024,
      -0.06,
      0.082,
      -0.042,
      0.015,
      0.211,
      0.082,
      1.0,
      0.009,
      0.04,
      0.009,
      0.04,
      -0.039,
      0.124,
      -0.067,
      -0.02,
      0.381,
      0.012,
      -0.015,
      0.042,
      0.108,
      -0.04,
      -0.099,
      0.043,
      0.091,
      -0.074,
      -0.091,
      0.007,
      -0.042,
      0.046
    ],
    [
      -0.05,
      -0.05,
      0.374,
      0.154,
      0.166,
      0.062,
      0.282,
      0.039,
      0.131,
      0.044,
      -0.112,
      0.048,
      0.127,
      0.084,
      0.141,
      0.094,
      0.148,
      0.049,
      0.231,
      0.224,
      0.112,
      0.338,
      -0.064,
      0.073,
      0.158,
      0.076,
      -0.159,
      0.108,
      0.301,
      0.101,
      0.215,
      0.052,
      0.023,
      -0.087,
      0.133,
      0.035,
      0.059,
      0.072,
      0.051,
      0.009,
      1.0,
      0.044,
      0.161,
      -0.064,
      0.022,
      0.13,
      0.127,
      0.152,
      0.103,
      0.133,
      0.016,
      0.122,
      0.011,
      -0.103,
      0.288,
      0.179,
      0.157,
      0.026,
      0.075,
      0.141,
      0.127,
      0.076
    ],
    [
      -0.097,
      0.344,
      0.163,
      0.185,
      0.303,
      0.007,
      0.355,
      0.076,
      0.095,
      0.051,
      -0.128,
      -0.199,
      -0.125,
      0.31,
      -0.042,
      0.069,
      0.092,
      0.142,
      0.18,
      -0.033,
      0.271,
      0.235,
      0.226,
      -0.029,
      0.086,
      0.064,
      0.064,
      -0.044,
      0.217,
      0.141,
      0.248,
      0.139,
      0.074,
      0.364,
      0.349,
      0.013,
      -0.025,
      0.348,
      0.276,
      0.04,
      0.044,
      1.0,
      0.191,
      0.421,
      0.115,
      0.156,
      0.162,
      0.03,
      0.098,
      0.084,
      0.407,
      0.027,
      0.215,
      0.266,
      0.151,
      0.654,
      0.105,
      -0.042,
      0.067,
      -0.006,
      0.165,
      0.151
    ],
    [
      0.044,
      0.2,
      0.283,
      0.206,
      0.203,
      0.081,
      0.255,
      0.059,
      0.026,
      0.159,
      0.138,
      -0.039,
      0.092,
      0.166,
      -0.018,
      0.115,
      0.075,
      0.063,
      0.22,
      0.071,
      0.133,
      0.278,
      0.138,
      -0.098,
      0.127,
      0.046,
      0.11,
      -0.015,
      0.215,
      0.168,
      0.192,
      0.178,
      0.1,
      0.175,
      0.29,
      0.156,
      0.027,
      0.092,
      0.219,
      0.009,
      0.161,
      0.191,
      1.0,
      0.111,
      0.1,
      0.237,
      0.103,
      0.111,
      0.206,
      0.074,
      0.156,
      -0.098,
      0.056,
      0.156,
      0.109,
      0.256,
      0.147,
      0.068,
      0.021,
      0.344,
      0.094,
      0.141
    ],
    [
      0.079,
      0.709,
      0.052,
      0.205,
      0.313,
      0.078,
      0.254,
      0.138,
      0.138,
      -0.151,
      -0.087,
      -0.161,
      0.005,
      0.186,
      -0.138,
      0.189,
      -0.105,
      0.089,
      0.204,
      -0.053,
      0.274,
      0.22,
      0.328,
      -0.126,
      0.238,
      0.052,
      0.193,
      -0.124,
      0.074,
      0.406,
      0.158,
      0.328,
      0.25,
      0.624,
      0.292,
      0.171,
      0.12,
      0.101,
      0.172,
      0.04,
      -0.064,
      0.421,
      0.111,
      1.0,
      0.306,
      0.033,
      0.378,
      0.244,
      0.051,
      0.169,
      0.689,
      0.108,
      0.255,
      0.285,
      0.149,
      0.447,
      -0.087,
      0.182,
      0.176,
      0.019,
      0.269,
      0.016
    ],
    [
      0.084,
      0.354,
      0.11,
      0.222,
      0.095,
      0.203,
      0.175,
      0.205,
      0.036,
      -0.017,
      0.04,
      -0.055,
      0.156,
      -0.085,
      0.052,
      0.179,
      0.068,
      0.269,
      0.166,
      0.122,
      0.208,
      0.188,
      0.332,
      -0.266,
      0.366,
      -0.051,
      0.308,
      -0.212,
      0.061,
      0.414,
      0.082,
      0.392,
      0.272,
      0.344,
      0.199,
      0.33,
      0.086,
      -0.045,
      -0.003,
      -0.039,
      0.022,
      0.115,
      0.1,
      0.306,
      1.0,
      -0.032,
      0.44,
      0.413,
      -0.048,
      0.369,
      0.427,
      0.11,
      0.073,
      0.332,
      0.215,
      0.225,
      -0.013,
      0.346,
      0.041,
      0.1,
      0.324,
      -0.099
    ],
    [
      -0.025,
      -0.015,
      0.414,
      0.246,
      0.248,
      0.015,
      0.284,
      0.001,
      0.092,
      0.439,
      -0.051,
      0.007,
      -0.059,
      0.535,
      0.311,
      -0.015,
      0.459,
      0.093,
      0.064,
      0.368,
      0.116,
      0.207,
      0.033,
      -0.018,
      0.023,
      -0.056,
      0.049,
      -0.045,
      0.276,
      -0.091,
      0.254,
      -0.001,
      -0.078,
      0.052,
      0.078,
      0.087,
      0.027,
      0.365,
      0.465,
      0.124,
      0.13,
      0.156,
      0.237,
      0.033,
      -0.032,
      1.0,
      -0.049,
      -0.048,
      0.28,
      0.017,
      0.084,
      0.1,
      0.022,
      0.047,
      0.096,
      0.108,
      0.442,
      -0.069,
      0.046,
      0.215,
      0.085,
      0.54
    ],
    [
      0.035,
      0.494,
      0.21,
      0.208,
      0.215,
      0.155,
      0.274,
      0.097,
      0.221,
      -0.11,
      -0.078,
      -0.008,
      0.186,
      -0.02,
      -0.062,
      0.218,
      -0.047,
      0.281,
      0.303,
      0.085,
      0.248,
      0.234,
      0.394,
      -0.391,
      0.489,
      0.112,
      0.247,
      -0.202,
      0.162,
      0.682,
      0.204,
      0.546,
      0.252,
      0.484,
      0.265,
      0.385,
      0.142,
      0.066,
      0.01,
      -0.067,
      0.127,
      0.162,
      0.103,
      0.378,
      0.44,
      -0.049,
      1.0,
      0.696,
      -0.035,
      0.323,
      0.593,
      0.139,
      0.194,
      0.31,
      0.231,
      0.31,
      -0.086,
      0.509,
      0.155,
      0.173,
      0.41,
      -0.098
    ],
    [
      0.011,
      0.374,
      0.188,
      0.296,
      0.149,
      0.253,
      0.241,
      0.071,
      0.147,
      -0.117,
      -0.09,
      -0.019,
      0.287,
      -0.112,
      -0.004,
      0.21,
      -0.042,
      0.245,
      0.291,
      0.121,
      0.135,
      0.177,
      0.365,
      -0.381,
      0.416,
      0.155,
      0.182,
      -0.28,
