{
  "meta": {
    "generated_at": "2026-06-17T12:02:43+00:00",
    "n_tickers": 62,
    "n_clusters": 0,
    "redundant_threshold": 0.75
  },
  "tickers": [
    "NTO",
    "ABBNE",
    "ABNB",
    "ADYEN",
    "AMZN",
    "BFIT",
    "BN",
    "CBAV",
    "CELH",
    "CHKP",
    "COR",
    "COST",
    "CPR",
    "CRWD",
    "CSU",
    "DNP",
    "DSGX",
    "EVD",
    "FERG",
    "FICO",
    "GOOG",
    "GRMN",
    "HLMA",
    "IPCO",
    "ITX",
    "JDG",
    "JFN",
    "KIST",
    "KKR",
    "KRX",
    "KSPI",
    "LIFCO B",
    "LOTB",
    "LR",
    "META",
    "MIPS",
    "MNST",
    "MSFT",
    "NET",
    "NFLX",
    "NKE",
    "NVDA",
    "OTLY",
    "PRY",
    "RAA",
    "S",
    "SGO",
    "SIKA",
    "SPOT",
    "STMN",
    "SU",
    "TFF",
    "TFPM",
    "TGYM",
    "TREX",
    "TSM",
    "VEEV",
    "VID",
    "VRLA",
    "VLTO",
    "WOSG",
    "ZS"
  ],
  "matrix_1y": [
    [
      1.0,
      0.089,
      -0.13,
      0.017,
      0.033,
      -0.04,
      -0.037,
      -0.016,
      0.024,
      -0.023,
      0.202,
      0.02,
      -0.055,
      -0.004,
      -0.103,
      0.0,
      0.071,
      0.071,
      0.039,
      -0.088,
      0.034,
      -0.029,
      0.004,
      -0.104,
      0.092,
      -0.045,
      0.121,
      -0.079,
      -0.05,
      0.009,
      0.01,
      0.113,
      -0.013,
      0.014,
      0.029,
      0.072,
      0.131,
      0.032,
      0.023,
      0.096,
      -0.036,
      -0.084,
      0.018,
      0.064,
      0.071,
      -0.024,
      0.047,
      0.031,
      0.07,
      -0.006,
      0.089,
      -0.005,
      -0.048,
      0.059,
      -0.129,
      0.001,
      0.039,
      0.07,
      -0.106,
      0.161,
      0.009,
      -0.018
    ],
    [
      0.089,
      1.0,
      0.159,
      0.19,
      0.263,
      0.145,
      0.279,
      0.09,
      0.123,
      -0.143,
      -0.02,
      -0.091,
      0.121,
      0.082,
      -0.083,
      0.277,
      -0.065,
      0.173,
      0.259,
      -0.087,
      0.289,
      0.279,
      0.394,
      -0.155,
      0.36,
      0.087,
      0.245,
      -0.11,
      0.066,
      0.439,
      0.126,
      0.443,
      0.247,
      0.763,
      0.313,
      0.197,
      0.116,
      -0.003,
      0.147,
      -0.022,
      0.007,
      0.322,
      0.194,
      0.712,
      0.346,
      -0.002,
      0.51,
      0.379,
      0.069,
      0.252,
      0.797,
      0.079,
      0.162,
      0.301,
      0.178,
      0.439,
      -0.144,
      0.273,
      0.103,
      0.098,
      0.309,
      -0.043
    ],
    [
      -0.13,
      0.159,
      1.0,
      0.319,
      0.374,
      0.093,
      0.464,
      0.082,
      0.099,
      0.187,
      -0.016,
      -0.039,
      0.013,
      0.336,
      0.308,
      0.002,
      0.356,
      0.205,
      0.239,
      0.279,
      0.23,
      0.401,
      0.091,
      -0.117,
      0.211,
      0.066,
      0.052,
      -0.056,
      0.466,
      0.159,
      0.285,
      0.127,
      0.069,
      0.138,
      0.292,
      0.154,
      0.133,
      0.31,
      0.236,
      0.118,
      0.361,
      0.163,
      0.286,
      0.076,
      0.14,
      0.409,
      0.227,
      0.196,
      0.213,
      0.214,
      0.245,
      0.037,
      0.036,
      0.153,
      0.264,
      0.18,
      0.376,
      0.006,
      0.005,
      0.356,
      0.209,
      0.312
    ],
    [
      0.017,
      0.19,
      0.319,
      1.0,
      0.274,
      0.184,
      0.204,
      -0.045,
      0.138,
      0.129,
      0.057,
      -0.021,
      0.061,
      0.199,
      0.171,
      0.03,
      0.198,
      0.216,
      0.188,
      0.258,
      0.223,
      0.212,
      0.162,
      -0.106,
      0.135,
      0.028,
      0.244,
      -0.134,
      0.301,
      0.179,
      0.211,
      0.296,
      0.027,
      0.165,
      0.251,
      0.309,
      -0.048,
      0.217,
      0.185,
      0.124,
      0.161,
      0.17,
      0.199,
      0.221,
      0.228,
      0.252,
      0.23,
      0.309,
      0.288,
      0.337,
      0.285,
      0.047,
      0.229,
      0.278,
      0.087,
      0.248,
      0.328,
      0.184,
      0.054,
      0.205,
      0.243,
      0.178
    ],
    [
      0.033,
      0.263,
      0.374,
      0.274,
      1.0,
      0.073,
      0.361,
      0.034,
      0.167,
      -0.005,
      -0.119,
      -0.011,
      -0.001,
      0.18,
      0.07,
      0.101,
      0.084,
      0.236,
      0.262,
      0.124,
      0.406,
      0.262,
      0.132,
      -0.064,
      0.161,
      0.098,
      0.109,
      -0.025,
      0.264,
      0.177,
      0.268,
      0.151,
      0.053,
      0.275,
      0.442,
      0.179,
      0.05,
      0.291,
      0.198,
      0.227,
      0.181,
      0.3,
      0.196,
      0.345,
      0.144,
      0.223,
      0.272,
      0.186,
      0.163,
      0.165,
      0.289,
      0.115,
      0.126,
      0.195,
      0.198,
      0.338,
      0.182,
      0.047,
      0.069,
      0.1,
      0.175,
      0.09
    ],
    [
      -0.04,
      0.145,
      0.093,
      0.184,
      0.073,
      1.0,
      0.067,
      -0.028,
      0.039,
      -0.123,
      -0.021,
      0.06,
      0.162,
      0.017,
      0.141,
      0.154,
      0.068,
      0.163,
      -0.007,
      0.05,
      0.052,
      0.03,
      0.108,
      -0.162,
      0.133,
      0.007,
      0.082,
      -0.154,
      0.043,
      0.105,
      0.021,
      0.138,
      0.216,
      0.14,
      0.112,
      0.182,
      0.022,
      0.063,
      0.002,
      0.149,
      0.109,
      0.013,
      0.063,
      0.098,
      0.216,
      0.014,
      0.177,
      0.261,
      0.173,
      0.154,
      0.089,
      0.039,
      0.051,
      0.161,
      0.063,
      0.015,
      0.054,
      0.333,
      0.06,
      0.001,
      0.151,
      -0.012
    ],
    [
      -0.037,
      0.279,
      0.464,
      0.204,
      0.361,
      0.067,
      1.0,
      0.057,
      0.089,
      0.042,
      -0.077,
      -0.019,
      0.06,
      0.239,
      0.264,
      0.186,
      0.308,
      0.163,
      0.486,
      0.234,
      0.323,
      0.434,
      0.206,
      -0.152,
      0.229,
      0.079,
      0.104,
      -0.077,
      0.702,
      0.231,
      0.306,
      0.23,
      0.106,
      0.255,
      0.244,
      0.156,
      0.03,
      0.285,
      0.231,
      0.037,
      0.274,
      0.354,
      0.281,
      0.259,
      0.192,
      0.299,
      0.29,
      0.267,
      0.128,
      0.187,
      0.254,
      -0.028,
      0.139,
      0.182,
      0.333,
      0.434,
      0.203,
      0.135,
      0.085,
      0.193,
      0.281,
      0.174
    ],
    [
      -0.016,
      0.09,
      0.082,
      -0.045,
      0.034,
      -0.028,
      0.057,
      1.0,
      0.121,
      -0.054,
      0.091,
      -0.039,
      0.104,
      0.013,
      0.05,
      0.05,
      0.02,
      0.057,
      0.106,
      -0.029,
      0.117,
      0.06,
      0.028,
      -0.092,
      0.143,
      -0.046,
      0.001,
      -0.073,
      0.029,
      0.061,
      -0.009,
      0.064,
      0.154,
      0.112,
      0.019,
      0.005,
      0.055,
      0.036,
      0.044,
      0.015,
      -0.012,
      0.079,
      0.075,
      0.108,
      0.2,
      0.015,
      0.079,
      0.053,
      0.018,
      -0.012,
      0.085,
      0.043,
      -0.018,
      0.044,
      0.103,
      0.045,
      0.01,
      0.044,
      -0.009,
      0.131,
      0.016,
      -0.108
    ],
    [
      0.024,
      0.123,
      0.099,
      0.138,
      0.167,
      0.039,
      0.089,
      0.121,
      1.0,
      -0.03,
      0.041,
      0.092,
      0.079,
      -0.053,
      0.085,
      0.156,
      0.033,
      0.134,
      0.138,
      0.003,
      0.124,
      0.142,
      0.102,
      -0.115,
      0.236,
      0.062,
      0.038,
      -0.047,
      0.037,
      0.191,
      0.067,
      0.159,
      0.131,
      0.296,
      0.103,
      0.13,
      0.233,
      0.117,
      0.014,
      0.049,
      0.128,
      0.102,
      0.024,
      0.156,
      0.05,
      0.089,
      0.239,
      0.154,
      0.057,
      0.049,
      0.182,
      0.067,
      0.074,
      -0.002,
      0.098,
      0.194,
      0.096,
      0.063,
      0.179,
      0.163,
      0.084,
      -0.036
    ],
    [
      -0.023,
      -0.143,
      0.187,
      0.129,
      -0.005,
      -0.123,
      0.042,
      -0.054,
      -0.03,
      1.0,
      0.105,
      -0.037,
      -0.068,
      0.375,
      0.194,
      -0.115,
      0.356,
      0.109,
      -0.103,
      0.215,
      -0.198,
      0.228,
      -0.036,
      0.103,
      -0.021,
      -0.032,
      0.049,
      0.024,
      0.129,
      -0.071,
      0.138,
      -0.102,
      -0.035,
      -0.122,
      0.17,
      -0.027,
      -0.046,
      0.34,
      0.287,
      0.036,
      0.035,
      0.065,
      0.159,
      -0.138,
      0.004,
      0.429,
      -0.118,
      -0.127,
      0.122,
      0.013,
      -0.059,
      -0.036,
      0.007,
      -0.039,
      -0.006,
      -0.062,
      0.332,
      -0.086,
      -0.026,
      0.147,
      0.001,
      0.349
    ],
    [
      0.202,
      -0.02,
      -0.016,
      0.057,
      -0.119,
      -0.021,
      -0.077,
      0.091,
      0.041,
      0.105,
      1.0,
      0.156,
      -0.083,
      -0.033,
      -0.014,
      0.171,
      0.032,
      0.07,
      -0.015,
      -0.022,
      -0.026,
      -0.017,
      -0.033,
      -0.019,
      -0.157,
      0.007,
      -0.061,
      0.041,
      -0.048,
      -0.054,
      -0.109,
      -0.023,
      0.034,
      -0.068,
      0.007,
      -0.039,
      0.133,
      -0.108,
      -0.083,
      0.025,
      -0.075,
      -0.107,
      0.15,
      -0.066,
      0.052,
      -0.051,
      -0.08,
      -0.081,
      0.02,
      -0.022,
      -0.031,
      -0.117,
      0.009,
      -0.155,
      -0.136,
      -0.086,
      -0.026,
      -0.068,
      -0.039,
      0.257,
      -0.043,
      0.011
    ],
    [
      0.02,
      -0.091,
      -0.039,
      -0.021,
      -0.011,
      0.06,
      -0.019,
      -0.039,
      0.092,
      -0.037,
      0.156,
      1.0,
      0.012,
      -0.094,
      0.047,
      0.092,
      -0.09,
      0.009,
      -0.013,
      0.087,
      -0.025,
      -0.013,
      0.028,
      -0.022,
      -0.041,
      0.08,
      -0.013,
      0.033,
      -0.026,
      -0.024,
      -0.095,
      -0.051,
      0.072,
      -0.072,
      -0.013,
      -0.107,
      0.067,
      -0.111,
      -0.085,
      0.095,
      0.053,
      -0.207,
      -0.02,
      -0.155,
      -0.03,
      0.001,
      -0.001,
      0.004,
      -0.065,
      0.001,
      -0.166,
      -0.043,
      -0.046,
      -0.003,
      -0.029,
      -0.058,
      -0.058,
      -0.011,
      0.037,
      0.111,
      0.0,
      -0.081
    ],
    [
      -0.055,
      0.121,
      0.013,
      0.061,
      -0.001,
      0.162,
      0.06,
      0.104,
      0.079,
      -0.068,
      -0.083,
      0.012,
      1.0,
      -0.202,
      -0.001,
      0.07,
      -0.078,
      0.146,
      0.178,
      -0.023,
      0.086,
      0.056,
      0.102,
      -0.091,
      0.205,
      0.018,
      0.08,
      0.022,
      0.058,
      0.226,
      0.038,
      0.194,
      0.159,
      0.136,
      -0.154,
      0.223,
      0.127,
      -0.162,
      -0.193,
      -0.065,
      0.113,
      -0.138,
      0.095,
      -0.005,
      0.145,
      -0.054,
      0.176,
      0.268,
      -0.055,
      0.278,
      0.061,
      0.056,
      0.064,
      0.174,
      0.147,
      0.052,
      -0.041,
      0.335,
      0.104,
      -0.007,
      0.137,
      -0.188
    ],
    [
      -0.004,
      0.082,
      0.336,
      0.199,
      0.18,
      0.017,
      0.239,
      0.013,
      -0.053,
      0.375,
      -0.033,
      -0.094,
      -0.202,
      1.0,
      0.223,
      -0.066,
      0.337,
      0.188,
      0.002,
      0.21,
      0.113,
      0.144,
      0.021,
      0.077,
      0.009,
      -0.041,
      0.133,
      0.03,
      0.305,
      -0.059,
      0.207,
      0.068,
      0.006,
      0.077,
      0.132,
      0.003,
      -0.088,
      0.517,
      0.567,
      0.065,
      0.064,
      0.312,
      0.143,
      0.179,
      -0.078,
      0.526,
      -0.007,
      -0.109,
      0.247,
      0.051,
      0.172,
      0.042,
      0.135,
      0.018,
      0.01,
      0.162,
      0.412,
      -0.125,
      -0.045,
      0.139,
      0.097,
      0.683
    ],
    [
      -0.103,
      -0.083,
      0.308,
      0.171,
      0.07,
      0.141,
      0.264,
      0.05,
      0.085,
      0.194,
      -0.014,
      0.047,
      -0.001,
      0.223,
      1.0,
      -0.062,
      0.496,
      0.086,
      -0.05,
      0.353,
      0.087,
      0.22,
      0.021,
      -0.054,
      -0.034,
      -0.114,
      0.081,
      -0.079,
      0.267,
      -0.074,
      0.158,
      0.064,
      0.044,
      -0.02,
      0.026,
      0.061,
      -0.017,
      0.316,
      0.134,
      0.125,
      0.159,
      -0.019,
      -0.015,
      -0.113,
      0.076,
      0.316,
      -0.05,
      0.022,
      0.141,
      0.132,
      -0.055,
      0.057,
      -0.032,
      -0.083,
      -0.04,
      -0.103,
      0.303,
      -0.094,
      -0.023,
      0.118,
      0.06,
      0.294
    ],
    [
      0.0,
      0.277,
      0.002,
      0.03,
      0.101,
      0.154,
      0.186,
      0.05,
      0.156,
      -0.115,
      0.171,
      0.092,
      0.07,
      -0.066,
      -0.062,
      1.0,
      -0.128,
      0.048,
      0.237,
      -0.03,
      0.209,
      0.19,
      0.183,
      -0.076,
      0.174,
      0.154,
      0.126,
      0.097,
      0.05,
      0.156,
      0.051,
      0.246,
      0.103,
      0.289,
      0.145,
      0.135,
      0.174,
      -0.143,
      -0.015,
      0.048,
      0.091,
      0.086,
      0.126,
      0.2,
      0.19,
      -0.012,
      0.228,
      0.224,
      0.014,
      0.093,
      0.2,
      0.158,
      0.249,
      0.094,
      0.054,
      0.172,
      -0.217,
      0.168,
      0.03,
      0.026,
      0.074,
      -0.151
    ],
    [
      0.071,
      -0.065,
      0.356,
      0.198,
      0.084,
      0.068,
      0.308,
      0.02,
      0.033,
      0.356,
      0.032,
      -0.09,
      -0.078,
      0.337,
      0.496,
      -0.128,
      1.0,
      0.182,
      0.017,
      0.322,
      0.024,
      0.261,
      0.059,
      0.001,
      0.027,
      -0.097,
      0.025,
      -0.078,
      0.381,
      -0.063,
      0.143,
      0.1,
      -0.05,
      -0.026,
      0.06,
      0.143,
      -0.104,
      0.416,
      0.325,
      0.118,
      0.149,
      0.112,
      0.085,
      -0.074,
      0.107,
      0.459,
      -0.023,
      -0.011,
      0.201,
      0.086,
      -0.006,
      -0.024,
      -0.065,
      -0.054,
      0.099,
      0.029,
      0.481,
      -0.074,
      -0.04,
      0.256,
      0.06,
      0.411
    ],
    [
      0.071,
      0.173,
      0.205,
      0.216,
      0.236,
      0.163,
      0.163,
      0.057,
      0.134,
      0.109,
      0.07,
      0.009,
      0.146,
      0.188,
      0.086,
      0.048,
      0.182,
      1.0,
      0.081,
      0.075,
      0.22,
      0.133,
      0.147,
      -0.281,
      0.185,
      0.055,
      0.284,
      -0.176,
      0.13,
      0.173,
      0.098,
      0.249,
      0.072,
      0.204,
      0.178,
      0.203,
      0.009,
      0.226,
      0.093,
      0.082,
      0.054,
      0.142,
      0.063,
      0.093,
      0.274,
      0.094,
      0.294,
      0.259,
      0.09,
      0.206,
      0.249,
      0.046,
      0.058,
      0.191,
      0.027,
      0.124,
      0.101,
      0.253,
      0.036,
      0.088,
      0.255,
      0.125
    ],
    [
      0.039,
      0.259,
      0.239,
      0.188,
      0.262,
      -0.007,
      0.486,
      0.106,
      0.138,
      -0.103,
      -0.015,
      -0.013,
      0.178,
      0.002,
      -0.05,
      0.237,
      0.017,
      0.081,
      1.0,
      0.083,
      0.237,
      0.35,
      0.138,
      -0.13,
      0.181,
      0.149,
      0.08,
      -0.098,
      0.313,
      0.321,
      0.16,
      0.265,
      0.077,
      0.247,
      0.226,
      0.179,
      0.119,
      -0.068,
      0.059,
      -0.016,
      0.202,
      0.171,
      0.227,
      0.197,
      0.165,
      0.068,
      0.297,
      0.282,
      0.007,
      0.183,
      0.231,
      0.076,
      0.188,
      0.145,
      0.347,
      0.39,
      0.036,
      0.168,
      0.045,
      0.218,
      0.109,
      -0.065
    ],
    [
      -0.088,
      -0.087,
      0.279,
      0.258,
      0.124,
      0.05,
      0.234,
      -0.029,
      0.003,
      0.215,
      -0.022,
      0.087,
      -0.023,
      0.21,
      0.353,
      -0.03,
      0.322,
      0.075,
      0.083,
      1.0,
      0.097,
      0.163,
      0.007,
      0.005,
      0.049,
      -0.024,
      0.038,
      -0.033,
      0.205,
      0.061,
      0.109,
      0.063,
      -0.005,
      -0.092,
      0.034,
      0.109,
      0.059,
      0.15,
      0.254,
      0.125,
      0.21,
      -0.026,
      0.069,
      -0.041,
      0.134,
      0.365,
      0.085,
      0.134,
      0.215,
      0.149,
      0.01,
      0.11,
      -0.016,
      -0.089,
      0.1,
      -0.059,
      0.299,
      0.036,
      0.045,
      0.247,
      0.102,
      0.243
    ],
    [
      0.034,
      0.289,
      0.23,
      0.223,
      0.406,
      0.052,
      0.323,
      0.117,
      0.124,
      -0.198,
      -0.026,
      -0.025,
      0.086,
      0.113,
      0.087,
      0.209,
      0.024,
      0.22,
      0.237,
      0.097,
      1.0,
      0.172,
      0.104,
      -0.137,
      0.201,
      0.021,
      0.115,
      -0.079,
      0.207,
      0.241,
      0.215,
      0.133,
      0.128,
      0.258,
      0.213,
      0.181,
      0.108,
      0.089,
      0.105,
      0.113,
      0.114,
      0.265,
      0.116,
      0.27,
      0.217,
      0.111,
      0.29,
      0.157,
      0.067,
      0.088,
      0.248,
      0.089,
      0.191,
      0.205,
      0.075,
      0.382,
      -0.013,
      0.129,
      0.076,
      0.111,
      0.219,
      0.083
    ],
    [
      -0.029,
      0.279,
      0.401,
      0.212,
      0.262,
      0.03,
      0.434,
      0.06,
      0.142,
      0.228,
      -0.017,
      -0.013,
      0.056,
      0.144,
      0.22,
      0.19,
      0.261,
      0.133,
      0.35,
      0.163,
      0.172,
      1.0,
      0.159,
      -0.117,
      0.248,
      0.144,
      0.157,
      -0.051,
      0.322,
      0.261,
      0.327,
      0.26,
      0.226,
      0.229,
      0.227,
      0.144,
      0.131,
      0.118,
      0.134,
      0.032,
      0.329,
      0.229,
      0.281,
      0.225,
      0.201,
      0.212,
      0.248,
      0.192,
      0.136,
      0.132,
      0.338,
      0.056,
      0.266,
      0.127,
      0.316,
      0.334,
      0.124,
      0.127,
      0.082,
      0.301,
      0.194,
      0.084
    ],
    [
      0.004,
      0.394,
      0.091,
      0.162,
      0.132,
      0.108,
      0.206,
      0.028,
      0.102,
      -0.036,
      -0.033,
      0.028,
      0.102,
      0.021,
      0.021,
      0.183,
      0.059,
      0.147,
      0.138,
      0.007,
      0.104,
      0.159,
      1.0,
      -0.189,
      0.263,
      0.094,
      0.277,
      -0.146,
      0.02,
      0.297,
      0.042,
      0.375,
      0.128,
      0.473,
      0.226,
      0.184,
      0.031,
      0.131,
      0.107,
      -0.01,
      -0.082,
      0.214,
      0.152,
      0.31,
      0.335,
      0.041,
      0.379,
      0.351,
      0.044,
      0.192,
      0.417,
      0.031,
      0.115,
      0.319,
      0.032,
      0.234,
      0.071,
      0.21,
      0.103,
      0.087,
      0.24,
      -0.015
    ],
    [
      -0.104,
      -0.155,
      -0.117,
      -0.106,
      -0.064,
      -0.162,
      -0.152,
      -0.092,
      -0.115,
      0.103,
      -0.019,
      -0.022,
      -0.091,
      0.077,
      -0.054,
      -0.076,
      0.001,
      -0.281,
      -0.13,
      0.005,
      -0.137,
      -0.117,
      -0.189,
      1.0,
      -0.235,
      -0.09,
      -0.204,
      0.391,
      -0.042,
      -0.198,
      0.019,
      -0.197,
      -0.127,
      -0.196,
      -0.142,
      -0.156,
      -0.1,
      -0.042,
      0.014,
      0.012,
      0.076,
      -0.041,
      -0.09,
      -0.137,
      -0.27,
      -0.023,
      -0.4,
      -0.38,
      -0.035,
      -0.146,
      -0.215,
      -0.063,
      -0.135,
      -0.21,
      -0.086,
      -0.145,
      0.091,
      -0.285,
      -0.01,
      -0.052,
      -0.215,
      0.077
    ],
    [
      0.092,
      0.36,
      0.211,
      0.135,
      0.161,
      0.133,
      0.229,
      0.143,
      0.236,
      -0.021,
      -0.157,
      -0.041,
      0.205,
      0.009,
      -0.034,
      0.174,
      0.027,
      0.185,
      0.181,
      0.049,
      0.201,
      0.248,
      0.263,
      -0.235,
      1.0,
      0.099,
      0.292,
      -0.136,
      0.153,
      0.439,
      0.086,
      0.441,
      0.26,
      0.322,
      0.107,
      0.251,
      0.144,
      0.006,
      0.072,
      -0.094,
      0.181,
      0.082,
      0.127,
      0.256,
      0.36,
      0.035,
      0.483,
      0.413,
      -0.081,
      0.269,
      0.461,
      0.071,
      0.069,
      0.229,
      0.182,
      0.2,
      0.071,
      0.439,
      0.216,
      0.138,
      0.366,
      -0.084
    ],
    [
      -0.045,
      0.087,
      0.066,
      0.028,
      0.098,
      0.007,
      0.079,
      -0.046,
      0.062,
      -0.032,
      0.007,
      0.08,
      0.018,
      -0.041,
      -0.114,
      0.154,
      -0.097,
      0.055,
      0.149,
      -0.024,
      0.021,
      0.144,
      0.094,
      -0.09,
      0.099,
      1.0,
      -0.038,
      0.013,
      -0.037,
      0.036,
      0.046,
      0.078,
      -0.011,
      0.093,
      0.049,
      0.032,
      0.083,
      -0.045,
      -0.086,
      -0.016,
      0.081,
      0.062,
      0.04,
      0.031,
      -0.078,
      -0.046,
      0.065,
      0.122,
      -0.062,
      0.004,
      0.036,
      0.041,
      0.095,
      0.058,
      0.084,
      0.096,
      -0.081,
      0.052,
      -0.044,
      -0.089,
      -0.002,
      -0.062
    ],
    [
      0.121,
      0.245,
      0.052,
      0.244,
      0.109,
      0.082,
      0.104,
      0.001,
      0.038,
      0.049,
      -0.061,
      -0.013,
      0.08,
      0.133,
      0.081,
      0.126,
      0.025,
      0.284,
      0.08,
      0.038,
      0.115,
      0.157,
      0.277,
      -0.204,
      0.292,
      -0.038,
      1.0,
      -0.129,
      0.11,
      0.178,
      0.134,
      0.293,
      0.132,
      0.262,
      0.133,
      0.289,
      -0.087,
      0.12,
      0.126,
      0.014,
      -0.137,
      0.075,
      0.084,
      0.208,
      0.331,
      0.018,
      0.284,
      0.204,
      -0.055,
      0.168,
      0.213,
      0.1,
      0.165,
      0.351,
      -0.027,
      0.08,
      -0.026,
      0.284,
      0.041,
      0.019,
      0.298,
      0.057
    ],
    [
      -0.079,
      -0.11,
      -0.056,
      -0.134,
      -0.025,
      -0.154,
      -0.077,
      -0.073,
      -0.047,
      0.024,
      0.041,
      0.033,
      0.022,
      0.03,
      -0.079,
      0.097,
      -0.078,
      -0.176,
      -0.098,
      -0.033,
      -0.079,
      -0.051,
      -0.146,
      0.391,
      -0.136,
      0.013,
      -0.129,
      1.0,
      0.046,
      -0.187,
      -0.057,
      -0.143,
      -0.086,
      -0.151,
      -0.133,
      -0.085,
      -0.1,
      -0.079,
      -0.02,
      0.051,
      0.064,
      -0.064,
      -0.03,
      -0.155,
      -0.219,
      -0.067,
      -0.231,
      -0.297,
      -0.019,
      -0.068,
      -0.163,
      -0.057,
      -0.038,
      -0.145,
      0.01,
      -0.052,
      -0.122,
      -0.258,
      -0.064,
      -0.095,
      -0.229,
      -0.025
    ],
    [
      -0.05,
      0.066,
      0.466,
      0.301,
      0.264,
      0.043,
      0.702,
      0.029,
      0.037,
      0.129,
      -0.048,
      -0.026,
      0.058,
      0.305,
      0.267,
      0.05,
      0.381,
      0.13,
      0.313,
      0.205,
      0.207,
      0.322,
      0.02,
      -0.042,
      0.153,
      -0.037,
      0.11,
      0.046,
      1.0,
      0.111,
      0.285,
      0.14,
      0.014,
      0.044,
      0.137,
      0.119,
      -0.062,
      0.281,
      0.179,
      0.029,
      0.3,
      0.217,
      0.224,
      0.074,
      0.062,
      0.302,
      0.181,
      0.208,
      0.181,
      0.191,
      0.075,
      -0.075,
      0.037,
      0.116,
      0.263,
      0.285,
      0.269,
      0.046,
      0.053,
      0.241,
      0.162,
      0.232
    ],
    [
      0.009,
      0.439,
      0.159,
      0.179,
      0.177,
      0.105,
      0.231,
      0.061,
      0.191,
      -0.071,
      -0.054,
      -0.024,
      0.226,
      -0.059,
      -0.074,
      0.156,
      -0.063,
      0.173,
      0.321,
      0.061,
      0.241,
      0.261,
      0.297,
      -0.198,
      0.439,
      0.036,
      0.178,
      -0.187,
      0.111,
      1.0,
      0.156,
      0.454,
      0.245,
      0.442,
      0.26,
      0.314,
      0.09,
      0.011,
      -0.037,
      -0.068,
      0.129,
      0.124,
      0.191,
      0.418,
      0.407,
      -0.06,
      0.678,
      0.586,
      -0.025,
      0.305,
      0.53,
      0.148,
      0.187,
      0.228,
      0.183,
      0.339,
      -0.002,
      0.47,
      0.163,
      0.165,
      0.361,
      -0.124
    ],
    [
      0.01,
      0.126,
      0.285,
      0.211,
      0.268,
      0.021,
      0.306,
      -0.009,
      0.067,
      0.138,
      -0.109,
      -0.095,
      0.038,
      0.207,
      0.158,
      0.051,
      0.143,
      0.098,
      0.16,
      0.109,
      0.215,
      0.327,
      0.042,
      0.019,
      0.086,
      0.046,
      0.134,
      -0.057,
      0.285,
      0.156,
      1.0,
      0.171,
      0.095,
      0.13,
      0.22,
      0.195,
      -0.005,
      0.227,
      0.201,
      0.063,
      0.242,
      0.263,
      0.184,
      0.185,
      0.094,
      0.258,
      0.216,
      0.182,
      0.146,
      0.158,
      0.236,
      0.063,
      0.194,
      0.13,
      0.174,
      0.178,
      0.223,
      0.065,
      0.12,
      0.162,
      0.219,
      0.13
    ],
    [
      0.113,
      0.443,
      0.127,
      0.296,
      0.151,
      0.138,
      0.23,
      0.064,
      0.159,
      -0.102,
      -0.023,
      -0.051,
      0.194,
      0.068,
      0.064,
      0.246,
      0.1,
      0.249,
      0.265,
      0.063,
      0.133,
      0.26,
      0.375,
      -0.197,
      0.441,
      0.078,
      0.293,
      -0.143,
      0.14,
      0.454,
      0.171,
      1.0,
      0.149,
      0.427,
      0.127,
      0.395,
      0.004,
      0.087,
      0.052,
      -0.085,
      0.098,
      0.147,
      0.153,
      0.348,
      0.405,
      -0.007,
      0.546,
      0.485,
      -0.005,
      0.36,
      0.505,
      0.092,
      0.168,
      0.332,
      0.2,
      0.206,
      0.018,
      0.401,
      0.13,
      0.128,
      0.344,
      0.003
    ],
    [
      -0.013,
      0.247,
      0.069,
      0.027,
      0.053,
      0.216,
      0.106,
      0.154,
      0.131,
      -0.035,
      0.034,
      0.072,
      0.159,
      0.006,
      0.044,
      0.103,
      -0.05,
      0.072,
      0.077,
      -0.005,
      0.128,
      0.226,
      0.128,
      -0.127,
      0.26,
      -0.011,
      0.132,
      -0.086,
      0.014,
      0.245,
      0.095,
      0.149,
      1.0,
      0.187,
      0.146,
      0.176,
      0.209,
      -0.018,
      -0.033,
      0.025,
      0.046,
      0.068,
      0.099,
      0.27,
      0.277,
      -0.083,
      0.248,
      0.258,
      -0.039,
      0.139,
      0.246,
      0.145,
      0.122,
      0.158,
      0.03,
      0.138,
      -0.048,
      0.2,
      0.154,
      -0.003,
      0.177,
      -0.048
    ],
    [
      0.014,
      0.763,
      0.138,
      0.165,
      0.275,
      0.14,
      0.255,
      0.112,
      0.296,
      -0.122,
      -0.068,
      -0.072,
      0.136,
      0.077,
      -0.02,
      0.289,
      -0.026,
      0.204,
      0.247,
      -0.092,
      0.258,
      0.229,
      0.473,
      -0.196,
      0.322,
      0.093,
      0.262,
      -0.151,
      0.044,
      0.442,
      0.13,
      0.427,
      0.187,
      1.0,
      0.299,
      0.149,
      0.122,
      0.112,
      0.171,
      -0.04,
      -0.029,
      0.353,
      0.17,
      0.643,
      0.34,
      0.076,
      0.504,
      0.297,
      0.021,
      0.242,
      0.732,
      0.074,
      0.188,
      0.342,
      0.116,
      0.419,
      -0.059,
      0.273,
      0.094,
      0.116,
      0.209,
      0.027
    ],
    [
      0.029,
      0.313,
      0.292,
      0.251,
      0.442,
      0.112,
      0.244,
      0.019,
      0.103,
      0.17,
      0.007,
      -0.013,
      -0.154,
      0.132,
      0.026,
      0.145,
      0.06,
      0.178,
      0.226,
      0.034,
      0.213,
      0.227,
      0.226,
      -0.142,
      0.107,
      0.049,
      0.133,
      -0.133,
      0.137,
      0.26,
      0.22,
      0.127,
      0.146,
      0.299,
      1.0,
      0.19,
      0.004,
      0.296,
      0.161,
      0.084,
      0.128,
      0.347,
      0.3,
      0.298,
      0.233,
      0.066,
      0.298,
      0.238,
      0.11,
      0.035,
      0.304,
      0.077,
      0.072,
      0.207,
      0.078,
      0.306,
      0.093,
      0.022,
      0.02,
      0.203,
      0.115,
      0.002
    ],
    [
      0.072,
      0.197,
      0.154,
      0.309,
      0.179,
      0.182,
      0.156,
      0.005,
      0.13,
      -0.027,
      -0.039,
      -0.107,
      0.223,
      0.003,
      0.061,
      0.135,
      0.143,
      0.203,
      0.179,
      0.109,
      0.181,
      0.144,
      0.184,
      -0.156,
      0.251,
      0.032,
      0.289,
      -0.085,
      0.119,
      0.314,
      0.195,
      0.395,
      0.176,
      0.149,
      0.19,
      1.0,
      0.08,
      0.086,
      0.014,
      -0.033,
      0.1,
      0.049,
      0.128,
      0.21,
      0.342,
      0.076,
      0.395,
      0.43,
      0.16,
      0.236,
      0.234,
      0.08,
      0.124,
      0.317,
      0.222,
      0.136,
      0.032,
      0.393,
      0.116,
      0.08,
      0.342,
      0.001
    ],
    [
      0.131,
      0.116,
      0.133,
      -0.048,
      0.05,
      0.022,
      0.03,
      0.055,
      0.233,
      -0.046,
      0.133,
      0.067,
      0.127,
      -0.088,
      -0.017,
      0.174,
      -0.104,
      0.009,
      0.119,
      0.059,
      0.108,
      0.131,
      0.031,
      -0.1,
      0.144,
      0.083,
      -0.087,
      -0.1,
      -0.062,
      0.09,
      -0.005,
      0.004,
      0.209,
      0.122,
      0.004,
      0.08,
      1.0,
      -0.051,
      -0.342,
      0.014,
      0.041,
      -0.032,
      0.034,
      0.119,
      0.088,
      0.022,
      0.141,
      0.115,
      -0.026,
      0.018,
      0.127,
      0.084,
      0.15,
      0.068,
      0.11,
      0.007,
      -0.023,
      0.134,
      0.038,
      0.095,
      0.113,
      -0.089
    ],
    [
      0.032,
      -0.003,
      0.31,
      0.217,
      0.291,
      0.063,
      0.285,
      0.036,
      0.117,
      0.34,
      -0.108,
      -0.111,
      -0.162,
      0.517,
      0.316,
      -0.143,
      0.416,
      0.226,
      -0.068,
      0.15,
      0.089,
      0.118,
      0.131,
      -0.042,
      0.006,
      -0.045,
      0.12,
      -0.079,
      0.281,
      0.011,
      0.227,
      0.087,
      -0.018,
      0.112,
      0.296,
      0.086,
      -0.051,
      1.0,
      0.392,
      0.186,
      0.061,
      0.379,
      0.108,
      0.132,
      0.01,
      0.353,
      0.1,
      0.008,
      0.182,
      0.104,
      0.137,
      0.058,
      0.135,
      0.141,
      0.041,
      0.211,
      0.457,
      -0.053,
      0.016,
      0.09,
      0.151,
      0.456
    ],
    [
      0.023,
      0.147,
      0.236,
      0.185,
      0.198,
      0.002,
      0.231,
      0.044,
      0.014,
      0.287,
      -0.083,
      -0.085,
      -0.193,
      0.567,
      0.134,
      -0.015,
      0.325,
      0.093,
      0.059,
      0.254,
      0.105,
      0.134,
      0.107,
      0.014,
      0.072,
      -0.086,
      0.126,
      -0.02,
      0.179,
      -0.037,
      0.201,
      0.052,
      -0.033,
      0.171,
      0.161,
      0.014,
      -0.342,
      0.392,
      1.0,
      0.073,
      0.059,
      0.293,
      0.206,
      0.187,
      0.013,
      0.457,
      0.025,
      -0.063,
      0.256,
      0.116,
      0.22,
      -0.03,
      0.047,
      0.036,
      0.012,
      0.261,
      0.36,
      -0.108,
      -0.017,
      0.122,
      0.046,
      0.487
    ],
    [
      0.096,
      -0.022,
      0.118,
      0.124,
      0.227,
      0.149,
      0.037,
      0.015,
      0.049,
      0.036,
      0.025,
      0.095,
      -0.065,
      0.065,
      0.125,
      0.048,
      0.118,
      0.082,
      -0.016,
      0.125,
      0.113,
      0.032,
      -0.01,
      0.012,
      -0.094,
      -0.016,
      0.014,
      0.051,
      0.029,
      -0.068,
      0.063,
      -0.085,
      0.025,
      -0.04,
      0.084,
      -0.033,
      0.014,
      0.186,
      0.073,
      1.0,
      0.029,
      0.047,
      0.004,
      0.06,
      -0.005,
      0.109,
      -0.04,
      -0.003,
      0.376,
      0.043,
      0.003,
      0.022,
      0.089,
      -0.043,
      -0.097,
      0.054,
      0.065,
      -0.074,
      -0.093,
      0.01,
      -0.048,
      0.027
    ],
    [
      -0.036,
      0.007,
      0.361,
      0.161,
      0.181,
      0.109,
      0.274,
      -0.012,
      0.128,
      0.035,
      -0.075,
      0.053,
      0.113,
      0.064,
      0.159,
      0.091,
      0.149,
      0.054,
      0.202,
      0.21,
      0.114,
      0.329,
      -0.082,
      0.076,
      0.181,
      0.081,
      -0.137,
      0.064,
      0.3,
      0.129,
      0.242,
      0.098,
      0.046,
      -0.029,
      0.128,
      0.1,
      0.041,
      0.061,
      0.059,
      0.029,
      1.0,
      0.041,
      0.118,
      -0.006,
      0.063,
      0.109,
      0.182,
      0.182,
      0.097,
      0.165,
      0.09,
      0.087,
      -0.025,
      -0.089,
      0.285,
      0.166,
      0.16,
      0.067,
      0.064,
      0.152,
      0.15,
      0.073
    ],
    [
      -0.084,
      0.322,
      0.163,
      0.17,
      0.3,
      0.013,
      0.354,
      0.079,
      0.102,
      0.065,
      -0.107,
      -0.207,
      -0.138,
      0.312,
      -0.019,
      0.086,
      0.112,
      0.142,
      0.171,
      -0.026,
      0.265,
      0.229,
      0.214,
      -0.041,
      0.082,
      0.062,
      0.075,
      -0.064,
      0.217,
      0.124,
      0.263,
      0.147,
      0.068,
      0.353,
      0.347,
      0.049,
      -0.032,
      0.379,
      0.293,
      0.047,
      0.041,
      1.0,
      0.177,
      0.405,
      0.113,
      0.163,
      0.175,
      0.029,
      0.087,
      0.093,
      0.386,
      0.026,
      0.206,
      0.259,
      0.145,
      0.649,
      0.133,
      -0.034,
      0.065,
      0.018,
      0.153,
      0.158
    ],
    [
      0.018,
      0.194,
      0.286,
      0.199,
      0.196,
      0.063,
      0.281,
      0.075,
      0.024,
      0.159,
      0.15,
      -0.02,
      0.095,
      0.143,
      -0.015,
      0.126,
      0.085,
      0.063,
      0.227,
      0.069,
      0.116,
      0.281,
      0.152,
      -0.09,
      0.127,
      0.04,
      0.084,
      -0.03,
      0.224,
      0.191,
      0.184,
      0.153,
      0.099,
      0.17,
      0.3,
      0.128,
      0.034,
      0.108,
      0.206,
      0.004,
      0.118,
      0.177,
      1.0,
      0.107,
      0.102,
      0.227,
      0.108,
      0.116,
      0.21,
      0.045,
      0.142,
      -0.077,
      0.069,
      0.161,
      0.1,
      0.238,
      0.146,
      0.056,
      0.03,
      0.358,
      0.091,
      0.124
    ],
    [
      0.064,
      0.712,
      0.076,
      0.221,
      0.345,
      0.098,
      0.259,
      0.108,
      0.156,
      -0.138,
      -0.066,
      -0.155,
      -0.005,
      0.179,
      -0.113,
      0.2,
      -0.074,
      0.093,
      0.197,
      -0.041,
      0.27,
      0.225,
      0.31,
      -0.137,
      0.256,
      0.031,
      0.208,
      -0.155,
      0.074,
      0.418,
      0.185,
      0.348,
      0.27,
      0.643,
      0.298,
      0.21,
      0.119,
      0.132,
      0.187,
      0.06,
      -0.006,
      0.405,
      0.107,
      1.0,
      0.311,
      0.048,
      0.417,
      0.273,
      0.062,
      0.19,
      0.703,
      0.126,
      0.246,
      0.292,
      0.152,
      0.448,
      -0.049,
      0.212,
      0.183,
      0.048,
      0.278,
      0.03
    ],
    [
      0.071,
      0.346,
      0.14,
      0.228,
      0.144,
      0.216,
      0.192,
      0.2,
      0.05,
      0.004,
      0.052,
      -0.03,
      0.145,
      -0.078,
      0.076,
      0.19,
      0.107,
      0.274,
      0.165,
      0.134,
      0.217,
      0.201,
      0.335,
      -0.27,
      0.36,
      -0.078,
      0.331,
      -0.219,
      0.062,
      0.407,
      0.094,
      0.405,
      0.277,
      0.34,
      0.233,
      0.342,
      0.088,
      0.01,
      0.013,
      -0.005,
      0.063,
      0.113,
      0.102,
      0.311,
      1.0,
      -0.005,
      0.443,
      0.422,
      -0.011,
      0.352,
      0.431,
      0.117,
      0.077,
      0.346,
      0.215,
      0.237,
      0.04,
      0.366,
      0.051,
      0.125,
      0.33,
      -0.075
    ],
    [
      -0.024,
      -0.002,
      0.409,
      0.252,
      0.223,
      0.014,
      0.299,
      0.015,
      0.089,
      0.429,
      -0.051,
      0.001,
      -0.054,
      0.526,
      0.316,
      -0.012,
      0.459,
      0.094,
      0.068,
      0.365,
      0.111,
      0.212,
      0.041,
      -0.023,
      0.035,
      -0.046,
      0.018,
      -0.067,
      0.302,
      -0.06,
      0.258,
      -0.007,
      -0.083,
      0.076,
      0.066,
      0.076,
      0.022,
      0.353,
      0.457,
      0.109,
      0.109,
      0.163,
      0.227,
      0.048,
      -0.005,
      1.0,
      -0.023,
      -0.035,
      0.271,
      0.034,
      0.095,
      0.093,
      0.009,
      0.049,
      0.099,
      0.107,
      0.421,
      -0.08,
      0.047,
      0.219,
      0.083,
      0.526
    ],
    [
      0.047,
      0.51,
      0.227,
      0.23,
      0.272,
      0.177,
      0.29,
      0.079,
      0.239,
      -0.118,
      -0.08,
      -0.001,
      0.176,
      -0.007,
      -0.05,
      0.228,
      -0.023,
      0.294,
      0.297,
      0.085,
      0.29,
      0.248,
      0.379,
      -0.4,
      0.483,
      0.065,
      0.284,
      -0.231,
      0.181,
      0.678,
      0.216,
      0.546,
      0.248,
      0.504,
      0.298,
      0.395,
      0.141,
      0.1,
      0.025,
      -0.04,
      0.182,
      0.175,
      0.108,
      0.417,
      0.443,
      -0.023,
      1.0,
      0.695,
      -0.012,
      0.325,
      0.617,
      0.156,
      0.189,
      0.331,
      0.216,
      0.35,
      -0.055,
      0.524,
      0.17,
      0.167,
      0.422,
      -0.081
    ],
    [
      0.031,
      0.379,
      0.196,
      0.309,
      0.186,
      0.261,
      0.267,
      0.053,
      0.154,
      -0.127,
      -0.081,
      0.004,
      0.268,
      -0.109,
      0.022,
      0.224,
      -0.011,
      0.259,
      0.282,
      0.134,
      0.157,
      0.192,
      0.351,
      -0.38,
      0.413,
      0.122,
      0.204,
      -0.297,
      0.208,
