{
  "meta": {
    "generated_at": "2026-06-12T11:14:43+00:00",
    "n_tickers": 62,
    "n_clusters": 0,
    "redundant_threshold": 0.75
  },
  "tickers": [
    "NTO",
    "ABBNE",
    "ABNB",
    "ADYEN",
    "AMZN",
    "BFIT",
    "BN",
    "CBAV",
    "CELH",
    "CHKP",
    "COR",
    "COST",
    "CPR",
    "CRWD",
    "CSU",
    "DNP",
    "DSGX",
    "EVD",
    "FERG",
    "FICO",
    "GOOG",
    "GRMN",
    "HLMA",
    "IPCO",
    "ITX",
    "JDG",
    "JFN",
    "KIST",
    "KKR",
    "KRX",
    "KSPI",
    "LIFCO B",
    "LOTB",
    "LR",
    "META",
    "MIPS",
    "MNST",
    "MSFT",
    "NET",
    "NFLX",
    "NKE",
    "NVDA",
    "OTLY",
    "PRY",
    "RAA",
    "S",
    "SGO",
    "SIKA",
    "SPOT",
    "STMN",
    "SU",
    "TFF",
    "TFPM",
    "TGYM",
    "TREX",
    "TSM",
    "VEEV",
    "VID",
    "VRLA",
    "VLTO",
    "WOSG",
    "ZS"
  ],
  "matrix_1y": [
    [
      1.0,
      0.077,
      -0.139,
      0.014,
      0.035,
      -0.041,
      -0.039,
      -0.015,
      0.025,
      -0.025,
      0.2,
      0.011,
      -0.054,
      0.003,
      -0.1,
      -0.012,
      0.073,
      0.065,
      0.038,
      -0.091,
      0.033,
      -0.038,
      0.007,
      -0.089,
      0.085,
      -0.037,
      0.122,
      -0.082,
      -0.055,
      -0.008,
      0.006,
      0.109,
      -0.018,
      0.009,
      0.033,
      0.068,
      0.122,
      0.036,
      0.028,
      0.103,
      -0.042,
      -0.079,
      0.013,
      0.057,
      0.063,
      -0.019,
      0.045,
      0.036,
      0.073,
      -0.02,
      0.085,
      -0.005,
      -0.048,
      0.065,
      -0.137,
      0.007,
      0.038,
      0.069,
      -0.112,
      0.153,
      0.005,
      -0.016
    ],
    [
      0.077,
      1.0,
      0.166,
      0.186,
      0.267,
      0.151,
      0.283,
      0.101,
      0.124,
      -0.136,
      -0.024,
      -0.091,
      0.124,
      0.075,
      -0.079,
      0.275,
      -0.065,
      0.172,
      0.259,
      -0.081,
      0.29,
      0.293,
      0.401,
      -0.165,
      0.366,
      0.075,
      0.248,
      -0.104,
      0.071,
      0.444,
      0.128,
      0.445,
      0.256,
      0.761,
      0.317,
      0.194,
      0.126,
      0.001,
      0.148,
      -0.015,
      0.021,
      0.329,
      0.205,
      0.715,
      0.345,
      -0.001,
      0.511,
      0.376,
      0.068,
      0.258,
      0.792,
      0.077,
      0.151,
      0.305,
      0.183,
      0.451,
      -0.141,
      0.281,
      0.105,
      0.099,
      0.317,
      -0.044
    ],
    [
      -0.139,
      0.166,
      1.0,
      0.31,
      0.368,
      0.106,
      0.47,
      0.104,
      0.106,
      0.195,
      -0.018,
      -0.03,
      0.022,
      0.33,
      0.323,
      0.017,
      0.361,
      0.195,
      0.231,
      0.285,
      0.225,
      0.419,
      0.081,
      -0.118,
      0.214,
      0.016,
      0.045,
      -0.032,
      0.471,
      0.174,
      0.285,
      0.127,
      0.092,
      0.138,
      0.281,
      0.158,
      0.143,
      0.302,
      0.229,
      0.112,
      0.377,
      0.156,
      0.292,
      0.088,
      0.143,
      0.407,
      0.223,
      0.19,
      0.212,
      0.222,
      0.239,
      0.046,
      0.001,
      0.137,
      0.273,
      0.173,
      0.373,
      0.016,
      0.01,
      0.371,
      0.221,
      0.308
    ],
    [
      0.014,
      0.186,
      0.31,
      1.0,
      0.281,
      0.199,
      0.208,
      -0.026,
      0.135,
      0.135,
      0.056,
      -0.026,
      0.074,
      0.203,
      0.195,
      0.029,
      0.21,
      0.207,
      0.182,
      0.263,
      0.221,
      0.228,
      0.169,
      -0.108,
      0.143,
      0.003,
      0.251,
      -0.124,
      0.3,
      0.176,
      0.217,
      0.3,
      0.046,
      0.158,
      0.25,
      0.32,
      -0.047,
      0.221,
      0.184,
      0.138,
      0.178,
      0.178,
      0.203,
      0.224,
      0.234,
      0.254,
      0.231,
      0.308,
      0.293,
      0.354,
      0.279,
      0.06,
      0.201,
      0.277,
      0.091,
      0.258,
      0.332,
      0.192,
      0.052,
      0.204,
      0.25,
      0.172
    ],
    [
      0.035,
      0.267,
      0.368,
      0.281,
      1.0,
      0.086,
      0.363,
      0.035,
      0.178,
      0.001,
      -0.121,
      -0.007,
      0.002,
      0.175,
      0.068,
      0.108,
      0.084,
      0.232,
      0.258,
      0.126,
      0.404,
      0.266,
      0.125,
      -0.063,
      0.162,
      0.072,
      0.102,
      -0.015,
      0.266,
      0.188,
      0.261,
      0.152,
      0.058,
      0.276,
      0.438,
      0.18,
      0.056,
      0.287,
      0.198,
      0.225,
      0.183,
      0.297,
      0.201,
      0.35,
      0.145,
      0.222,
      0.276,
      0.2,
      0.163,
      0.17,
      0.287,
      0.115,
      0.115,
      0.199,
      0.197,
      0.336,
      0.179,
      0.065,
      0.071,
      0.11,
      0.181,
      0.092
    ],
    [
      -0.041,
      0.151,
      0.106,
      0.199,
      0.086,
      1.0,
      0.071,
      -0.029,
      0.035,
      -0.128,
      -0.021,
      0.061,
      0.171,
      0.022,
      0.153,
      0.156,
      0.069,
      0.182,
      -0.004,
      0.052,
      0.059,
      0.033,
      0.122,
      -0.181,
      0.141,
      0.03,
      0.089,
      -0.169,
      0.048,
      0.114,
      0.038,
      0.144,
      0.213,
      0.15,
      0.123,
      0.19,
      0.02,
      0.067,
      0.002,
      0.152,
      0.118,
      0.017,
      0.062,
      0.098,
      0.23,
      0.018,
      0.193,
      0.271,
      0.174,
      0.174,
      0.101,
      0.043,
      0.05,
      0.167,
      0.073,
      0.017,
      0.061,
      0.331,
      0.059,
      -0.0,
      0.152,
      -0.017
    ],
    [
      -0.039,
      0.283,
      0.47,
      0.208,
      0.363,
      0.071,
      1.0,
      0.071,
      0.095,
      0.048,
      -0.079,
      -0.013,
      0.069,
      0.236,
      0.27,
      0.191,
      0.308,
      0.167,
      0.484,
      0.235,
      0.325,
      0.443,
      0.206,
      -0.169,
      0.233,
      0.07,
      0.106,
      -0.071,
      0.705,
      0.241,
      0.31,
      0.232,
      0.112,
      0.258,
      0.246,
      0.156,
      0.037,
      0.285,
      0.229,
      0.037,
      0.284,
      0.358,
      0.282,
      0.268,
      0.195,
      0.302,
      0.297,
      0.278,
      0.126,
      0.194,
      0.254,
      -0.026,
      0.126,
      0.185,
      0.338,
      0.439,
      0.201,
      0.143,
      0.088,
      0.201,
      0.288,
      0.172
    ],
    [
      -0.015,
      0.101,
      0.104,
      -0.026,
      0.035,
      -0.029,
      0.071,
      1.0,
      0.144,
      -0.045,
      0.089,
      -0.026,
      0.108,
      0.007,
      0.038,
      0.058,
      0.015,
      0.07,
      0.114,
      -0.026,
      0.125,
      0.075,
      0.024,
      -0.119,
      0.142,
      -0.047,
      0.001,
      -0.073,
      0.049,
      0.082,
      -0.007,
      0.068,
      0.147,
      0.121,
      0.029,
      -0.005,
      0.068,
      0.041,
      0.049,
      0.008,
      -0.005,
      0.086,
      0.082,
      0.125,
      0.197,
      0.027,
      0.093,
      0.077,
      0.014,
      -0.006,
      0.09,
      0.033,
      -0.011,
      0.058,
      0.108,
      0.052,
      0.008,
      0.059,
      -0.0,
      0.152,
      0.029,
      -0.1
    ],
    [
      0.025,
      0.124,
      0.106,
      0.135,
      0.178,
      0.035,
      0.095,
      0.144,
      1.0,
      -0.025,
      0.038,
      0.084,
      0.084,
      -0.049,
      0.095,
      0.145,
      0.036,
      0.132,
      0.141,
      0.005,
      0.129,
      0.152,
      0.111,
      -0.122,
      0.238,
      0.071,
      0.042,
      -0.043,
      0.041,
      0.183,
      0.073,
      0.155,
      0.133,
      0.298,
      0.117,
      0.131,
      0.235,
      0.129,
      0.022,
      0.065,
      0.138,
      0.117,
      0.034,
      0.163,
      0.046,
      0.096,
      0.245,
      0.159,
      0.059,
      0.053,
      0.179,
      0.066,
      0.064,
      -0.001,
      0.098,
      0.212,
      0.1,
      0.065,
      0.175,
      0.158,
      0.088,
      -0.036
    ],
    [
      -0.025,
      -0.136,
      0.195,
      0.135,
      0.001,
      -0.128,
      0.048,
      -0.045,
      -0.025,
      1.0,
      0.103,
      -0.034,
      -0.062,
      0.374,
      0.199,
      -0.114,
      0.355,
      0.117,
      -0.103,
      0.217,
      -0.195,
      0.233,
      -0.032,
      0.088,
      -0.019,
      -0.03,
      0.049,
      0.024,
      0.135,
      -0.063,
      0.145,
      -0.102,
      -0.036,
      -0.116,
      0.176,
      -0.028,
      -0.042,
      0.343,
      0.288,
      0.036,
      0.044,
      0.068,
      0.162,
      -0.13,
      0.006,
      0.432,
      -0.112,
      -0.124,
      0.121,
      0.016,
      -0.056,
      -0.036,
      0.001,
      -0.041,
      0.0,
      -0.06,
      0.334,
      -0.084,
      -0.025,
      0.152,
      0.006,
      0.348
    ],
    [
      0.2,
      -0.024,
      -0.018,
      0.056,
      -0.121,
      -0.021,
      -0.079,
      0.089,
      0.038,
      0.103,
      1.0,
      0.156,
      -0.084,
      -0.032,
      -0.014,
      0.171,
      0.033,
      0.069,
      -0.015,
      -0.024,
      -0.027,
      -0.02,
      -0.034,
      -0.014,
      -0.158,
      0.009,
      -0.06,
      0.04,
      -0.05,
      -0.057,
      -0.11,
      -0.023,
      0.035,
      -0.07,
      0.004,
      -0.039,
      0.13,
      -0.109,
      -0.085,
      0.024,
      -0.077,
      -0.109,
      0.144,
      -0.068,
      0.052,
      -0.052,
      -0.084,
      -0.086,
      0.02,
      -0.023,
      -0.032,
      -0.115,
      0.012,
      -0.158,
      -0.137,
      -0.089,
      -0.027,
      -0.073,
      -0.039,
      0.256,
      -0.044,
      0.01
    ],
    [
      0.011,
      -0.091,
      -0.03,
      -0.026,
      -0.007,
      0.061,
      -0.013,
      -0.026,
      0.084,
      -0.034,
      0.156,
      1.0,
      0.018,
      -0.093,
      0.055,
      0.095,
      -0.084,
      0.011,
      -0.01,
      0.087,
      -0.022,
      -0.0,
      0.032,
      -0.038,
      -0.032,
      0.085,
      -0.003,
      0.034,
      -0.021,
      -0.022,
      -0.086,
      -0.047,
      0.082,
      -0.073,
      -0.01,
      -0.104,
      0.071,
      -0.106,
      -0.087,
      0.101,
      0.062,
      -0.199,
      -0.021,
      -0.149,
      -0.025,
      0.004,
      0.001,
      0.001,
      -0.067,
      0.007,
      -0.168,
      -0.039,
      -0.051,
      -0.002,
      -0.021,
      -0.049,
      -0.057,
      -0.018,
      0.041,
      0.11,
      0.006,
      -0.084
    ],
    [
      -0.054,
      0.124,
      0.022,
      0.074,
      0.002,
      0.171,
      0.069,
      0.108,
      0.084,
      -0.062,
      -0.084,
      0.018,
      1.0,
      -0.201,
      0.004,
      0.073,
      -0.075,
      0.155,
      0.179,
      -0.022,
      0.089,
      0.07,
      0.106,
      -0.12,
      0.212,
      0.015,
      0.088,
      0.019,
      0.067,
      0.238,
      0.045,
      0.201,
      0.162,
      0.138,
      -0.148,
      0.227,
      0.132,
      -0.158,
      -0.191,
      -0.063,
      0.124,
      -0.13,
      0.096,
      0.004,
      0.154,
      -0.045,
      0.193,
      0.291,
      -0.057,
      0.305,
      0.063,
      0.059,
      0.055,
      0.188,
      0.152,
      0.061,
      -0.041,
      0.345,
      0.108,
      0.001,
      0.145,
      -0.188
    ],
    [
      0.003,
      0.075,
      0.33,
      0.203,
      0.175,
      0.022,
      0.236,
      0.007,
      -0.049,
      0.374,
      -0.032,
      -0.093,
      -0.201,
      1.0,
      0.221,
      -0.065,
      0.338,
      0.184,
      -0.001,
      0.207,
      0.109,
      0.136,
      0.015,
      0.082,
      0.005,
      -0.05,
      0.131,
      0.031,
      0.301,
      -0.062,
      0.201,
      0.068,
      0.005,
      0.074,
      0.127,
      0.003,
      -0.091,
      0.516,
      0.565,
      0.061,
      0.057,
      0.309,
      0.136,
      0.174,
      -0.08,
      0.525,
      -0.009,
      -0.104,
      0.247,
      0.05,
      0.171,
      0.044,
      0.137,
      0.022,
      0.005,
      0.158,
      0.408,
      -0.121,
      -0.045,
      0.141,
      0.095,
      0.685
    ],
    [
      -0.1,
      -0.079,
      0.323,
      0.195,
      0.068,
      0.153,
      0.27,
      0.038,
      0.095,
      0.199,
      -0.014,
      0.055,
      0.004,
      0.221,
      1.0,
      -0.058,
      0.497,
      0.097,
      -0.045,
      0.354,
      0.09,
      0.223,
      0.02,
      -0.076,
      -0.028,
      -0.117,
      0.086,
      -0.089,
      0.276,
      -0.059,
      0.158,
      0.073,
      0.04,
      -0.018,
      0.03,
      0.06,
      -0.012,
      0.322,
      0.136,
      0.122,
      0.158,
      -0.016,
      -0.015,
      -0.108,
      0.085,
      0.322,
      -0.032,
      0.054,
      0.139,
      0.141,
      -0.052,
      0.053,
      -0.023,
      -0.063,
      -0.039,
      -0.1,
      0.302,
      -0.077,
      -0.017,
      0.128,
      0.066,
      0.302
    ],
    [
      -0.012,
      0.275,
      0.017,
      0.029,
      0.108,
      0.156,
      0.191,
      0.058,
      0.145,
      -0.114,
      0.171,
      0.095,
      0.073,
      -0.065,
      -0.058,
      1.0,
      -0.123,
      0.056,
      0.244,
      -0.03,
      0.214,
      0.198,
      0.19,
      -0.096,
      0.184,
      0.172,
      0.141,
      0.093,
      0.055,
      0.156,
      0.061,
      0.252,
      0.111,
      0.287,
      0.152,
      0.138,
      0.177,
      -0.136,
      -0.017,
      0.056,
      0.097,
      0.097,
      0.122,
      0.202,
      0.196,
      -0.009,
      0.234,
      0.227,
      0.01,
      0.099,
      0.2,
      0.16,
      0.256,
      0.103,
      0.061,
      0.187,
      -0.214,
      0.16,
      0.035,
      0.022,
      0.078,
      -0.153
    ],
    [
      0.073,
      -0.065,
      0.361,
      0.21,
      0.084,
      0.069,
      0.308,
      0.015,
      0.036,
      0.355,
      0.033,
      -0.084,
      -0.075,
      0.338,
      0.497,
      -0.123,
      1.0,
      0.19,
      0.018,
      0.32,
      0.025,
      0.256,
      0.059,
      -0.008,
      0.026,
      -0.094,
      0.028,
      -0.084,
      0.382,
      -0.058,
      0.145,
      0.103,
      -0.054,
      -0.024,
      0.061,
      0.142,
      -0.105,
      0.417,
      0.323,
      0.114,
      0.147,
      0.112,
      0.079,
      -0.074,
      0.111,
      0.46,
      -0.019,
      -0.001,
      0.199,
      0.087,
      -0.002,
      -0.024,
      -0.062,
      -0.05,
      0.101,
      0.027,
      0.48,
      -0.074,
      -0.037,
      0.262,
      0.061,
      0.412
    ],
    [
      0.065,
      0.172,
      0.195,
      0.207,
      0.232,
      0.182,
      0.167,
      0.07,
      0.132,
      0.117,
      0.069,
      0.011,
      0.155,
      0.184,
      0.097,
      0.056,
      0.19,
      1.0,
      0.074,
      0.077,
      0.216,
      0.15,
      0.143,
      -0.281,
      0.194,
      0.019,
      0.288,
      -0.163,
      0.13,
      0.178,
      0.095,
      0.253,
      0.094,
      0.198,
      0.168,
      0.214,
      0.015,
      0.225,
      0.087,
      0.088,
      0.066,
      0.144,
      0.064,
      0.099,
      0.279,
      0.092,
      0.293,
      0.258,
      0.09,
      0.23,
      0.242,
      0.055,
      0.033,
      0.189,
      0.03,
      0.127,
      0.097,
      0.263,
      0.04,
      0.092,
      0.262,
      0.121
    ],
    [
      0.038,
      0.259,
      0.231,
      0.182,
      0.258,
      -0.004,
      0.484,
      0.114,
      0.141,
      -0.103,
      -0.015,
      -0.01,
      0.179,
      -0.001,
      -0.045,
      0.244,
      0.018,
      0.074,
      1.0,
      0.084,
      0.234,
      0.35,
      0.132,
      -0.121,
      0.178,
      0.133,
      0.074,
      -0.088,
      0.311,
      0.323,
      0.158,
      0.264,
      0.086,
      0.247,
      0.219,
      0.181,
      0.119,
      -0.076,
      0.055,
      -0.02,
      0.205,
      0.165,
      0.226,
      0.198,
      0.164,
      0.065,
      0.291,
      0.276,
      0.008,
      0.183,
      0.229,
      0.081,
      0.176,
      0.135,
      0.348,
      0.386,
      0.034,
      0.17,
      0.045,
      0.223,
      0.111,
      -0.069
    ],
    [
      -0.091,
      -0.081,
      0.285,
      0.263,
      0.126,
      0.052,
      0.235,
      -0.026,
      0.005,
      0.217,
      -0.024,
      0.087,
      -0.022,
      0.207,
      0.354,
      -0.03,
      0.32,
      0.077,
      0.084,
      1.0,
      0.098,
      0.166,
      0.009,
      -0.001,
      0.053,
      -0.029,
      0.038,
      -0.032,
      0.207,
      0.067,
      0.11,
      0.064,
      -0.003,
      -0.09,
      0.037,
      0.109,
      0.063,
      0.152,
      0.255,
      0.127,
      0.213,
      -0.024,
      0.075,
      -0.036,
      0.136,
      0.364,
      0.089,
      0.138,
      0.214,
      0.151,
      0.009,
      0.108,
      -0.019,
      -0.09,
      0.102,
      -0.056,
      0.3,
      0.041,
      0.046,
      0.248,
      0.105,
      0.243
    ],
    [
      0.033,
      0.29,
      0.225,
      0.221,
      0.404,
      0.059,
      0.325,
      0.125,
      0.129,
      -0.195,
      -0.027,
      -0.022,
      0.089,
      0.109,
      0.09,
      0.214,
      0.025,
      0.216,
      0.234,
      0.098,
      1.0,
      0.177,
      0.099,
      -0.135,
      0.201,
      -0.001,
      0.111,
      -0.069,
      0.208,
      0.246,
      0.214,
      0.133,
      0.136,
      0.258,
      0.208,
      0.182,
      0.111,
      0.084,
      0.102,
      0.11,
      0.119,
      0.263,
      0.117,
      0.274,
      0.217,
      0.111,
      0.29,
      0.159,
      0.067,
      0.091,
      0.246,
      0.092,
      0.179,
      0.203,
      0.077,
      0.38,
      -0.016,
      0.137,
      0.078,
      0.117,
      0.223,
      0.082
    ],
    [
      -0.038,
      0.293,
      0.419,
      0.228,
      0.266,
      0.033,
      0.443,
      0.075,
      0.152,
      0.233,
      -0.02,
      -0.0,
      0.07,
      0.136,
      0.223,
      0.198,
      0.256,
      0.15,
      0.35,
      0.166,
      0.177,
      1.0,
      0.162,
      -0.158,
      0.256,
      0.143,
      0.161,
      -0.049,
      0.335,
      0.288,
      0.337,
      0.266,
      0.228,
      0.238,
      0.235,
      0.141,
      0.143,
      0.119,
      0.133,
      0.029,
      0.344,
      0.235,
      0.286,
      0.241,
      0.212,
      0.217,
      0.267,
      0.213,
      0.129,
      0.145,
      0.341,
      0.054,
      0.253,
      0.135,
      0.327,
      0.34,
      0.124,
      0.14,
      0.09,
      0.313,
      0.207,
      0.081
    ],
    [
      0.007,
      0.401,
      0.081,
      0.169,
      0.125,
      0.122,
      0.206,
      0.024,
      0.111,
      -0.032,
      -0.034,
      0.032,
      0.106,
      0.015,
      0.02,
      0.19,
      0.059,
      0.143,
      0.132,
      0.009,
      0.099,
      0.162,
      1.0,
      -0.187,
      0.266,
      0.067,
      0.27,
      -0.138,
      0.02,
      0.309,
      0.034,
      0.377,
      0.134,
      0.481,
      0.218,
      0.196,
      0.035,
      0.125,
      0.104,
      -0.016,
      -0.079,
      0.209,
      0.155,
      0.315,
      0.337,
      0.038,
      0.384,
      0.361,
      0.044,
      0.235,
      0.422,
      0.033,
      0.104,
      0.321,
      0.031,
      0.23,
      0.067,
      0.228,
      0.105,
      0.095,
      0.243,
      -0.015
    ],
    [
      -0.089,
      -0.165,
      -0.118,
      -0.108,
      -0.063,
      -0.181,
      -0.169,
      -0.119,
      -0.122,
      0.088,
      -0.014,
      -0.038,
      -0.12,
      0.082,
      -0.076,
      -0.096,
      -0.008,
      -0.281,
      -0.121,
      -0.001,
      -0.135,
      -0.158,
      -0.187,
      1.0,
      -0.248,
      -0.047,
      -0.207,
      0.366,
      -0.059,
      -0.229,
      0.004,
      -0.204,
      -0.15,
      -0.194,
      -0.137,
      -0.162,
      -0.116,
      -0.036,
      0.021,
      0.013,
      0.035,
      -0.047,
      -0.096,
      -0.157,
      -0.284,
      -0.031,
      -0.41,
      -0.394,
      -0.029,
      -0.173,
      -0.208,
      -0.077,
      -0.085,
      -0.207,
      -0.106,
      -0.149,
      0.094,
      -0.302,
      -0.021,
      -0.072,
      -0.236,
      0.087
    ],
    [
      0.085,
      0.366,
      0.214,
      0.143,
      0.162,
      0.141,
      0.233,
      0.142,
      0.238,
      -0.019,
      -0.158,
      -0.032,
      0.212,
      0.005,
      -0.028,
      0.184,
      0.026,
      0.194,
      0.178,
      0.053,
      0.201,
      0.256,
      0.266,
      -0.248,
      1.0,
      0.09,
      0.293,
      -0.136,
      0.159,
      0.454,
      0.093,
      0.446,
      0.266,
      0.326,
      0.105,
      0.255,
      0.149,
      0.0,
      0.067,
      -0.101,
      0.191,
      0.078,
      0.129,
      0.26,
      0.369,
      0.034,
      0.489,
      0.418,
      -0.083,
      0.289,
      0.465,
      0.075,
      0.057,
      0.23,
      0.191,
      0.196,
      0.071,
      0.446,
      0.219,
      0.147,
      0.37,
      -0.088
    ],
    [
      -0.037,
      0.075,
      0.016,
      0.003,
      0.072,
      0.03,
      0.07,
      -0.047,
      0.071,
      -0.03,
      0.009,
      0.085,
      0.015,
      -0.05,
      -0.117,
      0.172,
      -0.094,
      0.019,
      0.133,
      -0.029,
      -0.001,
      0.143,
      0.067,
      -0.047,
      0.09,
      1.0,
      -0.059,
      0.047,
      -0.056,
      0.027,
      0.018,
      0.072,
      0.01,
      0.082,
      0.012,
      0.039,
      0.082,
      -0.071,
      -0.103,
      -0.028,
      0.074,
      0.04,
      0.031,
      0.025,
      -0.092,
      -0.061,
      0.038,
      0.108,
      -0.062,
      0.008,
      0.02,
      0.055,
      0.068,
      0.037,
      0.073,
      0.075,
      -0.101,
      0.063,
      -0.046,
      -0.086,
      -0.005,
      -0.067
    ],
    [
      0.122,
      0.248,
      0.045,
      0.251,
      0.102,
      0.089,
      0.106,
      0.001,
      0.042,
      0.049,
      -0.06,
      -0.003,
      0.088,
      0.131,
      0.086,
      0.141,
      0.028,
      0.288,
      0.074,
      0.038,
      0.111,
      0.161,
      0.27,
      -0.207,
      0.293,
      -0.059,
      1.0,
      -0.124,
      0.112,
      0.192,
      0.137,
      0.296,
      0.139,
      0.268,
      0.123,
      0.299,
      -0.086,
      0.11,
      0.118,
      0.002,
      -0.131,
      0.066,
      0.076,
      0.21,
      0.337,
      0.016,
      0.285,
      0.209,
      -0.058,
      0.198,
      0.219,
      0.108,
      0.153,
      0.348,
      -0.021,
      0.068,
      -0.031,
      0.289,
      0.045,
      0.031,
      0.301,
      0.053
    ],
    [
      -0.082,
      -0.104,
      -0.032,
      -0.124,
      -0.015,
      -0.169,
      -0.071,
      -0.073,
      -0.043,
      0.024,
      0.04,
      0.034,
      0.019,
      0.031,
      -0.089,
      0.093,
      -0.084,
      -0.163,
      -0.088,
      -0.032,
      -0.069,
      -0.049,
      -0.138,
      0.366,
      -0.136,
      0.047,
      -0.124,
      1.0,
      0.056,
      -0.184,
      -0.049,
      -0.142,
      -0.1,
      -0.146,
      -0.117,
      -0.096,
      -0.097,
      -0.069,
      -0.012,
      0.055,
      0.065,
      -0.054,
      -0.025,
      -0.149,
      -0.221,
      -0.06,
      -0.222,
      -0.289,
      -0.02,
      -0.082,
      -0.159,
      -0.067,
      -0.018,
      -0.136,
      0.013,
      -0.042,
      -0.119,
      -0.263,
      -0.063,
      -0.095,
      -0.226,
      -0.019
    ],
    [
      -0.055,
      0.071,
      0.471,
      0.3,
      0.266,
      0.048,
      0.705,
      0.049,
      0.041,
      0.135,
      -0.05,
      -0.021,
      0.067,
      0.301,
      0.276,
      0.055,
      0.382,
      0.13,
      0.311,
      0.207,
      0.208,
      0.335,
      0.02,
      -0.059,
      0.159,
      -0.056,
      0.112,
      0.056,
      1.0,
      0.121,
      0.29,
      0.142,
      0.025,
      0.045,
      0.139,
      0.121,
      -0.053,
      0.282,
      0.177,
      0.033,
      0.312,
      0.223,
      0.227,
      0.086,
      0.065,
      0.304,
      0.186,
      0.213,
      0.178,
      0.198,
      0.072,
      -0.071,
      0.019,
      0.114,
      0.269,
      0.292,
      0.268,
      0.052,
      0.057,
      0.247,
      0.171,
      0.228
    ],
    [
      -0.008,
      0.444,
      0.174,
      0.176,
      0.188,
      0.114,
      0.241,
      0.082,
      0.183,
      -0.063,
      -0.057,
      -0.022,
      0.238,
      -0.062,
      -0.059,
      0.156,
      -0.058,
      0.178,
      0.323,
      0.067,
      0.246,
      0.288,
      0.309,
      -0.229,
      0.454,
      0.027,
      0.192,
      -0.184,
      0.121,
      1.0,
      0.17,
      0.458,
      0.26,
      0.44,
      0.269,
      0.321,
      0.103,
      0.019,
      -0.036,
      -0.054,
      0.153,
      0.14,
      0.201,
      0.427,
      0.415,
      -0.056,
      0.684,
      0.585,
      -0.027,
      0.333,
      0.525,
      0.152,
      0.167,
      0.234,
      0.196,
      0.36,
      0.003,
      0.472,
      0.166,
      0.163,
      0.37,
      -0.129
    ],
    [
      0.006,
      0.128,
      0.285,
      0.217,
      0.261,
      0.038,
      0.31,
      -0.007,
      0.073,
      0.145,
      -0.11,
      -0.086,
      0.045,
      0.201,
      0.158,
      0.061,
      0.145,
      0.095,
      0.158,
      0.11,
      0.214,
      0.337,
      0.034,
      0.004,
      0.093,
      0.018,
      0.137,
      -0.049,
      0.29,
      0.17,
      1.0,
      0.178,
      0.108,
      0.127,
      0.214,
      0.198,
      0.003,
      0.225,
      0.197,
      0.061,
      0.247,
      0.263,
      0.184,
      0.192,
      0.1,
      0.259,
      0.224,
      0.2,
      0.143,
      0.169,
      0.233,
      0.066,
      0.185,
      0.14,
      0.176,
      0.181,
      0.218,
      0.081,
      0.128,
      0.172,
      0.228,
      0.131
    ],
    [
      0.109,
      0.445,
      0.127,
      0.3,
      0.152,
      0.144,
      0.232,
      0.068,
      0.155,
      -0.102,
      -0.023,
      -0.047,
      0.201,
      0.068,
      0.073,
      0.252,
      0.103,
      0.253,
      0.264,
      0.064,
      0.133,
      0.266,
      0.377,
      -0.204,
      0.446,
      0.072,
      0.296,
      -0.142,
      0.142,
      0.458,
      0.178,
      1.0,
      0.156,
      0.431,
      0.126,
      0.406,
      0.006,
      0.085,
      0.048,
      -0.086,
      0.107,
      0.147,
      0.151,
      0.349,
      0.411,
      -0.007,
      0.548,
      0.485,
      -0.007,
      0.401,
      0.509,
      0.098,
      0.157,
      0.332,
      0.206,
      0.207,
      0.018,
      0.402,
      0.132,
      0.13,
      0.344,
      -0.003
    ],
    [
      -0.018,
      0.256,
      0.092,
      0.046,
      0.058,
      0.213,
      0.112,
      0.147,
      0.133,
      -0.036,
      0.035,
      0.082,
      0.162,
      0.005,
      0.04,
      0.111,
      -0.054,
      0.094,
      0.086,
      -0.003,
      0.136,
      0.228,
      0.134,
      -0.15,
      0.266,
      0.01,
      0.139,
      -0.1,
      0.025,
      0.26,
      0.108,
      0.156,
      1.0,
      0.198,
      0.156,
      0.178,
      0.213,
      -0.016,
      -0.034,
      0.018,
      0.049,
      0.07,
      0.097,
      0.274,
      0.287,
      -0.079,
      0.261,
      0.27,
      -0.044,
      0.158,
      0.26,
      0.142,
      0.137,
      0.17,
      0.04,
      0.14,
      -0.046,
      0.2,
      0.16,
      0.005,
      0.18,
      -0.047
    ],
    [
      0.009,
      0.761,
      0.138,
      0.158,
      0.276,
      0.15,
      0.258,
      0.121,
      0.298,
      -0.116,
      -0.07,
      -0.073,
      0.138,
      0.074,
      -0.018,
      0.287,
      -0.024,
      0.198,
      0.247,
      -0.09,
      0.258,
      0.238,
      0.481,
      -0.194,
      0.326,
      0.082,
      0.268,
      -0.146,
      0.045,
      0.44,
      0.127,
      0.431,
      0.198,
      1.0,
      0.299,
      0.145,
      0.128,
      0.116,
      0.171,
      -0.034,
      -0.022,
      0.361,
      0.174,
      0.645,
      0.338,
      0.077,
      0.502,
      0.296,
      0.021,
      0.239,
      0.728,
      0.075,
      0.181,
      0.351,
      0.116,
      0.431,
      -0.06,
      0.281,
      0.096,
      0.116,
      0.216,
      0.027
    ],
    [
      0.033,
      0.317,
      0.281,
      0.25,
      0.438,
      0.123,
      0.246,
      0.029,
      0.117,
      0.176,
      0.004,
      -0.01,
      -0.148,
      0.127,
      0.03,
      0.152,
      0.061,
      0.168,
      0.219,
      0.037,
      0.208,
      0.235,
      0.218,
      -0.137,
      0.105,
      0.012,
      0.123,
      -0.117,
      0.139,
      0.269,
      0.214,
      0.126,
      0.156,
      0.299,
      1.0,
      0.191,
      0.009,
      0.29,
      0.159,
      0.08,
      0.135,
      0.343,
      0.305,
      0.306,
      0.232,
      0.066,
      0.299,
      0.246,
      0.111,
      0.04,
      0.301,
      0.081,
      0.048,
      0.203,
      0.078,
      0.301,
      0.088,
      0.038,
      0.02,
      0.214,
      0.122,
      0.001
    ],
    [
      0.068,
      0.194,
      0.158,
      0.32,
      0.18,
      0.19,
      0.156,
      -0.005,
      0.131,
      -0.028,
      -0.039,
      -0.104,
      0.227,
      0.003,
      0.06,
      0.138,
      0.142,
      0.214,
      0.181,
      0.109,
      0.182,
      0.141,
      0.196,
      -0.162,
      0.255,
      0.039,
      0.299,
      -0.096,
      0.121,
      0.321,
      0.198,
      0.406,
      0.178,
      0.145,
      0.191,
      1.0,
      0.08,
      0.086,
      0.013,
      -0.036,
      0.099,
      0.048,
      0.125,
      0.206,
      0.35,
      0.077,
      0.401,
      0.44,
      0.159,
      0.213,
      0.234,
      0.081,
      0.128,
      0.335,
      0.223,
      0.135,
      0.032,
      0.401,
      0.119,
      0.083,
      0.349,
      0.001
    ],
    [
      0.122,
      0.126,
      0.143,
      -0.047,
      0.056,
      0.02,
      0.037,
      0.068,
      0.235,
      -0.042,
      0.13,
      0.071,
      0.132,
      -0.091,
      -0.012,
      0.177,
      -0.105,
      0.015,
      0.119,
      0.063,
      0.111,
      0.143,
      0.035,
      -0.116,
      0.149,
      0.082,
      -0.086,
      -0.097,
      -0.053,
      0.103,
      0.003,
      0.006,
      0.213,
      0.128,
      0.009,
      0.08,
      1.0,
      -0.05,
      -0.34,
      0.015,
      0.054,
      -0.028,
      0.043,
      0.129,
      0.093,
      0.024,
      0.148,
      0.118,
      -0.027,
      0.023,
      0.129,
      0.084,
      0.14,
      0.065,
      0.119,
      0.011,
      -0.021,
      0.138,
      0.041,
      0.101,
      0.12,
      -0.091
    ],
    [
      0.036,
      0.001,
      0.302,
      0.221,
      0.287,
      0.067,
      0.285,
      0.041,
      0.129,
      0.343,
      -0.109,
      -0.106,
      -0.158,
      0.516,
      0.322,
      -0.136,
      0.417,
      0.225,
      -0.076,
      0.152,
      0.084,
      0.119,
      0.125,
      -0.036,
      0.0,
      -0.071,
      0.11,
      -0.069,
      0.282,
      0.019,
      0.225,
      0.085,
      -0.016,
      0.116,
      0.29,
      0.086,
      -0.05,
      1.0,
      0.391,
      0.179,
      0.065,
      0.373,
      0.109,
      0.135,
      0.009,
      0.352,
      0.097,
      0.008,
      0.183,
      0.104,
      0.139,
      0.061,
      0.12,
      0.134,
      0.042,
      0.202,
      0.455,
      -0.045,
      0.016,
      0.101,
      0.154,
      0.456
    ],
    [
      0.028,
      0.148,
      0.229,
      0.184,
      0.198,
      0.002,
      0.229,
      0.049,
      0.022,
      0.288,
      -0.085,
      -0.087,
      -0.191,
      0.565,
      0.136,
      -0.017,
      0.323,
      0.087,
      0.055,
      0.255,
      0.102,
      0.133,
      0.104,
      0.021,
      0.067,
      -0.103,
      0.118,
      -0.012,
      0.177,
      -0.036,
      0.197,
      0.048,
      -0.034,
      0.171,
      0.159,
      0.013,
      -0.34,
      0.391,
      1.0,
      0.073,
      0.061,
      0.291,
      0.209,
      0.187,
      0.009,
      0.455,
      0.024,
      -0.063,
      0.257,
      0.115,
      0.218,
      -0.03,
      0.037,
      0.03,
      0.009,
      0.258,
      0.359,
      -0.101,
      -0.02,
      0.125,
      0.046,
      0.488
    ],
    [
      0.103,
      -0.015,
      0.112,
      0.138,
      0.225,
      0.152,
      0.037,
      0.008,
      0.065,
      0.036,
      0.024,
      0.101,
      -0.063,
      0.061,
      0.122,
      0.056,
      0.114,
      0.088,
      -0.02,
      0.127,
      0.11,
      0.029,
      -0.016,
      0.013,
      -0.101,
      -0.028,
      0.002,
      0.055,
      0.033,
      -0.054,
      0.061,
      -0.086,
      0.018,
      -0.034,
      0.08,
      -0.036,
      0.015,
      0.179,
      0.073,
      1.0,
      0.028,
      0.037,
      0.007,
      0.063,
      -0.004,
      0.109,
      -0.037,
      0.006,
      0.377,
      0.043,
      0.009,
      0.02,
      0.084,
      -0.048,
      -0.096,
      0.04,
      0.062,
      -0.062,
      -0.094,
      0.023,
      -0.046,
      0.028
    ],
    [
      -0.042,
      0.021,
      0.377,
      0.178,
      0.183,
      0.118,
      0.284,
      -0.005,
      0.138,
      0.044,
      -0.077,
      0.062,
      0.124,
      0.057,
      0.158,
      0.097,
      0.147,
      0.066,
      0.205,
      0.213,
      0.119,
      0.344,
      -0.079,
      0.035,
      0.191,
      0.074,
      -0.131,
      0.065,
      0.312,
      0.153,
      0.247,
      0.107,
      0.049,
      -0.022,
      0.135,
      0.099,
      0.054,
      0.065,
      0.061,
      0.028,
      1.0,
      0.049,
      0.126,
      0.012,
      0.073,
      0.115,
      0.204,
      0.211,
      0.093,
      0.178,
      0.092,
      0.083,
      -0.031,
      -0.076,
      0.291,
      0.176,
      0.158,
      0.086,
      0.072,
      0.163,
      0.163,
      0.074
    ],
    [
      -0.079,
      0.329,
      0.156,
      0.178,
      0.297,
      0.017,
      0.358,
      0.086,
      0.117,
      0.068,
      -0.109,
      -0.199,
      -0.13,
      0.309,
      -0.016,
      0.097,
      0.112,
      0.144,
      0.165,
      -0.024,
      0.263,
      0.235,
      0.209,
      -0.047,
      0.078,
      0.04,
      0.066,
      -0.054,
      0.223,
      0.14,
      0.263,
      0.147,
      0.07,
      0.361,
      0.343,
      0.048,
      -0.028,
      0.373,
      0.291,
      0.037,
      0.049,
      1.0,
      0.178,
      0.412,
      0.115,
      0.165,
      0.179,
      0.037,
      0.086,
      0.097,
      0.391,
      0.03,
      0.189,
      0.257,
      0.149,
      0.646,
      0.13,
      -0.021,
      0.067,
      0.033,
      0.16,
      0.157
    ],
    [
      0.013,
      0.205,
      0.292,
      0.203,
      0.201,
      0.062,
      0.282,
      0.082,
      0.034,
      0.162,
      0.144,
      -0.021,
      0.096,
      0.136,
      -0.015,
      0.122,
      0.079,
      0.064,
      0.226,
      0.075,
      0.117,
      0.286,
      0.155,
      -0.096,
      0.129,
      0.031,
      0.076,
      -0.025,
      0.227,
      0.201,
      0.184,
      0.151,
      0.097,
      0.174,
      0.305,
      0.125,
      0.043,
      0.109,
      0.209,
      0.007,
      0.126,
      0.178,
      1.0,
      0.116,
      0.102,
      0.225,
      0.116,
      0.12,
      0.209,
      0.048,
      0.142,
      -0.082,
      0.059,
      0.161,
      0.103,
      0.24,
      0.148,
      0.069,
      0.029,
      0.358,
      0.096,
      0.124
    ],
    [
      0.057,
      0.715,
      0.088,
      0.224,
      0.35,
      0.098,
      0.268,
      0.125,
      0.163,
      -0.13,
      -0.068,
      -0.149,
      0.004,
      0.174,
      -0.108,
      0.202,
      -0.074,
      0.099,
      0.198,
      -0.036,
      0.274,
      0.241,
      0.315,
      -0.157,
      0.26,
      0.025,
      0.21,
      -0.149,
      0.086,
      0.427,
      0.192,
      0.349,
      0.274,
      0.645,
      0.306,
      0.206,
      0.129,
      0.135,
      0.187,
      0.063,
      0.012,
      0.412,
      0.116,
      1.0,
      0.31,
      0.055,
      0.421,
      0.277,
      0.059,
      0.2,
      0.701,
      0.125,
      0.234,
      0.295,
      0.16,
      0.457,
      -0.047,
      0.218,
      0.185,
      0.057,
      0.288,
      0.029
    ],
    [
      0.063,
      0.345,
      0.143,
      0.234,
      0.145,
      0.23,
      0.195,
      0.197,
      0.046,
      0.006,
      0.052,
      -0.025,
      0.154,
      -0.08,
      0.085,
      0.196,
      0.111,
      0.279,
      0.164,
      0.136,
      0.217,
      0.212,
      0.337,
      -0.284,
      0.369,
      -0.092,
      0.337,
      -0.221,
      0.065,
      0.415,
      0.1,
      0.411,
      0.287,
      0.338,
      0.232,
      0.35,
      0.093,
      0.009,
      0.009,
      -0.004,
      0.073,
      0.115,
      0.102,
      0.31,
      1.0,
      -0.005,
      0.451,
      0.431,
      -0.014,
      0.382,
      0.43,
      0.123,
      0.065,
      0.353,
      0.221,
      0.24,
      0.04,
      0.372,
      0.055,
      0.127,
      0.333,
      -0.08
    ],
    [
      -0.019,
      -0.001,
      0.407,
      0.254,
      0.222,
      0.018,
      0.302,
      0.027,
      0.096,
      0.432,
      -0.052,
      0.004,
      -0.045,
      0.525,
      0.322,
      -0.009,
      0.46,
      0.092,
      0.065,
      0.364,
      0.111,
      0.217,
      0.038,
      -0.031,
      0.034,
      -0.061,
      0.016,
      -0.06,
      0.304,
      -0.056,
      0.259,
      -0.007,
      -0.079,
      0.077,
      0.066,
      0.077,
      0.024,
      0.352,
      0.455,
      0.109,
      0.115,
      0.165,
      0.225,
      0.055,
      -0.005,
      1.0,
      -0.02,
      -0.027,
      0.269,
      0.038,
      0.094,
      0.097,
      -0.005,
      0.048,
      0.1,
      0.108,
      0.418,
      -0.074,
      0.048,
      0.225,
      0.089,
      0.524
    ],
    [
      0.045,
      0.511,
      0.223,
      0.231,
      0.276,
      0.193,
      0.297,
      0.093,
      0.245,
      -0.112,
      -0.084,
      0.001,
      0.193,
      -0.009,
      -0.032,
      0.234,
      -0.019,
      0.293,
      0.291,
      0.089,
      0.29,
      0.267,
      0.384,
      -0.41,
      0.489,
      0.038,
      0.285,
      -0.222,
      0.186,
      0.684,
      0.224,
      0.548,
      0.261,
      0.502,
      0.299,
      0.401,
      0.148,
      0.097,
      0.024,
      -0.037,
      0.204,
      0.179,
      0.116,
      0.421,
      0.451,
      -0.02,
      1.0,
      0.701,
      -0.011,
      0.347,
      0.613,
      0.164,
      0.156,
      0.332,
      0.226,
      0.355,
      -0.055,
      0.538,
      0.169,
      0.174,
      0.428,
      -0.089
    ],
    [
      0.036,
      0.376,
      0.19,
      0.308,
      0.2,
      0.271,
      0.278,
      0.077,
      0.159,
      -0.124,
      -0.086,
      0.001,
      0.291,
      -0.104,
      0.054,
      0.227,
      -0.001,
      0.258,
      0.276,
      0.138,
      0.159,
      0.213,
      0.361,
      -0.394,
      0.418,
      0.108,
      0.209,
