{
  "meta": {
    "generated_at": "2026-06-01T13:09:35+00:00",
    "n_tickers": 61,
    "n_clusters": 0,
    "redundant_threshold": 0.75
  },
  "tickers": [
    "NTO",
    "ABBNE",
    "ABNB",
    "ADYEN",
    "AMZN",
    "BFIT",
    "BN",
    "CBAV",
    "CELH",
    "CHKP",
    "COR",
    "COST",
    "CPR",
    "CRWD",
    "DNP",
    "DSGX",
    "EVD",
    "FERG",
    "FICO",
    "GOOG",
    "GRMN",
    "HLMA",
    "IPCO",
    "ITX",
    "JDG",
    "JFN",
    "KIST",
    "KKR",
    "KRX",
    "KSPI",
    "LIFCO B",
    "LOTB",
    "LR",
    "META",
    "MIPS",
    "MNST",
    "MSFT",
    "NET",
    "NFLX",
    "NKE",
    "NVDA",
    "OTLY",
    "PRY",
    "RAA",
    "S",
    "SGO",
    "SIKA",
    "SPOT",
    "STMN",
    "SU",
    "TFF",
    "TFPM",
    "TGYM",
    "TREX",
    "TSM",
    "VEEV",
    "VID",
    "VRLA",
    "VLTO",
    "WOSG",
    "ZS"
  ],
  "matrix_1y": [
    [
      1.0,
      0.079,
      -0.144,
      0.047,
      0.06,
      0.018,
      -0.05,
      -0.009,
      0.03,
      -0.017,
      0.202,
      0.041,
      -0.035,
      0.008,
      -0.038,
      0.119,
      0.082,
      0.013,
      -0.097,
      0.062,
      -0.047,
      0.016,
      -0.06,
      0.09,
      -0.021,
      0.117,
      -0.063,
      -0.047,
      -0.043,
      0.029,
      0.11,
      0.021,
      0.012,
      0.058,
      0.075,
      0.131,
      0.064,
      0.014,
      0.115,
      -0.032,
      -0.073,
      0.064,
      0.041,
      0.055,
      -0.014,
      0.027,
      0.019,
      0.083,
      -0.028,
      0.089,
      -0.004,
      -0.043,
      0.089,
      -0.153,
      0.002,
      0.034,
      0.09,
      -0.103,
      0.116,
      0.028,
      0.004
    ],
    [
      0.079,
      1.0,
      0.17,
      0.193,
      0.264,
      0.173,
      0.293,
      0.122,
      0.128,
      -0.145,
      -0.009,
      -0.085,
      0.14,
      0.044,
      0.282,
      -0.053,
      0.161,
      0.255,
      -0.077,
      0.308,
      0.285,
      0.521,
      -0.171,
      0.385,
      0.082,
      0.257,
      -0.107,
      0.078,
      0.461,
      0.106,
      0.455,
      0.274,
      0.769,
      0.322,
      0.198,
      0.145,
      0.001,
      0.125,
      -0.006,
      0.036,
      0.336,
      0.25,
      0.704,
      0.334,
      -0.009,
      0.529,
      0.397,
      0.079,
      0.264,
      0.783,
      0.091,
      0.123,
      0.3,
      0.194,
      0.45,
      -0.148,
      0.309,
      0.107,
      0.122,
      0.311,
      -0.043
    ],
    [
      -0.144,
      0.17,
      1.0,
      0.33,
      0.38,
      0.126,
      0.493,
      0.102,
      0.129,
      0.197,
      -0.002,
      -0.029,
      0.016,
      0.313,
      0.053,
      0.295,
      0.194,
      0.25,
      0.283,
      0.213,
      0.424,
      0.125,
      -0.14,
      0.224,
      0.036,
      0.065,
      -0.051,
      0.488,
      0.202,
      0.284,
      0.153,
      0.098,
      0.151,
      0.309,
      0.17,
      0.147,
      0.286,
      0.206,
      0.108,
      0.376,
      0.13,
      0.3,
      0.073,
      0.149,
      0.396,
      0.251,
      0.223,
      0.213,
      0.23,
      0.239,
      0.052,
      0.011,
      0.125,
      0.278,
      0.162,
      0.359,
      0.056,
      0.006,
      0.376,
      0.222,
      0.284
    ],
    [
      0.047,
      0.193,
      0.33,
      1.0,
      0.248,
      0.216,
      0.189,
      0.013,
      0.161,
      0.145,
      0.053,
      -0.038,
      0.065,
      0.206,
      0.034,
      0.162,
      0.173,
      0.172,
      0.254,
      0.193,
      0.223,
      0.135,
      -0.1,
      0.156,
      0.009,
      0.26,
      -0.133,
      0.271,
      0.217,
      0.226,
      0.299,
      0.074,
      0.148,
      0.237,
      0.322,
      -0.026,
      0.19,
      0.18,
      0.134,
      0.191,
      0.138,
      0.197,
      0.231,
      0.225,
      0.247,
      0.233,
      0.309,
      0.299,
      0.347,
      0.273,
      0.083,
      0.152,
      0.242,
      0.097,
      0.231,
      0.349,
      0.21,
      0.03,
      0.253,
      0.242,
      0.169
    ],
    [
      0.06,
      0.264,
      0.38,
      0.248,
      1.0,
      0.107,
      0.349,
      0.05,
      0.182,
      0.007,
      -0.132,
      0.003,
      0.002,
      0.167,
      0.103,
      0.077,
      0.186,
      0.201,
      0.122,
      0.39,
      0.26,
      0.182,
      -0.054,
      0.182,
      0.07,
      0.094,
      -0.01,
      0.25,
      0.198,
      0.251,
      0.152,
      0.081,
      0.271,
      0.435,
      0.167,
      0.071,
      0.278,
      0.201,
      0.219,
      0.174,
      0.294,
      0.197,
      0.345,
      0.136,
      0.217,
      0.28,
      0.203,
      0.169,
      0.168,
      0.291,
      0.132,
      0.059,
      0.182,
      0.192,
      0.33,
      0.183,
      0.066,
      0.048,
      0.13,
      0.176,
      0.095
    ],
    [
      0.018,
      0.173,
      0.126,
      0.216,
      0.107,
      1.0,
      0.087,
      -0.001,
      0.022,
      -0.131,
      -0.038,
      0.022,
      0.181,
      0.009,
      0.151,
      0.056,
      0.187,
      0.021,
      0.056,
      0.093,
      0.066,
      0.149,
      -0.187,
      0.159,
      0.011,
      0.097,
      -0.164,
      0.054,
      0.155,
      0.029,
      0.154,
      0.195,
      0.164,
      0.157,
      0.204,
      -0.003,
      0.079,
      0.051,
      0.147,
      0.136,
      0.048,
      0.062,
      0.147,
      0.22,
      0.028,
      0.2,
      0.272,
      0.176,
      0.189,
      0.134,
      0.043,
      0.076,
      0.196,
      0.1,
      0.07,
      0.095,
      0.324,
      0.065,
      0.063,
      0.157,
      -0.017
    ],
    [
      -0.05,
      0.293,
      0.493,
      0.189,
      0.349,
      0.087,
      1.0,
      0.056,
      0.104,
      0.039,
      -0.094,
      -0.003,
      0.052,
      0.252,
      0.181,
      0.284,
      0.145,
      0.4,
      0.234,
      0.311,
      0.433,
      0.287,
      -0.147,
      0.228,
      0.055,
      0.121,
      -0.071,
      0.695,
      0.27,
      0.32,
      0.229,
      0.116,
      0.258,
      0.258,
      0.146,
      0.045,
      0.29,
      0.234,
      0.037,
      0.286,
      0.353,
      0.301,
      0.282,
      0.188,
      0.303,
      0.3,
      0.278,
      0.127,
      0.192,
      0.259,
      -0.007,
      0.099,
      0.19,
      0.331,
      0.438,
      0.201,
      0.149,
      0.084,
      0.217,
      0.289,
      0.172
    ],
    [
      -0.009,
      0.122,
      0.102,
      0.013,
      0.05,
      -0.001,
      0.056,
      1.0,
      0.156,
      -0.038,
      0.067,
      0.016,
      0.121,
      0.004,
      0.043,
      0.051,
      0.06,
      0.098,
      -0.022,
      0.123,
      0.069,
      0.128,
      -0.115,
      0.162,
      -0.048,
      -0.003,
      -0.06,
      0.038,
      0.067,
      -0.012,
      0.077,
      0.164,
      0.137,
      0.047,
      -0.006,
      0.061,
      0.048,
      0.05,
      -0.002,
      -0.025,
      0.109,
      0.101,
      0.137,
      0.169,
      0.038,
      0.114,
      0.114,
      0.011,
      0.015,
      0.119,
      0.038,
      -0.014,
      0.078,
      0.101,
      0.06,
      -0.012,
      0.053,
      -0.002,
      0.128,
      0.049,
      -0.108
    ],
    [
      0.03,
      0.128,
      0.129,
      0.161,
      0.182,
      0.022,
      0.104,
      0.156,
      1.0,
      -0.015,
      0.032,
      0.084,
      0.088,
      -0.048,
      0.133,
      0.081,
      0.067,
      0.162,
      0.007,
      0.145,
      0.174,
      0.155,
      -0.102,
      0.245,
      0.061,
      0.028,
      -0.031,
      0.056,
      0.178,
      0.064,
      0.167,
      0.124,
      0.307,
      0.118,
      0.132,
      0.235,
      0.149,
      0.056,
      0.061,
      0.142,
      0.166,
      0.043,
      0.17,
      0.043,
      0.127,
      0.241,
      0.15,
      0.068,
      0.059,
      0.202,
      0.085,
      0.067,
      0.017,
      0.107,
      0.257,
      0.137,
      0.058,
      0.172,
      0.177,
      0.093,
      -0.011
    ],
    [
      -0.017,
      -0.145,
      0.197,
      0.145,
      0.007,
      -0.131,
      0.039,
      -0.038,
      -0.015,
      1.0,
      0.111,
      -0.019,
      -0.06,
      0.372,
      -0.125,
      0.327,
      0.09,
      -0.096,
      0.226,
      -0.205,
      0.232,
      -0.073,
      0.096,
      -0.0,
      -0.018,
      0.05,
      0.01,
      0.13,
      -0.042,
      0.15,
      -0.097,
      -0.011,
      -0.139,
      0.205,
      -0.015,
      -0.038,
      0.33,
      0.275,
      0.034,
      0.066,
      0.054,
      0.182,
      -0.133,
      0.017,
      0.418,
      -0.11,
      -0.124,
      0.114,
      0.018,
      -0.062,
      -0.031,
      0.002,
      -0.062,
      0.025,
      -0.072,
      0.308,
      -0.076,
      -0.025,
      0.161,
      0.008,
      0.338
    ],
    [
      0.202,
      -0.009,
      -0.002,
      0.053,
      -0.132,
      -0.038,
      -0.094,
      0.067,
      0.032,
      0.111,
      1.0,
      0.154,
      -0.1,
      0.004,
      0.161,
      0.048,
      0.063,
      -0.036,
      -0.019,
      -0.046,
      -0.023,
      -0.008,
      0.003,
      -0.185,
      -0.007,
      -0.063,
      0.04,
      -0.068,
      -0.062,
      -0.094,
      -0.038,
      0.017,
      -0.062,
      0.005,
      -0.059,
      0.136,
      -0.093,
      -0.071,
      0.025,
      -0.08,
      -0.092,
      0.144,
      -0.052,
      0.044,
      -0.038,
      -0.095,
      -0.101,
      0.019,
      -0.035,
      -0.016,
      -0.111,
      0.016,
      -0.158,
      -0.146,
      -0.076,
      -0.015,
      -0.106,
      -0.039,
      0.269,
      -0.046,
      0.029
    ],
    [
      0.041,
      -0.085,
      -0.029,
      -0.038,
      0.003,
      0.022,
      -0.003,
      0.016,
      0.084,
      -0.019,
      0.154,
      1.0,
      0.041,
      -0.067,
      0.088,
      0.001,
      0.002,
      0.003,
      0.093,
      -0.018,
      0.01,
      0.002,
      -0.038,
      -0.025,
      0.079,
      -0.044,
      0.041,
      -0.023,
      -0.046,
      -0.073,
      -0.074,
      0.086,
      -0.073,
      -0.005,
      -0.118,
      0.084,
      -0.096,
      -0.075,
      0.095,
      0.088,
      -0.164,
      -0.035,
      -0.132,
      -0.042,
      0.018,
      -0.006,
      -0.004,
      -0.078,
      -0.0,
      -0.161,
      -0.036,
      -0.05,
      -0.037,
      -0.009,
      -0.034,
      -0.052,
      -0.067,
      0.039,
      0.131,
      -0.001,
      -0.059
    ],
    [
      -0.035,
      0.14,
      0.016,
      0.065,
      0.002,
      0.181,
      0.052,
      0.121,
      0.088,
      -0.06,
      -0.1,
      0.041,
      1.0,
      -0.206,
      0.04,
      -0.017,
      0.126,
      0.147,
      -0.023,
      0.088,
      0.074,
      0.133,
      -0.107,
      0.196,
      0.029,
      0.051,
      0.049,
      0.059,
      0.222,
      0.05,
      0.196,
      0.185,
      0.136,
      -0.131,
      0.222,
      0.122,
      -0.158,
      -0.189,
      -0.062,
      0.125,
      -0.109,
      0.1,
      0.026,
      0.142,
      -0.046,
      0.181,
      0.273,
      -0.045,
      0.298,
      0.08,
      0.07,
      0.058,
      0.176,
      0.16,
      0.088,
      -0.043,
      0.33,
      0.099,
      -0.026,
      0.162,
      -0.179
    ],
    [
      0.008,
      0.044,
      0.313,
      0.206,
      0.167,
      0.009,
      0.252,
      0.004,
      -0.048,
      0.372,
      0.004,
      -0.067,
      -0.206,
      1.0,
      -0.016,
      0.297,
      0.179,
      0.011,
      0.206,
      0.103,
      0.115,
      0.082,
      0.061,
      0.019,
      -0.051,
      0.167,
      0.015,
      0.322,
      -0.04,
      0.161,
      0.081,
      -0.011,
      0.071,
      0.132,
      0.017,
      -0.091,
      0.511,
      0.543,
      0.058,
      0.035,
      0.266,
      0.111,
      0.133,
      -0.074,
      0.511,
      0.01,
      -0.082,
      0.249,
      0.062,
      0.123,
      0.05,
      0.121,
      -0.011,
      -0.025,
      0.108,
      0.383,
      -0.104,
      -0.045,
      0.166,
      0.071,
      0.674
    ],
    [
      -0.038,
      0.282,
      0.053,
      0.034,
      0.103,
      0.151,
      0.181,
      0.043,
      0.133,
      -0.125,
      0.161,
      0.088,
      0.04,
      -0.016,
      1.0,
      -0.085,
      0.022,
      0.184,
      -0.01,
      0.221,
      0.198,
      0.242,
      -0.058,
      0.156,
      0.143,
      0.14,
      0.106,
      0.043,
      0.134,
      0.073,
      0.228,
      0.087,
      0.285,
      0.128,
      0.11,
      0.186,
      -0.108,
      0.016,
      0.064,
      0.107,
      0.14,
      0.155,
      0.227,
      0.185,
      0.028,
      0.208,
      0.199,
      0.01,
      0.092,
      0.215,
      0.169,
      0.252,
      0.117,
      0.069,
      0.213,
      -0.197,
      0.111,
      0.037,
      0.031,
      0.073,
      -0.124
    ],
    [
      0.119,
      -0.053,
      0.295,
      0.162,
      0.077,
      0.056,
      0.284,
      0.051,
      0.081,
      0.327,
      0.048,
      0.001,
      -0.017,
      0.297,
      -0.085,
      1.0,
      0.152,
      0.03,
      0.281,
      -0.004,
      0.231,
      0.052,
      -0.036,
      0.042,
      -0.072,
      -0.011,
      -0.074,
      0.348,
      -0.032,
      0.119,
      0.093,
      -0.011,
      -0.034,
      0.094,
      0.145,
      -0.093,
      0.357,
      0.243,
      0.09,
      0.138,
      0.052,
      0.044,
      -0.064,
      0.125,
      0.397,
      0.007,
      0.026,
      0.162,
      0.083,
      -0.026,
      -0.011,
      -0.071,
      -0.136,
      0.104,
      -0.027,
      0.388,
      -0.08,
      -0.044,
      0.255,
      0.054,
      0.333
    ],
    [
      0.082,
      0.161,
      0.194,
      0.173,
      0.186,
      0.187,
      0.145,
      0.06,
      0.067,
      0.09,
      0.063,
      0.002,
      0.126,
      0.179,
      0.022,
      0.152,
      1.0,
      0.015,
      0.088,
      0.182,
      0.143,
      0.145,
      -0.299,
      0.165,
      -0.004,
      0.279,
      -0.176,
      0.115,
      0.177,
      0.054,
      0.253,
      0.113,
      0.136,
      0.152,
      0.218,
      0.003,
      0.189,
      0.086,
      0.083,
      0.042,
      0.118,
      0.006,
      0.098,
      0.303,
      0.058,
      0.272,
      0.248,
      0.106,
      0.241,
      0.232,
      0.058,
      0.012,
      0.158,
      0.093,
      0.118,
      0.077,
      0.264,
      0.025,
      0.082,
      0.278,
      0.105
    ],
    [
      0.013,
      0.255,
      0.25,
      0.172,
      0.201,
      0.021,
      0.4,
      0.098,
      0.162,
      -0.096,
      -0.036,
      0.003,
      0.147,
      0.011,
      0.184,
      0.03,
      0.015,
      1.0,
      0.078,
      0.152,
      0.294,
      0.177,
      -0.053,
      0.128,
      0.089,
      0.055,
      -0.068,
      0.228,
      0.263,
      0.139,
      0.236,
      0.053,
      0.221,
      0.174,
      0.163,
      0.1,
      -0.059,
      0.048,
      -0.005,
      0.186,
      0.175,
      0.248,
      0.198,
      0.147,
      0.117,
      0.264,
      0.24,
      0.02,
      0.172,
      0.219,
      0.143,
      0.191,
      0.11,
      0.335,
      0.348,
      0.055,
      0.153,
      0.027,
      0.168,
      0.112,
      -0.053
    ],
    [
      -0.097,
      -0.077,
      0.283,
      0.254,
      0.122,
      0.056,
      0.234,
      -0.022,
      0.007,
      0.226,
      -0.019,
      0.093,
      -0.023,
      0.206,
      -0.01,
      0.281,
      0.088,
      0.078,
      1.0,
      0.099,
      0.171,
      -0.034,
      0.0,
      0.067,
      -0.027,
      0.047,
      -0.046,
      0.202,
      0.114,
      0.116,
      0.075,
      0.005,
      -0.09,
      0.063,
      0.123,
      0.069,
      0.129,
      0.258,
      0.12,
      0.219,
      -0.064,
      0.056,
      -0.038,
      0.112,
      0.351,
      0.102,
      0.148,
      0.207,
      0.147,
      0.006,
      0.12,
      -0.021,
      -0.089,
      0.086,
      -0.083,
      0.299,
      0.081,
      0.048,
      0.276,
      0.101,
      0.229
    ],
    [
      0.062,
      0.308,
      0.213,
      0.193,
      0.39,
      0.093,
      0.311,
      0.123,
      0.145,
      -0.205,
      -0.046,
      -0.018,
      0.088,
      0.103,
      0.221,
      -0.004,
      0.182,
      0.152,
      0.099,
      1.0,
      0.173,
      0.141,
      -0.146,
      0.212,
      0.017,
      0.099,
      -0.058,
      0.19,
      0.263,
      0.208,
      0.136,
      0.167,
      0.256,
      0.196,
      0.185,
      0.114,
      0.047,
      0.095,
      0.094,
      0.096,
      0.249,
      0.097,
      0.292,
      0.209,
      0.091,
      0.303,
      0.172,
      0.065,
      0.093,
      0.27,
      0.093,
      0.134,
      0.182,
      0.081,
      0.388,
      -0.043,
      0.133,
      0.056,
      0.106,
      0.23,
      0.056
    ],
    [
      -0.047,
      0.285,
      0.424,
      0.223,
      0.26,
      0.066,
      0.433,
      0.069,
      0.174,
      0.232,
      -0.023,
      0.01,
      0.074,
      0.115,
      0.198,
      0.231,
      0.143,
      0.294,
      0.171,
      0.173,
      1.0,
      0.251,
      -0.159,
      0.263,
      0.146,
      0.186,
      -0.046,
      0.326,
      0.302,
      0.336,
      0.267,
      0.241,
      0.237,
      0.239,
      0.145,
      0.15,
      0.12,
      0.106,
      0.037,
      0.344,
      0.208,
      0.313,
      0.224,
      0.228,
      0.209,
      0.277,
      0.224,
      0.138,
      0.15,
      0.326,
      0.064,
      0.228,
      0.133,
      0.316,
      0.313,
      0.111,
      0.162,
      0.091,
      0.322,
      0.208,
      0.071
    ],
    [
      0.016,
      0.521,
      0.125,
      0.135,
      0.182,
      0.149,
      0.287,
      0.128,
      0.155,
      -0.073,
      -0.008,
      0.002,
      0.133,
      0.082,
      0.242,
      0.052,
      0.145,
      0.177,
      -0.034,
      0.141,
      0.251,
      1.0,
      -0.239,
      0.341,
      0.095,
      0.264,
      -0.166,
      0.037,
      0.408,
      0.124,
      0.448,
      0.214,
      0.529,
      0.236,
      0.248,
      0.082,
      0.106,
      0.121,
      -0.024,
      -0.014,
      0.271,
      0.194,
      0.43,
      0.356,
      0.023,
      0.444,
      0.403,
      0.009,
      0.225,
      0.527,
      0.035,
      0.17,
      0.34,
      0.156,
      0.306,
      0.038,
      0.288,
      0.102,
      0.14,
      0.283,
      -0.008
    ],
    [
      -0.06,
      -0.171,
      -0.14,
      -0.1,
      -0.054,
      -0.187,
      -0.147,
      -0.115,
      -0.102,
      0.096,
      0.003,
      -0.038,
      -0.107,
      0.061,
      -0.058,
      -0.036,
      -0.299,
      -0.053,
      0.0,
      -0.146,
      -0.159,
      -0.239,
      1.0,
      -0.216,
      -0.036,
      -0.202,
      0.354,
      -0.053,
      -0.221,
      -0.003,
      -0.199,
      -0.15,
      -0.195,
      -0.152,
      -0.141,
      -0.112,
      -0.059,
      -0.008,
      0.002,
      0.038,
      -0.069,
      -0.122,
      -0.181,
      -0.288,
      -0.043,
      -0.386,
      -0.359,
      -0.043,
      -0.163,
      -0.223,
      -0.088,
      -0.085,
      -0.228,
      -0.093,
      -0.173,
      0.071,
      -0.296,
      -0.022,
      -0.066,
      -0.25,
      0.061
    ],
    [
      0.09,
      0.385,
      0.224,
      0.156,
      0.182,
      0.159,
      0.228,
      0.162,
      0.245,
      -0.0,
      -0.185,
      -0.025,
      0.196,
      0.019,
      0.156,
      0.042,
      0.165,
      0.128,
      0.067,
      0.212,
      0.263,
      0.341,
      -0.216,
      1.0,
      0.09,
      0.283,
      -0.119,
      0.152,
      0.427,
      0.113,
      0.43,
      0.285,
      0.334,
      0.108,
      0.247,
      0.141,
      0.015,
      0.095,
      -0.104,
      0.191,
      0.106,
      0.146,
      0.284,
      0.329,
      0.058,
      0.472,
      0.408,
      -0.081,
      0.287,
      0.508,
      0.062,
      0.052,
      0.243,
      0.197,
      0.218,
      0.079,
      0.416,
      0.217,
      0.135,
      0.387,
      -0.074
    ],
    [
      -0.021,
      0.082,
      0.036,
      0.009,
      0.07,
      0.011,
      0.055,
      -0.048,
      0.061,
      -0.018,
      -0.007,
      0.079,
      0.029,
      -0.051,
      0.143,
      -0.072,
      -0.004,
      0.089,
      -0.027,
      0.017,
      0.146,
      0.095,
      -0.036,
      0.09,
      1.0,
      -0.048,
      0.043,
      -0.071,
      0.045,
      0.022,
      0.068,
      0.006,
      0.087,
      0.025,
      0.045,
      0.078,
      -0.054,
      -0.08,
      -0.024,
      0.085,
      0.056,
      0.047,
      0.042,
      -0.097,
      -0.05,
      0.036,
      0.105,
      -0.054,
      0.011,
      0.026,
      0.064,
      0.054,
      0.061,
      0.066,
      0.093,
      -0.083,
      0.063,
      -0.039,
      -0.062,
      -0.003,
      -0.05
    ],
    [
      0.117,
      0.257,
      0.065,
      0.26,
      0.094,
      0.097,
      0.121,
      -0.003,
      0.028,
      0.05,
      -0.063,
      -0.044,
      0.051,
      0.167,
      0.14,
      -0.011,
      0.279,
      0.055,
      0.047,
      0.099,
      0.186,
      0.264,
      -0.202,
      0.283,
      -0.048,
      1.0,
      -0.133,
      0.123,
      0.211,
      0.16,
      0.304,
      0.143,
      0.265,
      0.11,
      0.293,
      -0.081,
      0.104,
      0.153,
      -0.006,
      -0.122,
      0.087,
      0.075,
      0.222,
      0.337,
      0.024,
      0.277,
      0.201,
      -0.057,
      0.185,
      0.241,
      0.102,
      0.155,
      0.356,
      0.007,
      0.102,
      -0.007,
      0.294,
      0.034,
      0.04,
      0.3,
      0.072
    ],
    [
      -0.063,
      -0.107,
      -0.051,
      -0.133,
      -0.01,
      -0.164,
      -0.071,
      -0.06,
      -0.031,
      0.01,
      0.04,
      0.041,
      0.049,
      0.015,
      0.106,
      -0.074,
      -0.176,
      -0.068,
      -0.046,
      -0.058,
      -0.046,
      -0.166,
      0.354,
      -0.119,
      0.043,
      -0.133,
      1.0,
      0.062,
      -0.175,
      -0.06,
      -0.137,
      -0.1,
      -0.15,
      -0.125,
      -0.077,
      -0.101,
      -0.081,
      -0.028,
      0.041,
      0.051,
      -0.062,
      -0.041,
      -0.162,
      -0.21,
      -0.076,
      -0.205,
      -0.281,
      -0.03,
      -0.076,
      -0.172,
      -0.059,
      -0.022,
      -0.133,
      0.011,
      -0.045,
      -0.14,
      -0.257,
      -0.071,
      -0.102,
      -0.227,
      -0.034
    ],
    [
      -0.047,
      0.078,
      0.488,
      0.271,
      0.25,
      0.054,
      0.695,
      0.038,
      0.056,
      0.13,
      -0.068,
      -0.023,
      0.059,
      0.322,
      0.043,
      0.348,
      0.115,
      0.228,
      0.202,
      0.19,
      0.326,
      0.037,
      -0.053,
      0.152,
      -0.071,
      0.123,
      0.062,
      1.0,
      0.15,
      0.303,
      0.135,
      0.028,
      0.038,
      0.145,
      0.111,
      -0.05,
      0.283,
      0.184,
      0.031,
      0.312,
      0.206,
      0.232,
      0.101,
      0.067,
      0.298,
      0.192,
      0.215,
      0.179,
      0.196,
      0.072,
      -0.06,
      -0.013,
      0.112,
      0.261,
      0.286,
      0.272,
      0.054,
      0.047,
      0.268,
      0.168,
      0.23
    ],
    [
      -0.043,
      0.461,
      0.202,
      0.217,
      0.198,
      0.155,
      0.27,
      0.067,
      0.178,
      -0.042,
      -0.062,
      -0.046,
      0.222,
      -0.04,
      0.134,
      -0.032,
      0.177,
      0.263,
      0.114,
      0.263,
      0.302,
      0.408,
      -0.221,
      0.427,
      0.045,
      0.211,
      -0.175,
      0.15,
      1.0,
      0.204,
      0.458,
      0.258,
      0.469,
      0.243,
      0.332,
      0.099,
      0.071,
      -0.01,
      -0.032,
      0.159,
      0.187,
      0.215,
      0.44,
      0.396,
      -0.012,
      0.681,
      0.587,
      0.004,
      0.336,
      0.553,
      0.141,
      0.172,
      0.262,
      0.203,
      0.407,
      0.052,
      0.468,
      0.178,
      0.137,
      0.393,
      -0.081
    ],
    [
      0.029,
      0.106,
      0.284,
      0.226,
      0.251,
      0.029,
      0.32,
      -0.012,
      0.064,
      0.15,
      -0.094,
      -0.073,
      0.05,
      0.161,
      0.073,
      0.119,
      0.054,
      0.139,
      0.116,
      0.208,
      0.336,
      0.124,
      -0.003,
      0.113,
      0.022,
      0.16,
      -0.06,
      0.303,
      0.204,
      1.0,
      0.197,
      0.104,
      0.129,
      0.238,
      0.212,
      0.005,
      0.217,
      0.187,
      0.057,
      0.248,
      0.257,
      0.168,
      0.165,
      0.122,
      0.242,
      0.243,
      0.222,
      0.155,
      0.182,
      0.22,
      0.081,
      0.168,
      0.134,
      0.161,
      0.175,
      0.217,
      0.101,
      0.126,
      0.206,
      0.22,
      0.126
    ],
    [
      0.11,
      0.455,
      0.153,
      0.299,
      0.152,
      0.154,
      0.229,
      0.077,
      0.167,
      -0.097,
      -0.038,
      -0.074,
      0.196,
      0.081,
      0.228,
      0.093,
      0.253,
      0.236,
      0.075,
      0.136,
      0.267,
      0.448,
      -0.199,
      0.43,
      0.068,
      0.304,
      -0.137,
      0.135,
      0.458,
      0.197,
      1.0,
      0.158,
      0.437,
      0.119,
      0.392,
      0.005,
      0.11,
      0.066,
      -0.07,
      0.117,
      0.162,
      0.186,
      0.368,
      0.399,
      0.01,
      0.546,
      0.481,
      0.01,
      0.397,
      0.524,
      0.101,
      0.16,
      0.345,
      0.216,
      0.219,
      0.047,
      0.409,
      0.129,
      0.134,
      0.352,
      0.024
    ],
    [
      0.021,
      0.274,
      0.098,
      0.074,
      0.081,
      0.195,
      0.116,
      0.164,
      0.124,
      -0.011,
      0.017,
      0.086,
      0.185,
      -0.011,
      0.087,
      -0.011,
      0.113,
      0.053,
      0.005,
      0.167,
      0.241,
      0.214,
      -0.15,
      0.285,
      0.006,
      0.143,
      -0.1,
      0.028,
      0.258,
      0.104,
      0.158,
      1.0,
      0.216,
      0.178,
      0.176,
      0.2,
      0.008,
      -0.006,
      0.017,
      0.046,
      0.104,
      0.109,
      0.301,
      0.289,
      -0.062,
      0.267,
      0.282,
      -0.036,
      0.171,
      0.289,
      0.13,
      0.14,
      0.201,
      0.038,
      0.172,
      -0.033,
      0.187,
      0.167,
      0.024,
      0.195,
      -0.033
    ],
    [
      0.012,
      0.769,
      0.151,
      0.148,
      0.271,
      0.164,
      0.258,
      0.137,
      0.307,
      -0.139,
      -0.062,
      -0.073,
      0.136,
      0.071,
      0.285,
      -0.034,
      0.136,
      0.221,
      -0.09,
      0.256,
      0.237,
      0.529,
      -0.195,
      0.334,
      0.087,
      0.265,
      -0.15,
      0.038,
      0.469,
      0.129,
      0.437,
      0.216,
      1.0,
      0.297,
      0.146,
      0.144,
      0.1,
      0.163,
      -0.033,
      -0.004,
      0.371,
      0.197,
      0.662,
      0.34,
      0.066,
      0.512,
      0.301,
      0.02,
      0.235,
      0.736,
      0.088,
      0.166,
      0.337,
      0.146,
      0.443,
      -0.08,
      0.294,
      0.089,
      0.133,
      0.211,
      0.027
    ],
    [
      0.058,
      0.322,
      0.309,
      0.237,
      0.435,
      0.157,
      0.258,
      0.047,
      0.118,
      0.205,
      0.005,
      -0.005,
      -0.131,
      0.132,
      0.128,
      0.094,
      0.152,
      0.174,
      0.063,
      0.196,
      0.239,
      0.236,
      -0.152,
      0.108,
      0.025,
      0.11,
      -0.125,
      0.145,
      0.243,
      0.238,
      0.119,
      0.178,
      0.297,
      1.0,
      0.201,
      0.016,
      0.312,
      0.179,
      0.099,
      0.146,
      0.378,
      0.289,
      0.313,
      0.208,
      0.084,
      0.298,
      0.243,
      0.142,
      0.037,
      0.316,
      0.086,
      0.015,
      0.186,
      0.085,
      0.317,
      0.106,
      0.027,
      0.001,
      0.213,
      0.129,
      0.047
    ],
    [
      0.075,
      0.198,
      0.17,
      0.322,
      0.167,
      0.204,
      0.146,
      -0.006,
      0.132,
      -0.015,
      -0.059,
      -0.118,
      0.222,
      0.017,
      0.11,
      0.145,
      0.218,
      0.163,
      0.123,
      0.185,
      0.145,
      0.248,
      -0.141,
      0.247,
      0.045,
      0.293,
      -0.077,
      0.111,
      0.332,
      0.212,
      0.392,
      0.176,
      0.146,
      0.201,
      1.0,
      0.077,
      0.099,
      0.04,
      -0.039,
      0.121,
      0.065,
      0.139,
      0.219,
      0.328,
      0.092,
      0.395,
      0.439,
      0.168,
      0.213,
      0.251,
      0.1,
      0.106,
      0.345,
      0.23,
      0.162,
      0.075,
      0.397,
      0.118,
      0.094,
      0.348,
      0.024
    ],
    [
      0.131,
      0.145,
      0.147,
      -0.026,
      0.071,
      -0.003,
      0.045,
      0.061,
      0.235,
      -0.038,
      0.136,
      0.084,
      0.122,
      -0.091,
      0.186,
      -0.093,
      0.003,
      0.1,
      0.069,
      0.114,
      0.15,
      0.082,
      -0.112,
      0.141,
      0.078,
      -0.081,
      -0.101,
      -0.05,
      0.099,
      0.005,
      0.005,
      0.2,
      0.144,
      0.016,
      0.077,
      1.0,
      -0.045,
      -0.35,
      0.011,
      0.042,
      -0.015,
      0.035,
      0.148,
      0.074,
      0.034,
      0.148,
      0.12,
      -0.032,
      0.025,
      0.149,
      0.076,
      0.161,
      0.07,
      0.121,
      0.026,
      -0.037,
      0.114,
      0.046,
      0.1,
      0.125,
      -0.102
    ],
    [
      0.064,
      0.001,
      0.286,
      0.19,
      0.278,
      0.079,
      0.29,
      0.048,
      0.149,
      0.33,
      -0.093,
      -0.096,
      -0.158,
      0.511,
      -0.108,
      0.357,
      0.189,
      -0.059,
      0.129,
      0.047,
      0.12,
      0.106,
      -0.059,
      0.015,
      -0.054,
      0.104,
      -0.081,
      0.283,
      0.071,
      0.217,
      0.11,
      0.008,
      0.1,
      0.312,
      0.099,
      -0.045,
      1.0,
      0.368,
      0.166,
      0.057,
      0.346,
      0.07,
      0.133,
      -0.008,
      0.311,
      0.121,
      0.024,
      0.173,
      0.1,
      0.131,
      0.073,
      0.122,
      0.092,
      0.058,
      0.189,
      0.424,
      -0.018,
      -0.004,
      0.107,
      0.15,
      0.427
    ],
    [
      0.014,
      0.125,
      0.206,
      0.18,
      0.201,
      0.051,
      0.234,
      0.05,
      0.056,
      0.275,
      -0.071,
      -0.075,
      -0.189,
      0.543,
      0.016,
      0.243,
      0.086,
      0.048,
      0.258,
      0.095,
      0.106,
      0.121,
      -0.008,
      0.095,
      -0.08,
      0.153,
      -0.028,
      0.184,
      -0.01,
      0.187,
      0.066,
      -0.006,
      0.163,
      0.179,
      0.04,
      -0.35,
      0.368,
      1.0,
      0.081,
      0.061,
      0.226,
      0.217,
      0.155,
      0.024,
      0.423,
      0.049,
      -0.035,
      0.265,
      0.129,
      0.179,
      -0.032,
      0.02,
      0.004,
      -0.007,
      0.204,
      0.325,
      -0.042,
      -0.02,
      0.114,
      0.039,
      0.465
    ],
    [
      0.115,
      -0.006,
      0.108,
      0.134,
      0.219,
      0.147,
      0.037,
      -0.002,
      0.061,
      0.034,
      0.025,
      0.095,
      -0.062,
      0.058,
      0.064,
      0.09,
      0.083,
      -0.005,
      0.12,
      0.094,
      0.037,
      -0.024,
      0.002,
      -0.104,
      -0.024,
      -0.006,
      0.041,
      0.031,
      -0.032,
      0.057,
      -0.07,
      0.017,
      -0.033,
      0.099,
      -0.039,
      0.011,
      0.166,
      0.081,
      1.0,
      0.026,
      0.034,
      -0.014,
      0.078,
      0.022,
      0.097,
      -0.026,
      0.014,
      0.379,
      0.046,
      0.021,
      0.025,
      0.101,
      -0.053,
      -0.098,
      0.053,
      0.065,
      -0.046,
      -0.1,
      0.026,
      -0.044,
      0.019
    ],
    [
      -0.032,
      0.036,
      0.376,
      0.191,
      0.174,
      0.136,
      0.286,
      -0.025,
      0.142,
      0.066,
      -0.08,
      0.088,
      0.125,
      0.035,
      0.107,
      0.138,
      0.042,
      0.186,
      0.219,
      0.096,
      0.344,
      -0.014,
      0.038,
      0.191,
      0.085,
      -0.122,
      0.051,
      0.312,
      0.159,
      0.248,
      0.117,
      0.046,
      -0.004,
      0.146,
      0.121,
      0.042,
      0.057,
      0.061,
      0.026,
      1.0,
      0.037,
      0.08,
      0.013,
      0.061,
      0.118,
      0.219,
      0.231,
      0.106,
      0.192,
      0.11,
      0.092,
      -0.037,
      -0.076,
      0.268,
      0.177,
      0.155,
      0.09,
      0.071,
      0.151,
      0.173,
      0.067
    ],
    [
      -0.073,
      0.336,
      0.13,
      0.138,
      0.294,
      0.048,
      0.353,
      0.109,
      0.166,
      0.054,
      -0.092,
      -0.164,
      -0.109,
      0.266,
      0.14,
      0.052,
      0.118,
      0.175,
      -0.064,
      0.249,
      0.208,
      0.271,
      -0.069,
      0.106,
      0.056,
      0.087,
      -0.062,
      0.206,
      0.187,
      0.257,
      0.162,
      0.104,
      0.371,
      0.378,
      0.065,
      -0.015,
      0.346,
      0.226,
      0.034,
      0.037,
      1.0,
      0.172,
      0.401,
      0.132,
      0.112,
      0.213,
      0.065,
      0.08,
      0.097,
      0.365,
      0.049,
      0.173,
      0.226,
      0.131,
      0.616,
      0.063,
      0.027,
      0.062,
      0.03,
      0.154,
      0.106
    ],
    [
      0.064,
      0.25,
      0.3,
      0.197,
      0.197,
      0.062,
      0.301,
      0.101,
      0.043,
      0.182,
      0.144,
      -0.035,
      0.1,
      0.111,
      0.155,
      0.044,
      0.006,
      0.248,
      0.056,
      0.097,
      0.313,
      0.194,
      -0.122,
      0.146,
      0.047,
      0.075,
      -0.041,
      0.232,
      0.215,
      0.168,
      0.186,
      0.109,
      0.197,
      0.289,
      0.139,
      0.035,
      0.07,
      0.217,
      -0.014,
      0.08,
      0.172,
      1.0,
      0.142,
      0.092,
      0.236,
      0.144,
      0.146,
      0.213,
      0.056,
      0.185,
      -0.079,
      0.046,
      0.147,
      0.126,
      0.26,
      0.128,
      0.081,
      -0.002,
      0.363,
      0.111,
      0.085
    ],
    [
      0.041,
      0.704,
      0.073,
      0.231,
      0.345,
      0.147,
      0.282,
      0.137,
      0.17,
      -0.133,
      -0.052,
      -0.132,
      0.026,
      0.133,
      0.227,
      -0.064,
      0.098,
      0.198,
      -0.038,
      0.292,
      0.224,
      0.43,
      -0.181,
      0.284,
      0.042,
      0.222,
      -0.162,
      0.101,
      0.44,
      0.165,
      0.368,
      0.301,
      0.662,
      0.313,
      0.219,
      0.148,
      0.133,
      0.155,
      0.078,
      0.013,
      0.401,
      0.142,
      1.0,
      0.343,
      0.041,
      0.452,
      0.313,
      0.079,
      0.218,
      0.687,
      0.141,
      0.199,
      0.29,
      0.145,
      0.435,
      -0.052,
      0.276,
      0.193,
      0.058,
      0.287,
      0.023
    ],
    [
      0.055,
      0.334,
      0.149,
      0.225,
      0.136,
      0.22,
      0.188,
      0.169,
      0.043,
      0.017,
      0.044,
      -0.042,
      0.142,
      -0.074,
      0.185,
      0.125,
      0.303,
      0.147,
      0.112,
      0.209,
      0.228,
      0.356,
      -0.288,
      0.329,
      -0.097,
      0.337,
      -0.21,
      0.067,
      0.396,
      0.122,
      0.399,
      0.289,
      0.34,
      0.208,
      0.328,
      0.074,
      -0.008,
      0.024,
      0.022,
      0.061,
      0.132,
      0.092,
      0.343,
      1.0,
      0.004,
      0.419,
      0.38,
      0.01,
      0.369,
      0.431,
      0.121,
      0.119,
      0.354,
      0.238,
      0.264,
      0.056,
      0.366,
      0.069,
      0.106,
      0.341,
      -0.063
    ],
    [
      -0.014,
      -0.009,
      0.396,
      0.247,
      0.217,
      0.028,
      0.303,
      0.038,
      0.127,
      0.418,
      -0.038,
      0.018,
      -0.046,
      0.511,
      0.028,
      0.397,
      0.058,
      0.117,
      0.351,
      0.091,
      0.209,
      0.023,
      -0.043,
      0.058,
      -0.05,
      0.024,
      -0.076,
      0.298,
      -0.012,
      0.242,
      0.01,
      -0.062,
      0.066,
      0.084,
      0.092,
      0.034,
      0.311,
      0.423,
      0.097,
      0.118,
      0.112,
      0.236,
      0.041,
      0.004,
      1.0,
      0.005,
      -0.002,
      0.256,
      0.042,
      0.072,
      0.118,
      -0.014,
      0.011,
      0.116,
      0.069,
      0.385,
      -0.034,
      0.042,
      0.243,
      0.08,
      0.484
    ],
    [
      0.027,
      0.529,
      0.251,
      0.233,
      0.28,
      0.2,
      0.3,
      0.114,
      0.241,
      -0.11,
      -0.095,
      -0.006,
      0.181,
      0.01,
      0.208,
      0.007,
      0.272,
      0.264,
      0.102,
      0.303,
      0.277,
      0.444,
      -0.386,
      0.472,
      0.036,
      0.277,
      -0.205,
      0.192,
      0.681,
      0.243,
      0.546,
      0.267,
      0.512,
      0.298,
      0.395,
      0.148,
      0.121,
      0.049,
      -0.026,
      0.219,
      0.213,
      0.144,
      0.452,
      0.419,
      0.005,
      1.0,
      0.684,
      0.003,
      0.342,
      0.644,
      0.176,
      0.159,
      0.337,
      0.241,
      0.387,
      -0.03,
      0.534,
      0.169,
      0.171,
      0.445,
      -0.06
    ],
    [
      0.019,
      0.397,
      0.223,
      0.309,
      0.203,
      0.272,
      0.278,
      0.114,
      0.15,
      -0.124,
      -0.101,
      -0.004,
      0.273,
      -0.082,
      0.199,
      0.026,
      0.248,
      0.24,
      0.148,
      0.172,
      0.224,
      0.403,
      -0.359,
      0.408,
      0.105,
      0.201,
      -0.281,
      0.215,
      0.587,
      0.222,
      0.481,
      0.282,
      0.301,
      0.243,
      0.439,
      0.12,
      0.024,
      -0.035,
      0.014,
      0.231,
      0.065,
      0.146,
      0.313,
      0.38,
      -0.002,
      0.684,
      1.0,
      0.104,
      0.461,
      0.429,
      0.188,
      0.097,
      0.227,
      0.177,
      0.247,
      0.011,
      0.49,
      0.141,
      0.13,
      0.413,
      -0.126
    ],
    [
      0.083,
      0.079,
      0.213,
      0.299,
      0.169,
      0.176,
      0.127,
      0.011,
      0.068,
      0.114,
      0.019,
      -0.078,
      -0.045,
      0.249,
      0.01,
      0.162,
      0.106,
      0.02,
      0.207,
      0.065,
      0.138,
      0.009,
      -0.043,
      -0.081,
      -0.054,
      -0.057,
      -0.03,
      0.179,
      0.004,
      0.155,
      0.01,
      -0.036,
      0.02,
      0.142,
      0.168,
      -0.032,
      0.173,
      0.265,
      0.379,
      0.106,
      0.08,
      0.213,
      0.079,
      0.01,
      0.256,
      0.003,
      0.104,
      1.0,
      0.036,
      0.117,
      0.002,
      0.153,
      -0.072,
      0.009,
      0.124,
      0.178,
      0.034,
      -0.079,
      0.197,
      0.02,
      0.219
    ],
    [
      -0.028,
      0.264,
      0.23,
      0.347,
      0.168,
      0.189,
      0.192,
      0.015,
      0.059,
      0.018,
      -0.035,
      -0.0,
      0.298,
      0.062,
      0.092,
      0.083,
      0.241,
      0.172,
