{
  "meta": {
    "generated_at": "2026-07-01T10:54:26+00:00",
    "n_tickers": 62,
    "n_clusters": 0,
    "redundant_threshold": 0.75
  },
  "tickers": [
    "NTO",
    "ABBNE",
    "ABNB",
    "ADYEN",
    "AMZN",
    "BFIT",
    "BN",
    "CBAV",
    "CELH",
    "CHKP",
    "COR",
    "COST",
    "CPR",
    "CRWD",
    "CSU",
    "DNP",
    "DSGX",
    "EVD",
    "FERG",
    "FICO",
    "GOOG",
    "GRMN",
    "HLMA",
    "IPCO",
    "ITX",
    "JDG",
    "JFN",
    "KIST",
    "KKR",
    "KRX",
    "KSPI",
    "LIFCO B",
    "LOTB",
    "LR",
    "META",
    "MIPS",
    "MNST",
    "MSFT",
    "NET",
    "NFLX",
    "NKE",
    "NVDA",
    "OTLY",
    "PRY",
    "RAA",
    "S",
    "SGO",
    "SIKA",
    "SPOT",
    "STMN",
    "SU",
    "TFF",
    "TFPM",
    "TGYM",
    "TREX",
    "TSM",
    "VEEV",
    "VID",
    "VRLA",
    "VLTO",
    "WOSG",
    "ZS"
  ],
  "matrix_1y": [
    [
      1.0,
      0.102,
      -0.113,
      0.038,
      0.037,
      -0.053,
      -0.067,
      -0.027,
      0.003,
      -0.052,
      0.17,
      0.018,
      -0.031,
      -0.017,
      -0.124,
      -0.004,
      0.051,
      0.075,
      0.028,
      -0.095,
      0.071,
      -0.028,
      -0.005,
      -0.098,
      0.113,
      -0.042,
      0.13,
      -0.089,
      -0.07,
      0.018,
      0.001,
      0.108,
      -0.006,
      0.015,
      0.021,
      0.041,
      0.147,
      -0.019,
      0.003,
      0.065,
      -0.04,
      -0.11,
      0.05,
      0.075,
      0.086,
      -0.027,
      0.03,
      0.01,
      0.052,
      0.014,
      0.091,
      -0.015,
      -0.04,
      0.06,
      -0.117,
      0.008,
      0.01,
      0.069,
      -0.09,
      0.13,
      0.01,
      -0.031
    ],
    [
      0.102,
      1.0,
      0.141,
      0.181,
      0.228,
      0.125,
      0.279,
      0.128,
      0.114,
      -0.15,
      -0.046,
      -0.113,
      0.135,
      0.08,
      -0.114,
      0.258,
      -0.093,
      0.17,
      0.27,
      -0.096,
      0.287,
      0.284,
      0.413,
      -0.171,
      0.344,
      0.121,
      0.216,
      -0.101,
      0.08,
      0.431,
      0.095,
      0.43,
      0.229,
      0.758,
      0.303,
      0.167,
      0.111,
      -0.032,
      0.125,
      -0.051,
      -0.046,
      0.344,
      0.196,
      0.707,
      0.352,
      -0.013,
      0.493,
      0.375,
      0.056,
      0.257,
      0.796,
      0.065,
      0.164,
      0.283,
      0.187,
      0.461,
      -0.182,
      0.258,
      0.099,
      0.088,
      0.292,
      -0.055
    ],
    [
      -0.113,
      0.141,
      1.0,
      0.338,
      0.371,
      0.1,
      0.433,
      0.059,
      0.117,
      0.2,
      -0.021,
      -0.015,
      0.009,
      0.344,
      0.316,
      0.001,
      0.347,
      0.21,
      0.239,
      0.295,
      0.22,
      0.389,
      0.084,
      -0.123,
      0.201,
      0.077,
      0.063,
      -0.021,
      0.426,
      0.143,
      0.285,
      0.144,
      0.056,
      0.119,
      0.298,
      0.142,
      0.138,
      0.304,
      0.245,
      0.13,
      0.37,
      0.163,
      0.286,
      0.054,
      0.111,
      0.412,
      0.207,
      0.182,
      0.222,
      0.192,
      0.231,
      0.029,
      0.048,
      0.132,
      0.276,
      0.165,
      0.387,
      -0.007,
      -0.012,
      0.352,
      0.208,
      0.322
    ],
    [
      0.038,
      0.181,
      0.338,
      1.0,
      0.273,
      0.175,
      0.202,
      -0.025,
      0.139,
      0.129,
      0.042,
      -0.027,
      0.075,
      0.195,
      0.159,
      0.011,
      0.188,
      0.216,
      0.195,
      0.245,
      0.22,
      0.213,
      0.175,
      -0.1,
      0.121,
      0.068,
      0.23,
      -0.102,
      0.297,
      0.178,
      0.202,
      0.298,
      0.025,
      0.155,
      0.254,
      0.288,
      -0.046,
      0.208,
      0.169,
      0.123,
      0.159,
      0.18,
      0.208,
      0.204,
      0.223,
      0.245,
      0.206,
      0.294,
      0.291,
      0.325,
      0.272,
      0.054,
      0.25,
      0.275,
      0.086,
      0.254,
      0.306,
      0.17,
      0.053,
      0.188,
      0.234,
      0.173
    ],
    [
      0.037,
      0.228,
      0.371,
      0.273,
      1.0,
      0.063,
      0.346,
      0.038,
      0.166,
      0.02,
      -0.129,
      0.015,
      0.001,
      0.189,
      0.066,
      0.099,
      0.086,
      0.238,
      0.266,
      0.136,
      0.407,
      0.26,
      0.14,
      -0.063,
      0.137,
      0.091,
      0.126,
      0.015,
      0.23,
      0.135,
      0.239,
      0.132,
      0.034,
      0.227,
      0.463,
      0.141,
      0.063,
      0.317,
      0.206,
      0.241,
      0.167,
      0.303,
      0.204,
      0.313,
      0.095,
      0.247,
      0.214,
      0.146,
      0.18,
      0.099,
      0.253,
      0.122,
      0.149,
      0.186,
      0.197,
      0.328,
      0.217,
      0.025,
      0.058,
      0.093,
      0.17,
      0.113
    ],
    [
      -0.053,
      0.125,
      0.1,
      0.175,
      0.063,
      1.0,
      0.056,
      -0.024,
      0.035,
      -0.121,
      -0.038,
      0.056,
      0.175,
      0.011,
      0.128,
      0.143,
      0.063,
      0.158,
      0.007,
      0.055,
      0.038,
      0.024,
      0.114,
      -0.164,
      0.126,
      0.025,
      0.073,
      -0.138,
      0.026,
      0.087,
      0.009,
      0.138,
      0.22,
      0.113,
      0.095,
      0.166,
      0.036,
      0.052,
      -0.013,
      0.13,
      0.073,
      -0.003,
      0.085,
      0.074,
      0.205,
      0.013,
      0.149,
      0.252,
      0.161,
      0.159,
      0.056,
      0.057,
      0.067,
      0.148,
      0.083,
      0.01,
      0.043,
      0.321,
      0.057,
      0.003,
      0.146,
      -0.014
    ],
    [
      -0.067,
      0.279,
      0.433,
      0.202,
      0.346,
      0.056,
      1.0,
      0.057,
      0.072,
      0.04,
      -0.082,
      -0.019,
      0.066,
      0.248,
      0.24,
      0.185,
      0.291,
      0.16,
      0.474,
      0.231,
      0.327,
      0.423,
      0.217,
      -0.128,
      0.228,
      0.08,
      0.1,
      -0.079,
      0.702,
      0.229,
      0.305,
      0.213,
      0.094,
      0.244,
      0.237,
      0.133,
      0.017,
      0.282,
      0.23,
      0.023,
      0.282,
      0.358,
      0.252,
      0.255,
      0.174,
      0.284,
      0.276,
      0.243,
      0.116,
      0.136,
      0.246,
      -0.035,
      0.149,
      0.193,
      0.323,
      0.399,
      0.187,
      0.125,
      0.087,
      0.175,
      0.288,
      0.168
    ],
    [
      -0.027,
      0.128,
      0.059,
      -0.025,
      0.038,
      -0.024,
      0.057,
      1.0,
      0.116,
      -0.053,
      0.095,
      -0.03,
      0.083,
      -0.001,
      0.058,
      0.028,
      0.019,
      0.071,
      0.093,
      -0.008,
      0.118,
      0.078,
      0.016,
      -0.085,
      0.154,
      -0.039,
      -0.001,
      -0.065,
      0.033,
      0.06,
      -0.007,
      0.096,
      0.17,
      0.127,
      0.011,
      0.027,
      0.034,
      0.038,
      0.05,
      -0.01,
      0.031,
      0.089,
      0.048,
      0.137,
      0.199,
      0.006,
      0.098,
      0.078,
      0.005,
      0.001,
      0.121,
      0.005,
      -0.043,
      0.035,
      0.119,
      0.063,
      0.01,
      0.051,
      -0.009,
      0.12,
      0.044,
      -0.097
    ],
    [
      0.003,
      0.114,
      0.117,
      0.139,
      0.166,
      0.035,
      0.072,
      0.116,
      1.0,
      -0.013,
      0.028,
      0.099,
      0.084,
      -0.047,
      0.082,
      0.142,
      0.038,
      0.125,
      0.132,
      0.002,
      0.11,
      0.132,
      0.098,
      -0.1,
      0.233,
      0.073,
      0.045,
      -0.025,
      0.014,
      0.182,
      0.068,
      0.163,
      0.134,
      0.287,
      0.1,
      0.126,
      0.232,
      0.123,
      0.01,
      0.055,
      0.134,
      0.092,
      0.028,
      0.137,
      0.036,
      0.091,
      0.218,
      0.144,
      0.06,
      0.056,
      0.177,
      0.067,
      0.1,
      -0.003,
      0.101,
      0.183,
      0.104,
      0.07,
      0.179,
      0.159,
      0.084,
      -0.028
    ],
    [
      -0.052,
      -0.15,
      0.2,
      0.129,
      0.02,
      -0.121,
      0.04,
      -0.053,
      -0.013,
      1.0,
      0.113,
      -0.035,
      -0.08,
      0.375,
      0.202,
      -0.113,
      0.375,
      0.106,
      -0.108,
      0.222,
      -0.205,
      0.224,
      -0.041,
      0.093,
      -0.029,
      -0.047,
      0.06,
      0.014,
      0.119,
      -0.083,
      0.152,
      -0.086,
      -0.022,
      -0.128,
      0.169,
      -0.003,
      -0.05,
      0.362,
      0.296,
      0.049,
      0.043,
      0.055,
      0.155,
      -0.15,
      -0.018,
      0.44,
      -0.105,
      -0.111,
      0.136,
      0.009,
      -0.059,
      -0.013,
      0.008,
      -0.047,
      -0.008,
      -0.062,
      0.357,
      -0.065,
      -0.016,
      0.166,
      0.005,
      0.363
    ],
    [
      0.17,
      -0.046,
      -0.021,
      0.042,
      -0.129,
      -0.038,
      -0.082,
      0.095,
      0.028,
      0.113,
      1.0,
      0.166,
      -0.08,
      -0.035,
      -0.0,
      0.182,
      0.042,
      0.065,
      -0.02,
      -0.004,
      -0.038,
      -0.018,
      -0.034,
      -0.017,
      -0.152,
      0.012,
      -0.063,
      0.028,
      -0.061,
      -0.063,
      -0.108,
      -0.023,
      0.033,
      -0.107,
      -0.004,
      -0.034,
      0.139,
      -0.097,
      -0.082,
      0.011,
      -0.108,
      -0.131,
      0.139,
      -0.089,
      0.04,
      -0.052,
      -0.08,
      -0.089,
      0.002,
      -0.049,
      -0.065,
      -0.117,
      0.002,
      -0.168,
      -0.125,
      -0.125,
      -0.013,
      -0.075,
      -0.041,
      0.273,
      -0.049,
      0.009
    ],
    [
      0.018,
      -0.113,
      -0.015,
      -0.027,
      0.015,
      0.056,
      -0.019,
      -0.03,
      0.099,
      -0.035,
      0.166,
      1.0,
      0.012,
      -0.103,
      0.072,
      0.099,
      -0.065,
      0.01,
      -0.018,
      0.09,
      -0.013,
      -0.013,
      0.032,
      -0.017,
      -0.057,
      0.07,
      -0.007,
      0.03,
      -0.031,
      -0.03,
      -0.076,
      -0.038,
      0.069,
      -0.116,
      -0.002,
      -0.115,
      0.069,
      -0.071,
      -0.083,
      0.107,
      0.052,
      -0.205,
      -0.034,
      -0.163,
      -0.054,
      0.005,
      -0.014,
      -0.024,
      -0.065,
      -0.055,
      -0.195,
      -0.009,
      -0.041,
      -0.001,
      -0.039,
      -0.084,
      -0.021,
      -0.035,
      0.045,
      0.104,
      0.001,
      -0.075
    ],
    [
      -0.031,
      0.135,
      0.009,
      0.075,
      0.001,
      0.175,
      0.066,
      0.083,
      0.084,
      -0.08,
      -0.08,
      0.012,
      1.0,
      -0.203,
      -0.003,
      0.072,
      -0.085,
      0.148,
      0.188,
      -0.019,
      0.093,
      0.058,
      0.113,
      -0.097,
      0.204,
      0.013,
      0.075,
      0.035,
      0.071,
      0.235,
      0.043,
      0.208,
      0.163,
      0.148,
      -0.141,
      0.229,
      0.124,
      -0.16,
      -0.186,
      -0.057,
      0.118,
      -0.118,
      0.09,
      0.01,
      0.157,
      -0.059,
      0.193,
      0.288,
      -0.041,
      0.271,
      0.082,
      0.043,
      0.055,
      0.181,
      0.149,
      0.07,
      -0.045,
      0.335,
      0.095,
      -0.007,
      0.142,
      -0.188
    ],
    [
      -0.017,
      0.08,
      0.344,
      0.195,
      0.189,
      0.011,
      0.248,
      -0.001,
      -0.047,
      0.375,
      -0.035,
      -0.103,
      -0.203,
      1.0,
      0.224,
      -0.074,
      0.347,
      0.184,
      0.007,
      0.214,
      0.103,
      0.146,
      0.011,
      0.075,
      0.013,
      -0.056,
      0.145,
      0.016,
      0.306,
      -0.068,
      0.213,
      0.07,
      0.021,
      0.067,
      0.12,
      0.019,
      -0.082,
      0.506,
      0.568,
      0.066,
      0.087,
      0.304,
      0.155,
      0.182,
      -0.084,
      0.53,
      -0.008,
      -0.103,
      0.24,
      0.056,
      0.174,
      0.08,
      0.137,
      0.019,
      0.015,
      0.16,
      0.405,
      -0.119,
      -0.041,
      0.141,
      0.11,
      0.683
    ],
    [
      -0.124,
      -0.114,
      0.316,
      0.159,
      0.066,
      0.128,
      0.24,
      0.058,
      0.082,
      0.202,
      -0.0,
      0.072,
      -0.003,
      0.224,
      1.0,
      -0.053,
      0.504,
      0.079,
      -0.073,
      0.354,
      0.069,
      0.208,
      0.003,
      -0.041,
      -0.034,
      -0.107,
      0.087,
      -0.072,
      0.228,
      -0.082,
      0.166,
      0.066,
      0.046,
      -0.067,
      0.015,
      0.056,
      -0.013,
      0.31,
      0.134,
      0.125,
      0.142,
      -0.048,
      -0.013,
      -0.138,
      0.052,
      0.308,
      -0.067,
      -0.01,
      0.136,
      0.101,
      -0.093,
      0.064,
      -0.031,
      -0.088,
      -0.047,
      -0.149,
      0.305,
      -0.109,
      -0.016,
      0.112,
      0.048,
      0.291
    ],
    [
      -0.004,
      0.258,
      0.001,
      0.011,
      0.099,
      0.143,
      0.185,
      0.028,
      0.142,
      -0.113,
      0.182,
      0.099,
      0.072,
      -0.074,
      -0.053,
      1.0,
      -0.121,
      0.044,
      0.232,
      -0.025,
      0.201,
      0.179,
      0.173,
      -0.057,
      0.175,
      0.146,
      0.134,
      0.101,
      0.036,
      0.14,
      0.048,
      0.237,
      0.103,
      0.246,
      0.138,
      0.142,
      0.183,
      -0.132,
      -0.014,
      0.044,
      0.099,
      0.063,
      0.119,
      0.187,
      0.179,
      -0.017,
      0.212,
      0.205,
      -0.005,
      0.054,
      0.173,
      0.167,
      0.25,
      0.094,
      0.052,
      0.124,
      -0.192,
      0.161,
      0.025,
      0.03,
      0.076,
      -0.152
    ],
    [
      0.051,
      -0.093,
      0.347,
      0.188,
      0.086,
      0.063,
      0.291,
      0.019,
      0.038,
      0.375,
      0.042,
      -0.065,
      -0.085,
      0.347,
      0.504,
      -0.121,
      1.0,
      0.177,
      -0.011,
      0.331,
      0.005,
      0.241,
      0.044,
      0.024,
      0.015,
      -0.088,
      0.045,
      -0.071,
      0.347,
      -0.083,
      0.154,
      0.098,
      -0.051,
      -0.068,
      0.055,
      0.149,
      -0.106,
      0.436,
      0.337,
      0.13,
      0.148,
      0.093,
      0.075,
      -0.104,
      0.068,
      0.459,
      -0.047,
      -0.042,
      0.201,
      0.044,
      -0.037,
      -0.014,
      -0.043,
      -0.057,
      0.083,
      -0.016,
      0.498,
      -0.072,
      -0.035,
      0.248,
      0.054,
      0.422
    ],
    [
      0.075,
      0.17,
      0.21,
      0.216,
      0.238,
      0.158,
      0.16,
      0.071,
      0.125,
      0.106,
      0.065,
      0.01,
      0.148,
      0.184,
      0.079,
      0.044,
      0.177,
      1.0,
      0.077,
      0.076,
      0.232,
      0.135,
      0.154,
      -0.276,
      0.179,
      0.067,
      0.277,
      -0.162,
      0.13,
      0.169,
      0.095,
      0.249,
      0.075,
      0.185,
      0.184,
      0.193,
      0.01,
      0.218,
      0.087,
      0.074,
      0.051,
      0.143,
      0.061,
      0.088,
      0.268,
      0.093,
      0.28,
      0.246,
      0.087,
      0.189,
      0.242,
      0.042,
      0.068,
      0.195,
      0.028,
      0.123,
      0.102,
      0.244,
      0.038,
      0.079,
      0.253,
      0.125
    ],
    [
      0.028,
      0.27,
      0.239,
      0.195,
      0.266,
      0.007,
      0.474,
      0.093,
      0.132,
      -0.108,
      -0.02,
      -0.018,
      0.188,
      0.007,
      -0.073,
      0.232,
      -0.011,
      0.077,
      1.0,
      0.078,
      0.248,
      0.346,
      0.158,
      -0.13,
      0.184,
      0.144,
      0.073,
      -0.083,
      0.31,
      0.326,
      0.161,
      0.271,
      0.076,
      0.262,
      0.235,
      0.16,
      0.119,
      -0.074,
      0.057,
      -0.011,
      0.229,
      0.184,
      0.22,
      0.206,
      0.167,
      0.064,
      0.305,
      0.29,
      0.021,
      0.159,
      0.244,
      0.066,
      0.183,
      0.147,
      0.359,
      0.389,
      0.028,
      0.167,
      0.035,
      0.22,
      0.12,
      -0.065
    ],
    [
      -0.095,
      -0.096,
      0.295,
      0.245,
      0.136,
      0.055,
      0.231,
      -0.008,
      0.002,
      0.222,
      -0.004,
      0.09,
      -0.019,
      0.214,
      0.354,
      -0.025,
      0.331,
      0.076,
      0.078,
      1.0,
      0.101,
      0.161,
      0.018,
      0.015,
      0.039,
      -0.013,
      0.041,
      -0.022,
      0.202,
      0.064,
      0.128,
      0.082,
      0.006,
      -0.117,
      0.044,
      0.115,
      0.062,
      0.164,
      0.261,
      0.131,
      0.222,
      -0.029,
      0.068,
      -0.051,
      0.121,
      0.369,
      0.088,
      0.123,
      0.226,
      0.099,
      -0.007,
      0.122,
      -0.008,
      -0.092,
      0.099,
      -0.073,
      0.319,
      0.036,
      0.05,
      0.253,
      0.1,
      0.251
    ],
    [
      0.071,
      0.287,
      0.22,
      0.22,
      0.407,
      0.038,
      0.327,
      0.118,
      0.11,
      -0.205,
      -0.038,
      -0.013,
      0.093,
      0.103,
      0.069,
      0.201,
      0.005,
      0.232,
      0.248,
      0.101,
      1.0,
      0.181,
      0.113,
      -0.132,
      0.185,
      0.028,
      0.115,
      -0.045,
      0.204,
      0.223,
      0.179,
      0.118,
      0.116,
      0.231,
      0.232,
      0.15,
      0.125,
      0.076,
      0.098,
      0.099,
      0.115,
      0.27,
      0.133,
      0.273,
      0.208,
      0.116,
      0.247,
      0.135,
      0.065,
      0.048,
      0.239,
      0.079,
      0.198,
      0.204,
      0.083,
      0.383,
      -0.011,
      0.104,
      0.065,
      0.09,
      0.217,
      0.083
    ],
    [
      -0.028,
      0.284,
      0.389,
      0.213,
      0.26,
      0.024,
      0.423,
      0.078,
      0.132,
      0.224,
      -0.018,
      -0.013,
      0.058,
      0.146,
      0.208,
      0.179,
      0.241,
      0.135,
      0.346,
      0.161,
      0.181,
      1.0,
      0.169,
      -0.115,
      0.24,
      0.151,
      0.145,
      -0.028,
      0.315,
      0.261,
      0.318,
      0.265,
      0.222,
      0.218,
      0.229,
      0.125,
      0.124,
      0.113,
      0.132,
      0.02,
      0.335,
      0.242,
      0.273,
      0.222,
      0.187,
      0.209,
      0.239,
      0.181,
      0.139,
      0.102,
      0.335,
      0.043,
      0.255,
      0.122,
      0.316,
      0.33,
      0.117,
      0.108,
      0.081,
      0.284,
      0.195,
      0.088
    ],
    [
      -0.005,
      0.413,
      0.084,
      0.175,
      0.14,
      0.114,
      0.217,
      0.016,
      0.098,
      -0.041,
      -0.034,
      0.032,
      0.113,
      0.011,
      0.003,
      0.173,
      0.044,
      0.154,
      0.158,
      0.018,
      0.113,
      0.169,
      1.0,
      -0.189,
      0.268,
      0.097,
      0.258,
      -0.144,
      0.035,
      0.308,
      0.043,
      0.378,
      0.13,
      0.473,
      0.236,
      0.177,
      0.035,
      0.128,
      0.099,
      -0.014,
      -0.065,
      0.229,
      0.135,
      0.327,
      0.33,
      0.034,
      0.393,
      0.365,
      0.044,
      0.18,
      0.438,
      0.039,
      0.116,
      0.311,
      0.055,
      0.242,
      0.067,
      0.202,
      0.095,
      0.09,
      0.261,
      -0.018
    ],
    [
      -0.098,
      -0.171,
      -0.123,
      -0.1,
      -0.063,
      -0.164,
      -0.128,
      -0.085,
      -0.1,
      0.093,
      -0.017,
      -0.017,
      -0.097,
      0.075,
      -0.041,
      -0.057,
      0.024,
      -0.276,
      -0.13,
      0.015,
      -0.132,
      -0.115,
      -0.189,
      1.0,
      -0.243,
      -0.108,
      -0.203,
      0.358,
      -0.014,
      -0.198,
      0.03,
      -0.21,
      -0.137,
      -0.207,
      -0.135,
      -0.157,
      -0.097,
      -0.026,
      0.017,
      0.025,
      0.078,
      -0.034,
      -0.096,
      -0.128,
      -0.266,
      -0.019,
      -0.393,
      -0.383,
      -0.034,
      -0.159,
      -0.22,
      -0.031,
      -0.136,
      -0.204,
      -0.097,
      -0.143,
      0.089,
      -0.291,
      -0.003,
      -0.044,
      -0.225,
      0.071
    ],
    [
      0.113,
      0.344,
      0.201,
      0.121,
      0.137,
      0.126,
      0.228,
      0.154,
      0.233,
      -0.029,
      -0.152,
      -0.057,
      0.204,
      0.013,
      -0.034,
      0.175,
      0.015,
      0.179,
      0.184,
      0.039,
      0.185,
      0.24,
      0.268,
      -0.243,
      1.0,
      0.12,
      0.272,
      -0.128,
      0.158,
      0.437,
      0.086,
      0.44,
      0.259,
      0.307,
      0.09,
      0.253,
      0.141,
      -0.012,
      0.069,
      -0.101,
      0.158,
      0.085,
      0.128,
      0.238,
      0.366,
      0.022,
      0.488,
      0.413,
      -0.087,
      0.27,
      0.444,
      0.068,
      0.058,
      0.23,
      0.177,
      0.183,
      0.043,
      0.426,
      0.21,
      0.14,
      0.352,
      -0.092
    ],
    [
      -0.042,
      0.121,
      0.077,
      0.068,
      0.091,
      0.025,
      0.08,
      -0.039,
      0.073,
      -0.047,
      0.012,
      0.07,
      0.013,
      -0.056,
      -0.107,
      0.146,
      -0.088,
      0.067,
      0.144,
      -0.013,
      0.028,
      0.151,
      0.097,
      -0.108,
      0.12,
      1.0,
      -0.053,
      -0.007,
      -0.016,
      0.086,
      0.071,
      0.116,
      0.013,
      0.111,
      0.044,
      0.049,
      0.081,
      -0.062,
      -0.09,
      -0.029,
      0.07,
      0.072,
      0.04,
      0.055,
      -0.052,
      -0.054,
      0.119,
      0.16,
      -0.067,
      0.028,
      0.073,
      0.055,
      0.092,
      0.068,
      0.092,
      0.111,
      -0.082,
      0.06,
      -0.03,
      -0.092,
      0.015,
      -0.068
    ],
    [
      0.13,
      0.216,
      0.063,
      0.23,
      0.126,
      0.073,
      0.1,
      -0.001,
      0.045,
      0.06,
      -0.063,
      -0.007,
      0.075,
      0.145,
      0.087,
      0.134,
      0.045,
      0.277,
      0.073,
      0.041,
      0.115,
      0.145,
      0.258,
      -0.203,
      0.272,
      -0.053,
      1.0,
      -0.119,
      0.094,
      0.14,
      0.13,
      0.27,
      0.129,
      0.225,
      0.139,
      0.296,
      -0.072,
      0.134,
      0.14,
      0.032,
      -0.157,
      0.059,
      0.113,
      0.192,
      0.308,
      0.047,
      0.245,
      0.177,
      -0.038,
      0.161,
      0.192,
      0.118,
      0.173,
      0.345,
      -0.037,
      0.07,
      0.009,
      0.281,
      0.04,
      0.024,
      0.283,
      0.076
    ],
    [
      -0.089,
      -0.101,
      -0.021,
      -0.102,
      0.015,
      -0.138,
      -0.079,
      -0.065,
      -0.025,
      0.014,
      0.028,
      0.03,
      0.035,
      0.016,
      -0.072,
      0.101,
      -0.071,
      -0.162,
      -0.083,
      -0.022,
      -0.045,
      -0.028,
      -0.144,
      0.358,
      -0.128,
      -0.007,
      -0.119,
      1.0,
      0.062,
      -0.178,
      -0.038,
      -0.119,
      -0.076,
      -0.14,
      -0.119,
      -0.094,
      -0.09,
      -0.082,
      -0.025,
      0.056,
      0.119,
      -0.054,
      -0.012,
      -0.129,
      -0.212,
      -0.047,
      -0.208,
      -0.282,
      -0.01,
      -0.059,
      -0.14,
      -0.019,
      -0.053,
      -0.145,
      0.039,
      -0.008,
      -0.108,
      -0.26,
      -0.053,
      -0.078,
      -0.214,
      -0.019
    ],
    [
      -0.07,
      0.08,
      0.426,
      0.297,
      0.23,
      0.026,
      0.702,
      0.033,
      0.014,
      0.119,
      -0.061,
      -0.031,
      0.071,
      0.306,
      0.228,
      0.036,
      0.347,
      0.13,
      0.31,
      0.202,
      0.204,
      0.315,
      0.035,
      -0.014,
      0.158,
      -0.016,
      0.094,
      0.062,
      1.0,
      0.123,
      0.267,
      0.123,
      0.009,
      0.053,
      0.126,
      0.094,
      -0.067,
      0.25,
      0.165,
      -0.001,
      0.3,
      0.222,
      0.208,
      0.075,
      0.06,
      0.278,
      0.167,
      0.197,
      0.159,
      0.16,
      0.076,
      -0.095,
      0.055,
      0.123,
      0.265,
      0.275,
      0.227,
      0.036,
      0.049,
      0.215,
      0.169,
      0.215
    ],
    [
      0.018,
      0.431,
      0.143,
      0.178,
      0.135,
      0.087,
      0.229,
      0.06,
      0.182,
      -0.083,
      -0.063,
      -0.03,
      0.235,
      -0.068,
      -0.082,
      0.14,
      -0.083,
      0.169,
      0.326,
      0.064,
      0.223,
      0.261,
      0.308,
      -0.198,
      0.437,
      0.086,
      0.14,
      -0.178,
      0.123,
      1.0,
      0.149,
      0.457,
      0.236,
      0.432,
      0.24,
      0.298,
      0.082,
      -0.019,
      -0.057,
      -0.091,
      0.104,
      0.14,
      0.168,
      0.404,
      0.412,
      -0.09,
      0.679,
      0.582,
      -0.049,
      0.298,
      0.527,
      0.14,
      0.181,
      0.22,
      0.199,
      0.33,
      -0.047,
      0.441,
      0.147,
      0.158,
      0.351,
      -0.142
    ],
    [
      0.001,
      0.095,
      0.285,
      0.202,
      0.239,
      0.009,
      0.305,
      -0.007,
      0.068,
      0.152,
      -0.108,
      -0.076,
      0.043,
      0.213,
      0.166,
      0.048,
      0.154,
      0.095,
      0.161,
      0.128,
      0.179,
      0.318,
      0.043,
      0.03,
      0.086,
      0.071,
      0.13,
      -0.038,
      0.267,
      0.149,
      1.0,
      0.171,
      0.097,
      0.095,
      0.21,
      0.19,
      0.009,
      0.223,
      0.199,
      0.063,
      0.218,
      0.245,
      0.194,
      0.157,
      0.083,
      0.253,
      0.201,
      0.174,
      0.141,
      0.138,
      0.205,
      0.067,
      0.221,
      0.118,
      0.186,
      0.147,
      0.222,
      0.058,
      0.111,
      0.171,
      0.213,
      0.13
    ],
    [
      0.108,
      0.43,
      0.144,
      0.298,
      0.132,
      0.138,
      0.213,
      0.096,
      0.163,
      -0.086,
      -0.023,
      -0.038,
      0.208,
      0.07,
      0.066,
      0.237,
      0.098,
      0.249,
      0.271,
      0.082,
      0.118,
      0.265,
      0.378,
      -0.21,
      0.44,
      0.116,
      0.27,
      -0.119,
      0.123,
      0.457,
      0.171,
      1.0,
      0.158,
      0.4,
      0.127,
      0.377,
      0.023,
      0.069,
      0.046,
      -0.089,
      0.049,
      0.143,
      0.176,
      0.329,
      0.391,
      0.0,
      0.547,
      0.484,
      0.003,
      0.362,
      0.488,
      0.099,
      0.176,
      0.294,
      0.225,
      0.203,
      0.027,
      0.381,
      0.121,
      0.138,
      0.329,
      0.006
    ],
    [
      -0.006,
      0.229,
      0.056,
      0.025,
      0.034,
      0.22,
      0.094,
      0.17,
      0.134,
      -0.022,
      0.033,
      0.069,
      0.163,
      0.021,
      0.046,
      0.103,
      -0.051,
      0.075,
      0.076,
      0.006,
      0.116,
      0.222,
      0.13,
      -0.137,
      0.259,
      0.013,
      0.129,
      -0.076,
      0.009,
      0.236,
      0.097,
      0.158,
      1.0,
      0.173,
      0.136,
      0.185,
      0.206,
      -0.017,
      -0.024,
      0.022,
      0.023,
      0.075,
      0.099,
      0.249,
      0.27,
      -0.077,
      0.249,
      0.255,
      -0.041,
      0.148,
      0.232,
      0.136,
      0.118,
      0.15,
      0.041,
      0.131,
      -0.045,
      0.196,
      0.147,
      0.01,
      0.168,
      -0.036
    ],
    [
      0.015,
      0.758,
      0.119,
      0.155,
      0.227,
      0.113,
      0.244,
      0.127,
      0.287,
      -0.128,
      -0.107,
      -0.116,
      0.148,
      0.067,
      -0.067,
      0.246,
      -0.068,
      0.185,
      0.262,
      -0.117,
      0.231,
      0.218,
      0.473,
      -0.207,
      0.307,
      0.111,
      0.225,
      -0.14,
      0.053,
      0.432,
      0.095,
      0.4,
      0.173,
      1.0,
      0.261,
      0.121,
      0.109,
      0.061,
      0.133,
      -0.074,
      -0.081,
      0.362,
      0.173,
      0.622,
      0.343,
      0.053,
      0.483,
      0.305,
      -0.003,
      0.278,
      0.729,
      0.076,
      0.191,
      0.322,
      0.123,
      0.445,
      -0.121,
      0.264,
      0.088,
      0.099,
      0.199,
      0.003
    ],
    [
      0.021,
      0.303,
      0.298,
      0.254,
      0.463,
      0.095,
      0.237,
      0.011,
      0.1,
      0.169,
      -0.004,
      -0.002,
      -0.141,
      0.12,
      0.015,
      0.138,
      0.055,
      0.184,
      0.235,
      0.044,
      0.232,
      0.229,
      0.236,
      -0.135,
      0.09,
      0.044,
      0.139,
      -0.119,
      0.126,
      0.24,
      0.21,
      0.127,
      0.136,
      0.261,
      1.0,
      0.161,
      0.012,
      0.304,
      0.154,
      0.075,
      0.141,
      0.345,
      0.292,
      0.29,
      0.199,
      0.077,
      0.262,
      0.212,
      0.104,
      -0.022,
      0.29,
      0.104,
      0.087,
      0.204,
      0.09,
      0.292,
      0.116,
      0.003,
      0.017,
      0.195,
      0.128,
      0.012
    ],
    [
      0.041,
      0.167,
      0.142,
      0.288,
      0.141,
      0.166,
      0.133,
      0.027,
      0.126,
      -0.003,
      -0.034,
      -0.115,
      0.229,
      0.019,
      0.056,
      0.142,
      0.149,
      0.193,
      0.16,
      0.115,
      0.15,
      0.125,
      0.177,
      -0.157,
      0.253,
      0.049,
      0.296,
      -0.094,
      0.094,
      0.298,
      0.19,
      0.377,
      0.185,
      0.121,
      0.161,
      1.0,
      0.087,
      0.07,
      0.02,
      -0.047,
      0.034,
      0.017,
      0.152,
      0.171,
      0.328,
      0.088,
      0.386,
      0.415,
      0.151,
      0.209,
      0.2,
      0.087,
      0.131,
      0.296,
      0.216,
      0.102,
      0.039,
      0.402,
      0.118,
      0.094,
      0.322,
      0.007
    ],
    [
      0.147,
      0.111,
      0.138,
      -0.046,
      0.063,
      0.036,
      0.017,
      0.034,
      0.232,
      -0.05,
      0.139,
      0.069,
      0.124,
      -0.082,
      -0.013,
      0.183,
      -0.106,
      0.01,
      0.119,
      0.062,
      0.125,
      0.124,
      0.035,
      -0.097,
      0.141,
      0.081,
      -0.072,
      -0.09,
      -0.067,
      0.082,
      0.009,
      0.023,
      0.206,
      0.109,
      0.012,
      0.087,
      1.0,
      -0.047,
      -0.328,
      0.026,
      0.056,
      -0.026,
      0.03,
      0.121,
      0.086,
      0.025,
      0.139,
      0.105,
      -0.019,
      -0.003,
      0.123,
      0.072,
      0.142,
      0.073,
      0.112,
      -0.001,
      -0.007,
      0.134,
      0.031,
      0.097,
      0.115,
      -0.08
    ],
    [
      -0.019,
      -0.032,
      0.304,
      0.208,
      0.317,
      0.052,
      0.282,
      0.038,
      0.123,
      0.362,
      -0.097,
      -0.071,
      -0.16,
      0.506,
      0.31,
      -0.132,
      0.436,
      0.218,
      -0.074,
      0.164,
      0.076,
      0.113,
      0.128,
      -0.026,
      -0.012,
      -0.062,
      0.134,
      -0.082,
      0.25,
      -0.019,
      0.223,
      0.069,
      -0.017,
      0.061,
      0.304,
      0.07,
      -0.047,
      1.0,
      0.389,
      0.203,
      0.075,
      0.349,
      0.09,
      0.1,
      -0.045,
      0.366,
      0.067,
      -0.014,
      0.199,
      0.023,
      0.11,
      0.1,
      0.157,
      0.135,
      0.029,
      0.171,
      0.489,
      -0.047,
      0.027,
      0.099,
      0.155,
      0.462
    ],
    [
      0.003,
      0.125,
      0.245,
      0.169,
      0.206,
      -0.013,
      0.23,
      0.05,
      0.01,
      0.296,
      -0.082,
      -0.083,
      -0.186,
      0.568,
      0.134,
      -0.014,
      0.337,
      0.087,
      0.057,
      0.261,
      0.098,
      0.132,
      0.099,
      0.017,
      0.069,
      -0.09,
      0.14,
      -0.025,
      0.165,
      -0.057,
      0.199,
      0.046,
      -0.024,
      0.133,
      0.154,
      0.02,
      -0.328,
      0.389,
      1.0,
      0.072,
      0.061,
      0.27,
      0.222,
      0.169,
      -0.003,
      0.465,
      0.005,
      -0.078,
      0.25,
      0.094,
      0.196,
      -0.002,
      0.058,
      0.03,
      0.016,
      0.235,
      0.367,
      -0.105,
      -0.012,
      0.129,
      0.043,
      0.49
    ],
    [
      0.065,
      -0.051,
      0.13,
      0.123,
      0.241,
      0.13,
      0.023,
      -0.01,
      0.055,
      0.049,
      0.011,
      0.107,
      -0.057,
      0.066,
      0.125,
      0.044,
      0.13,
      0.074,
      -0.011,
      0.131,
      0.099,
      0.02,
      -0.014,
      0.025,
      -0.101,
      -0.029,
      0.032,
      0.056,
      -0.001,
      -0.091,
      0.063,
      -0.089,
      0.022,
      -0.074,
      0.075,
      -0.047,
      0.026,
      0.203,
      0.072,
      1.0,
      0.021,
      0.025,
      0.018,
      0.035,
      -0.038,
      0.12,
      -0.079,
      -0.029,
      0.373,
      0.016,
      -0.027,
      0.063,
      0.109,
      -0.043,
      -0.089,
      0.029,
      0.085,
      -0.081,
      -0.092,
      0.012,
      -0.041,
      0.038
    ],
    [
      -0.04,
      -0.046,
      0.37,
      0.159,
      0.167,
      0.073,
      0.282,
      0.031,
      0.134,
      0.043,
      -0.108,
      0.052,
      0.118,
      0.087,
      0.142,
      0.099,
      0.148,
      0.051,
      0.229,
      0.222,
      0.115,
      0.335,
      -0.065,
      0.078,
      0.158,
      0.07,
      -0.157,
      0.119,
      0.3,
      0.104,
      0.218,
      0.049,
      0.023,
      -0.081,
      0.141,
      0.034,
      0.056,
      0.075,
      0.061,
      0.021,
      1.0,
      0.052,
      0.16,
      -0.06,
      0.022,
      0.131,
      0.132,
      0.153,
      0.118,
      0.131,
      0.019,
      0.11,
      0.012,
      -0.098,
      0.279,
      0.179,
      0.162,
      0.028,
      0.073,
      0.134,
      0.125,
      0.079
    ],
    [
      -0.11,
      0.344,
      0.163,
      0.18,
      0.303,
      -0.003,
      0.358,
      0.089,
      0.092,
      0.055,
      -0.131,
      -0.205,
      -0.118,
      0.304,
      -0.048,
      0.063,
      0.093,
      0.143,
      0.184,
      -0.029,
      0.27,
      0.242,
      0.229,
      -0.034,
      0.085,
      0.072,
      0.059,
      -0.054,
      0.222,
      0.14,
      0.245,
      0.143,
      0.075,
      0.362,
      0.345,
      0.017,
      -0.026,
      0.349,
      0.27,
      0.025,
      0.052,
      1.0,
      0.189,
      0.419,
      0.115,
      0.157,
      0.162,
      0.033,
      0.087,
      0.086,
      0.408,
      0.037,
      0.214,
      0.26,
      0.164,
      0.656,
      0.103,
      -0.041,
      0.07,
      0.003,
      0.168,
      0.152
    ],
    [
      0.05,
      0.196,
      0.286,
      0.208,
      0.204,
      0.085,
      0.252,
      0.048,
      0.028,
      0.155,
      0.139,
      -0.034,
      0.09,
      0.155,
      -0.013,
      0.119,
      0.075,
      0.061,
      0.22,
      0.068,
      0.133,
      0.273,
      0.135,
      -0.096,
      0.128,
      0.04,
      0.113,
      -0.012,
      0.208,
      0.168,
      0.194,
      0.176,
      0.099,
      0.173,
      0.292,
      0.152,
      0.03,
      0.09,
      0.222,
      0.018,
      0.16,
      0.189,
      1.0,
      0.111,
      0.101,
      0.235,
      0.1,
      0.107,
      0.212,
      0.074,
      0.152,
      -0.1,
      0.057,
      0.159,
      0.105,
      0.248,
      0.147,
      0.065,
      0.019,
      0.341,
      0.092,
      0.138
    ],
    [
      0.075,
      0.707,
      0.054,
      0.204,
      0.313,
      0.074,
      0.255,
      0.137,
      0.137,
      -0.15,
      -0.089,
      -0.163,
      0.01,
      0.182,
      -0.138,
      0.187,
      -0.104,
      0.088,
      0.206,
      -0.051,
      0.273,
      0.222,
      0.327,
      -0.128,
      0.238,
      0.055,
      0.192,
      -0.129,
      0.075,
      0.404,
      0.157,
      0.329,
      0.249,
      0.622,
      0.29,
      0.171,
      0.121,
      0.1,
      0.169,
      0.035,
      -0.06,
      0.419,
      0.111,
      1.0,
      0.305,
      0.032,
      0.376,
      0.242,
      0.046,
      0.168,
      0.686,
      0.114,
      0.255,
      0.283,
      0.155,
      0.444,
      -0.089,
      0.181,
      0.176,
      0.022,
      0.269,
      0.015
    ],
    [
      0.086,
      0.352,
      0.111,
      0.223,
      0.095,
      0.205,
      0.174,
      0.199,
      0.036,
      -0.018,
      0.04,
      -0.054,
      0.157,
      -0.084,
      0.052,
      0.179,
      0.068,
      0.268,
      0.167,
      0.121,
      0.208,
      0.187,
      0.33,
      -0.266,
      0.366,
      -0.052,
      0.308,
      -0.212,
      0.06,
      0.412,
      0.083,
      0.391,
      0.27,
      0.343,
      0.199,
      0.328,
      0.086,
      -0.045,
      -0.003,
      -0.038,
      0.022,
      0.115,
      0.101,
      0.305,
      1.0,
      -0.032,
      0.438,
      0.411,
      -0.048,
      0.367,
      0.424,
      0.111,
      0.073,
      0.332,
      0.217,
      0.222,
      -0.013,
      0.345,
      0.04,
      0.1,
      0.324,
      -0.099
    ],
    [
      -0.027,
      -0.013,
      0.412,
      0.245,
      0.247,
      0.013,
      0.284,
      0.006,
      0.091,
      0.44,
      -0.052,
      0.005,
      -0.059,
      0.53,
      0.308,
      -0.017,
      0.459,
      0.093,
      0.064,
      0.369,
      0.116,
      0.209,
      0.034,
      -0.019,
      0.022,
      -0.054,
      0.047,
      -0.047,
      0.278,
      -0.09,
      0.253,
      0.0,
      -0.077,
      0.053,
      0.077,
      0.088,
      0.025,
      0.366,
      0.465,
      0.12,
      0.131,
      0.157,
      0.235,
      0.032,
      -0.032,
      1.0,
      -0.048,
      -0.046,
      0.28,
      0.017,
      0.086,
      0.101,
      0.021,
      0.045,
      0.099,
      0.11,
      0.442,
      -0.068,
      0.046,
      0.217,
      0.085,
      0.541
    ],
    [
      0.03,
      0.493,
      0.207,
      0.206,
      0.214,
      0.149,
      0.276,
      0.098,
      0.218,
      -0.105,
      -0.08,
      -0.014,
      0.193,
      -0.008,
      -0.067,
      0.212,
      -0.047,
      0.28,
      0.305,
      0.088,
      0.247,
      0.239,
      0.393,
      -0.393,
      0.488,
      0.119,
      0.245,
      -0.208,
      0.167,
      0.679,
      0.201,
      0.547,
      0.249,
      0.483,
      0.262,
      0.386,
      0.139,
      0.067,
      0.005,
      -0.079,
      0.132,
      0.162,
      0.1,
      0.376,
      0.438,
      -0.048,
      1.0,
      0.697,
      -0.044,
      0.319,
      0.59,
      0.145,
      0.192,
      0.308,
      0.24,
      0.315,
      -0.086,
      0.51,
      0.155,
      0.179,
      0.411,
      -0.096
    ],
    [
      0.01,
      0.375,
      0.182,
      0.294,
      0.146,
      0.252,
      0.243,
      0.078,
      0.144,
      -0.111,
      -0.089,
      -0.024,
      0.288,
      -0.103,
      -0.01,
      0.205,
      -0.042,
      0.246,
      0.29,
      0.123,
      0.135,
      0.181,
      0.365,
      -0.383,
      0.413,
      0.16,
      0.177,
      -0.282,
      0.197,
