{
  "meta": {
    "generated_at": "2026-07-22T09:46:29+00:00",
    "n_tickers": 62,
    "n_clusters": 0,
    "redundant_threshold": 0.75
  },
  "tickers": [
    "NTO",
    "ABBNE",
    "ABNB",
    "ADYEN",
    "AMZN",
    "BFIT",
    "BN",
    "CBAV",
    "CELH",
    "CHKP",
    "COR",
    "COST",
    "CPR",
    "CRWD",
    "CSU",
    "DNP",
    "DSGX",
    "EVD",
    "FERG",
    "FICO",
    "GOOG",
    "GRMN",
    "HLMA",
    "IPCO",
    "ITX",
    "JDG",
    "JFN",
    "KIST",
    "KKR",
    "KRX",
    "KSPI",
    "LIFCO B",
    "LOTB",
    "LR",
    "META",
    "MIPS",
    "MNST",
    "MSFT",
    "NET",
    "NFLX",
    "NKE",
    "NVDA",
    "OTLY",
    "PRY",
    "RAA",
    "S",
    "SGO",
    "SIKA",
    "SPOT",
    "STMN",
    "SU",
    "TFF",
    "TFPM",
    "TGYM",
    "TREX",
    "TSM",
    "VEEV",
    "VID",
    "VRLA",
    "VLTO",
    "WOSG",
    "ZS"
  ],
  "matrix_1y": [
    [
      1.0,
      0.067,
      -0.104,
      0.022,
      0.036,
      -0.054,
      -0.081,
      -0.045,
      0.012,
      -0.035,
      0.179,
      0.023,
      -0.002,
      -0.008,
      -0.112,
      -0.015,
      0.057,
      0.087,
      0.017,
      -0.082,
      0.055,
      -0.022,
      -0.013,
      -0.087,
      0.123,
      -0.034,
      0.135,
      -0.105,
      -0.072,
      0.015,
      -0.002,
      0.111,
      -0.006,
      -0.025,
      0.017,
      0.078,
      0.137,
      -0.013,
      0.002,
      0.059,
      -0.019,
      -0.132,
      0.052,
      0.041,
      0.09,
      -0.018,
      0.027,
      0.021,
      0.056,
      0.011,
      0.065,
      -0.045,
      -0.041,
      0.065,
      -0.111,
      -0.032,
      0.036,
      0.099,
      -0.08,
      0.147,
      0.031,
      -0.023
    ],
    [
      0.067,
      1.0,
      0.118,
      0.149,
      0.221,
      0.103,
      0.234,
      0.103,
      0.106,
      -0.157,
      -0.087,
      -0.187,
      0.087,
      0.134,
      -0.185,
      0.233,
      -0.16,
      0.141,
      0.283,
      -0.119,
      0.306,
      0.218,
      0.402,
      -0.187,
      0.322,
      0.11,
      0.232,
      -0.088,
      0.036,
      0.42,
      0.094,
      0.379,
      0.248,
      0.716,
      0.273,
      0.077,
      0.091,
      -0.101,
      0.113,
      -0.109,
      -0.124,
      0.334,
      0.136,
      0.712,
      0.336,
      0.006,
      0.426,
      0.348,
      0.022,
      0.27,
      0.784,
      0.063,
      0.228,
      0.276,
      0.178,
      0.474,
      -0.194,
      0.238,
      0.105,
      -0.021,
      0.263,
      -0.026
    ],
    [
      -0.104,
      0.118,
      1.0,
      0.358,
      0.384,
      0.115,
      0.439,
      0.071,
      0.14,
      0.194,
      -0.032,
      -0.051,
      0.017,
      0.331,
      0.3,
      0.003,
      0.336,
      0.238,
      0.215,
      0.296,
      0.233,
      0.383,
      0.092,
      -0.159,
      0.229,
      0.087,
      0.076,
      -0.023,
      0.438,
      0.159,
      0.302,
      0.195,
      0.056,
      0.099,
      0.326,
      0.133,
      0.152,
      0.316,
      0.237,
      0.146,
      0.381,
      0.158,
      0.285,
      0.047,
      0.142,
      0.419,
      0.227,
      0.217,
      0.23,
      0.207,
      0.219,
      -0.016,
      0.069,
      0.144,
      0.276,
      0.137,
      0.388,
      0.017,
      -0.018,
      0.346,
      0.23,
      0.322
    ],
    [
      0.022,
      0.149,
      0.358,
      1.0,
      0.286,
      0.194,
      0.227,
      -0.01,
      0.156,
      0.101,
      0.031,
      -0.045,
      0.085,
      0.162,
      0.148,
      -0.005,
      0.189,
      0.23,
      0.178,
      0.254,
      0.239,
      0.206,
      0.181,
      -0.129,
      0.139,
      0.083,
      0.217,
      -0.105,
      0.321,
      0.189,
      0.219,
      0.306,
      0.034,
      0.124,
      0.277,
      0.226,
      -0.033,
      0.223,
      0.135,
      0.131,
      0.178,
      0.166,
      0.218,
      0.181,
      0.241,
      0.228,
      0.215,
      0.328,
      0.291,
      0.352,
      0.246,
      -0.004,
      0.243,
      0.284,
      0.097,
      0.221,
      0.315,
      0.173,
      0.063,
      0.184,
      0.268,
      0.155
    ],
    [
      0.036,
      0.221,
      0.384,
      0.286,
      1.0,
      0.071,
      0.366,
      0.038,
      0.174,
      0.013,
      -0.145,
      -0.016,
      0.01,
      0.19,
      0.056,
      0.079,
      0.082,
      0.24,
      0.25,
      0.139,
      0.414,
      0.255,
      0.13,
      -0.076,
      0.143,
      0.091,
      0.116,
      0.012,
      0.249,
      0.141,
      0.247,
      0.139,
      0.042,
      0.218,
      0.453,
      0.078,
      0.062,
      0.324,
      0.195,
      0.24,
      0.16,
      0.288,
      0.211,
      0.291,
      0.103,
      0.249,
      0.212,
      0.162,
      0.184,
      0.121,
      0.247,
      0.107,
      0.131,
      0.187,
      0.192,
      0.303,
      0.226,
      0.031,
      0.061,
      0.088,
      0.204,
      0.113
    ],
    [
      -0.054,
      0.103,
      0.115,
      0.194,
      0.071,
      1.0,
      0.07,
      -0.012,
      0.046,
      -0.114,
      -0.032,
      0.047,
      0.174,
      0.017,
      0.128,
      0.145,
      0.065,
      0.165,
      0.001,
      0.076,
      0.05,
      0.031,
      0.115,
      -0.173,
      0.152,
      0.035,
      0.088,
      -0.133,
      0.035,
      0.082,
      0.014,
      0.139,
      0.231,
      0.096,
      0.101,
      0.107,
      0.052,
      0.06,
      -0.012,
      0.15,
      0.075,
      -0.017,
      0.085,
      0.061,
      0.203,
      0.017,
      0.152,
      0.253,
      0.17,
      0.15,
      0.053,
      0.07,
      0.079,
      0.154,
      0.08,
      0.003,
      0.055,
      0.301,
      0.045,
      0.005,
      0.151,
      -0.008
    ],
    [
      -0.081,
      0.234,
      0.439,
      0.227,
      0.366,
      0.07,
      1.0,
      0.045,
      0.092,
      0.041,
      -0.089,
      -0.009,
      0.059,
      0.249,
      0.219,
      0.198,
      0.272,
      0.19,
      0.47,
      0.225,
      0.342,
      0.413,
      0.23,
      -0.156,
      0.234,
      0.088,
      0.117,
      -0.095,
      0.695,
      0.253,
      0.312,
      0.248,
      0.102,
      0.231,
      0.25,
      0.113,
      0.038,
      0.279,
      0.227,
      0.039,
      0.282,
      0.356,
      0.23,
      0.251,
      0.19,
      0.297,
      0.31,
      0.281,
      0.109,
      0.139,
      0.231,
      -0.024,
      0.167,
      0.205,
      0.324,
      0.377,
      0.194,
      0.135,
      0.079,
      0.161,
      0.324,
      0.173
    ],
    [
      -0.045,
      0.103,
      0.071,
      -0.01,
      0.038,
      -0.012,
      0.045,
      1.0,
      0.138,
      -0.067,
      0.078,
      -0.053,
      0.074,
      -0.006,
      0.049,
      0.001,
      0.015,
      0.065,
      0.063,
      -0.023,
      0.132,
      0.07,
      0.03,
      -0.091,
      0.156,
      -0.03,
      0.001,
      -0.09,
      0.032,
      0.087,
      -0.014,
      0.105,
      0.176,
      0.127,
      0.061,
      0.069,
      0.053,
      0.046,
      0.029,
      0.002,
      0.057,
      0.085,
      0.033,
      0.143,
      0.209,
      0.002,
      0.097,
      0.102,
      -0.008,
      0.02,
      0.109,
      -0.019,
      -0.031,
      0.032,
      0.129,
      0.049,
      0.006,
      0.045,
      -0.003,
      0.11,
      0.104,
      -0.1
    ],
    [
      0.012,
      0.106,
      0.14,
      0.156,
      0.174,
      0.046,
      0.092,
      0.138,
      1.0,
      0.001,
      0.031,
      0.087,
      0.077,
      -0.028,
      0.08,
      0.14,
      0.063,
      0.154,
      0.113,
      0.017,
      0.131,
      0.135,
      0.111,
      -0.122,
      0.242,
      0.071,
      0.056,
      -0.01,
      0.028,
      0.187,
      0.091,
      0.2,
      0.132,
      0.275,
      0.126,
      0.101,
      0.247,
      0.146,
      -0.006,
      0.086,
      0.163,
      0.08,
      0.06,
      0.131,
      0.061,
      0.112,
      0.224,
      0.17,
      0.076,
      0.071,
      0.166,
      0.045,
      0.102,
      0.032,
      0.096,
      0.141,
      0.129,
      0.077,
      0.174,
      0.18,
      0.108,
      -0.017
    ],
    [
      -0.035,
      -0.157,
      0.194,
      0.101,
      0.013,
      -0.114,
      0.041,
      -0.067,
      0.001,
      1.0,
      0.121,
      -0.027,
      -0.061,
      0.377,
      0.208,
      -0.111,
      0.39,
      0.098,
      -0.096,
      0.255,
      -0.219,
      0.246,
      -0.038,
      0.105,
      -0.019,
      -0.059,
      0.072,
      0.02,
      0.123,
      -0.087,
      0.143,
      -0.003,
      -0.045,
      -0.142,
      0.124,
      0.039,
      -0.032,
      0.353,
      0.293,
      0.044,
      0.051,
      0.024,
      0.177,
      -0.151,
      0.008,
      0.443,
      -0.123,
      -0.107,
      0.128,
      -0.003,
      -0.072,
      -0.079,
      0.004,
      -0.032,
      0.005,
      -0.096,
      0.364,
      -0.035,
      0.003,
      0.203,
      0.049,
      0.37
    ],
    [
      0.179,
      -0.087,
      -0.032,
      0.031,
      -0.145,
      -0.032,
      -0.089,
      0.078,
      0.031,
      0.121,
      1.0,
      0.205,
      -0.06,
      -0.067,
      0.03,
      0.184,
      0.066,
      0.075,
      -0.024,
      0.007,
      -0.071,
      0.002,
      -0.042,
      0.01,
      -0.158,
      0.011,
      -0.054,
      0.025,
      -0.062,
      -0.068,
      -0.112,
      0.006,
      0.014,
      -0.115,
      -0.027,
      0.022,
      0.139,
      -0.084,
      -0.077,
      0.029,
      -0.069,
      -0.135,
      0.151,
      -0.108,
      0.041,
      -0.065,
      -0.08,
      -0.084,
      -0.004,
      -0.063,
      -0.091,
      -0.135,
      -0.028,
      -0.157,
      -0.11,
      -0.148,
      0.004,
      -0.046,
      -0.031,
      0.303,
      -0.029,
      -0.004
    ],
    [
      0.023,
      -0.187,
      -0.051,
      -0.045,
      -0.016,
      0.047,
      -0.009,
      -0.053,
      0.087,
      -0.027,
      0.205,
      1.0,
      0.037,
      -0.138,
      0.107,
      0.113,
      -0.021,
      0.03,
      -0.001,
      0.101,
      -0.042,
      0.02,
      0.032,
      0.018,
      -0.075,
      0.058,
      0.019,
      0.042,
      -0.023,
      -0.046,
      -0.076,
      -0.014,
      0.059,
      -0.141,
      -0.081,
      -0.011,
      0.054,
      -0.059,
      -0.095,
      0.108,
      0.082,
      -0.199,
      0.003,
      -0.179,
      -0.046,
      -0.031,
      -0.009,
      -0.02,
      -0.084,
      -0.086,
      -0.223,
      -0.018,
      -0.074,
      0.039,
      -0.011,
      -0.089,
      0.004,
      -0.002,
      0.055,
      0.132,
      0.013,
      -0.098
    ],
    [
      -0.002,
      0.087,
      0.017,
      0.085,
      0.01,
      0.174,
      0.059,
      0.074,
      0.077,
      -0.061,
      -0.06,
      0.037,
      1.0,
      -0.197,
      0.022,
      0.095,
      -0.08,
      0.167,
      0.181,
      0.007,
      0.081,
      0.072,
      0.105,
      -0.111,
      0.222,
      0.027,
      0.097,
      0.047,
      0.065,
      0.22,
      0.03,
      0.218,
      0.182,
      0.117,
      -0.136,
      0.216,
      0.137,
      -0.141,
      -0.172,
      -0.033,
      0.108,
      -0.143,
      0.082,
      -0.025,
      0.152,
      -0.049,
      0.207,
      0.29,
      -0.019,
      0.246,
      0.064,
      0.054,
      0.064,
      0.174,
      0.137,
      0.044,
      -0.025,
      0.348,
      0.087,
      0.007,
      0.132,
      -0.181
    ],
    [
      -0.008,
      0.134,
      0.331,
      0.162,
      0.19,
      0.017,
      0.249,
      -0.006,
      -0.028,
      0.377,
      -0.067,
      -0.138,
      -0.197,
      1.0,
      0.161,
      -0.077,
      0.318,
      0.153,
      0.016,
      0.189,
      0.137,
      0.145,
      0.018,
      0.06,
      -0.004,
      -0.082,
      0.164,
      0.027,
      0.304,
      -0.071,
      0.201,
      0.128,
      0.007,
      0.08,
      0.102,
      -0.007,
      -0.055,
      0.443,
      0.544,
      0.053,
      0.066,
      0.292,
      0.169,
      0.206,
      -0.059,
      0.566,
      -0.032,
      -0.095,
      0.221,
      0.046,
      0.192,
      0.03,
      0.142,
      0.03,
      0.023,
      0.154,
      0.381,
      -0.094,
      -0.029,
      0.121,
      0.135,
      0.686
    ],
    [
      -0.112,
      -0.185,
      0.3,
      0.148,
      0.056,
      0.128,
      0.219,
      0.049,
      0.08,
      0.208,
      0.03,
      0.107,
      0.022,
      0.161,
      1.0,
      -0.027,
      0.513,
      0.088,
      -0.061,
      0.373,
      0.039,
      0.232,
      -0.004,
      -0.038,
      -0.025,
      -0.097,
      0.09,
      -0.071,
      0.212,
      -0.081,
      0.135,
      0.103,
      0.048,
      -0.098,
      0.011,
      0.125,
      0.002,
      0.315,
      0.129,
      0.115,
      0.17,
      -0.075,
      0.002,
      -0.173,
      0.056,
      0.286,
      -0.059,
      -0.009,
      0.121,
      0.09,
      -0.13,
      0.048,
      -0.041,
      -0.094,
      -0.023,
      -0.184,
      0.324,
      -0.071,
      -0.012,
      0.152,
      0.067,
      0.262
    ],
    [
      -0.015,
      0.233,
      0.003,
      -0.005,
      0.079,
      0.145,
      0.198,
      0.001,
      0.14,
      -0.111,
      0.184,
      0.113,
      0.095,
      -0.077,
      -0.027,
      1.0,
      -0.107,
      0.051,
      0.239,
      -0.028,
      0.176,
      0.186,
      0.155,
      -0.05,
      0.158,
      0.121,
      0.138,
      0.099,
      0.042,
      0.141,
      0.048,
      0.28,
      0.092,
      0.234,
      0.12,
      0.132,
      0.195,
      -0.135,
      -0.012,
      0.037,
      0.101,
      0.064,
      0.139,
      0.161,
      0.187,
      -0.017,
      0.208,
      0.211,
      -0.015,
      0.056,
      0.156,
      0.145,
      0.211,
      0.097,
      0.059,
      0.094,
      -0.176,
      0.198,
      0.036,
      0.052,
      0.092,
      -0.159
    ],
    [
      0.057,
      -0.16,
      0.336,
      0.189,
      0.082,
      0.065,
      0.272,
      0.015,
      0.063,
      0.39,
      0.066,
      -0.021,
      -0.08,
      0.318,
      0.513,
      -0.107,
      1.0,
      0.191,
      -0.004,
      0.351,
      -0.013,
      0.259,
      0.051,
      0.025,
      0.019,
      -0.086,
      0.062,
      -0.07,
      0.34,
      -0.074,
      0.14,
      0.147,
      -0.065,
      -0.103,
      0.048,
      0.208,
      -0.072,
      0.443,
      0.318,
      0.154,
      0.18,
      0.06,
      0.088,
      -0.117,
      0.083,
      0.458,
      -0.04,
      -0.037,
      0.192,
      0.025,
      -0.063,
      -0.03,
      -0.046,
      -0.047,
      0.096,
      -0.051,
      0.513,
      -0.05,
      -0.035,
      0.282,
      0.096,
      0.408
    ],
    [
      0.087,
      0.141,
      0.238,
      0.23,
      0.24,
      0.165,
      0.19,
      0.065,
      0.154,
      0.098,
      0.075,
      0.03,
      0.167,
      0.153,
      0.088,
      0.051,
      0.191,
      1.0,
      0.065,
      0.102,
      0.229,
      0.136,
      0.156,
      -0.289,
      0.197,
      0.076,
      0.268,
      -0.154,
      0.15,
      0.175,
      0.117,
      0.26,
      0.09,
      0.152,
      0.192,
      0.173,
      0.022,
      0.242,
      0.059,
      0.096,
      0.098,
      0.12,
      0.095,
      0.059,
      0.278,
      0.084,
      0.299,
      0.28,
      0.11,
      0.196,
      0.225,
      0.018,
      0.067,
      0.214,
      0.028,
      0.075,
      0.141,
      0.269,
      0.031,
      0.112,
      0.262,
      0.117
    ],
    [
      0.017,
      0.283,
      0.215,
      0.178,
      0.25,
      0.001,
      0.47,
      0.063,
      0.113,
      -0.096,
      -0.024,
      -0.001,
      0.181,
      0.016,
      -0.061,
      0.239,
      -0.004,
      0.065,
      1.0,
      0.075,
      0.223,
      0.339,
      0.164,
      -0.115,
      0.168,
      0.116,
      0.091,
      -0.088,
      0.305,
      0.334,
      0.162,
      0.292,
      0.068,
      0.263,
      0.183,
      0.162,
      0.132,
      -0.083,
      0.047,
      -0.004,
      0.212,
      0.177,
      0.225,
      0.219,
      0.17,
      0.077,
      0.301,
      0.274,
      0.01,
      0.147,
      0.265,
      0.054,
      0.186,
      0.144,
      0.365,
      0.394,
      0.022,
      0.173,
      0.045,
      0.208,
      0.128,
      -0.068
    ],
    [
      -0.082,
      -0.119,
      0.296,
      0.254,
      0.139,
      0.076,
      0.225,
      -0.023,
      0.017,
      0.255,
      0.007,
      0.101,
      0.007,
      0.189,
      0.373,
      -0.028,
      0.351,
      0.102,
      0.075,
      1.0,
      0.08,
      0.184,
      0.016,
      0.018,
      0.048,
      -0.014,
      0.061,
      -0.018,
      0.216,
      0.081,
      0.133,
      0.109,
      0.009,
      -0.143,
      0.027,
      0.126,
      0.033,
      0.194,
      0.253,
      0.15,
      0.221,
      -0.053,
      0.091,
      -0.066,
      0.138,
      0.373,
      0.114,
      0.131,
      0.234,
      0.1,
      -0.009,
      0.09,
      -0.027,
      -0.071,
      0.122,
      -0.094,
      0.349,
      0.067,
      0.067,
      0.282,
      0.109,
      0.248
    ],
    [
      0.055,
      0.306,
      0.233,
      0.239,
      0.414,
      0.05,
      0.342,
      0.132,
      0.131,
      -0.219,
      -0.071,
      -0.042,
      0.081,
      0.137,
      0.039,
      0.176,
      -0.013,
      0.229,
      0.223,
      0.08,
      1.0,
      0.157,
      0.113,
      -0.154,
      0.183,
      0.019,
      0.099,
      -0.038,
      0.204,
      0.233,
      0.19,
      0.128,
      0.132,
      0.247,
      0.244,
      0.019,
      0.12,
      0.081,
      0.088,
      0.099,
      0.082,
      0.277,
      0.129,
      0.274,
      0.213,
      0.107,
      0.257,
      0.159,
      0.073,
      0.077,
      0.248,
      0.085,
      0.179,
      0.211,
      0.056,
      0.37,
      -0.015,
      0.089,
      0.062,
      0.064,
      0.226,
      0.086
    ],
    [
      -0.022,
      0.218,
      0.383,
      0.206,
      0.255,
      0.031,
      0.413,
      0.07,
      0.135,
      0.246,
      0.002,
      0.02,
      0.072,
      0.145,
      0.232,
      0.186,
      0.259,
      0.136,
      0.339,
      0.184,
      0.157,
      1.0,
      0.169,
      -0.122,
      0.247,
      0.148,
      0.164,
      -0.028,
      0.309,
      0.259,
      0.302,
      0.315,
      0.233,
      0.183,
      0.205,
      0.176,
      0.156,
      0.12,
      0.131,
      0.036,
      0.34,
      0.204,
      0.276,
      0.18,
      0.201,
      0.218,
      0.244,
      0.19,
      0.136,
      0.084,
      0.303,
      0.025,
      0.241,
      0.122,
      0.327,
      0.279,
      0.132,
      0.13,
      0.088,
      0.31,
      0.22,
      0.084
    ],
    [
      -0.013,
      0.402,
      0.092,
      0.181,
      0.13,
      0.115,
      0.23,
      0.03,
      0.111,
      -0.038,
      -0.042,
      0.032,
      0.105,
      0.018,
      -0.004,
      0.155,
      0.051,
      0.156,
      0.164,
      0.016,
      0.113,
      0.169,
      1.0,
      -0.19,
      0.275,
      0.084,
      0.277,
      -0.151,
      0.054,
      0.327,
      0.052,
      0.382,
      0.163,
      0.463,
      0.209,
      0.211,
      0.052,
      0.118,
      0.07,
      -0.009,
      -0.051,
      0.209,
      0.143,
      0.336,
      0.341,
      0.032,
      0.4,
      0.379,
      0.025,
      0.187,
      0.44,
      0.022,
      0.146,
      0.323,
      0.081,
      0.245,
      0.069,
      0.201,
      0.1,
      0.084,
      0.283,
      -0.015
    ],
    [
      -0.087,
      -0.187,
      -0.159,
      -0.129,
      -0.076,
      -0.173,
      -0.156,
      -0.091,
      -0.122,
      0.105,
      0.01,
      0.018,
      -0.111,
      0.06,
      -0.038,
      -0.05,
      0.025,
      -0.289,
      -0.115,
      0.018,
      -0.154,
      -0.122,
      -0.19,
      1.0,
      -0.258,
      -0.11,
      -0.191,
      0.367,
      -0.039,
      -0.22,
      0.009,
      -0.237,
      -0.138,
      -0.222,
      -0.174,
      -0.116,
      -0.11,
      -0.043,
      0.022,
      0.025,
      0.055,
      -0.041,
      -0.108,
      -0.125,
      -0.288,
      -0.018,
      -0.417,
      -0.405,
      -0.04,
      -0.189,
      -0.237,
      0.002,
      -0.136,
      -0.197,
      -0.104,
      -0.132,
      0.081,
      -0.296,
      0.007,
      -0.056,
      -0.245,
      0.062
    ],
    [
      0.123,
      0.322,
      0.229,
      0.139,
      0.143,
      0.152,
      0.234,
      0.156,
      0.242,
      -0.019,
      -0.158,
      -0.075,
      0.222,
      -0.004,
      -0.025,
      0.158,
      0.019,
      0.197,
      0.168,
      0.048,
      0.183,
      0.247,
      0.275,
      -0.258,
      1.0,
      0.126,
      0.294,
      -0.147,
      0.17,
      0.453,
      0.099,
      0.438,
      0.298,
      0.291,
      0.098,
      0.24,
      0.151,
      0.008,
      0.066,
      -0.07,
      0.16,
      0.061,
      0.127,
      0.23,
      0.379,
      0.033,
      0.495,
      0.434,
      -0.083,
      0.283,
      0.435,
      0.011,
      0.089,
      0.237,
      0.186,
      0.171,
      0.067,
      0.435,
      0.232,
      0.142,
      0.368,
      -0.083
    ],
    [
      -0.034,
      0.11,
      0.087,
      0.083,
      0.091,
      0.035,
      0.088,
      -0.03,
      0.071,
      -0.059,
      0.011,
      0.058,
      0.027,
      -0.082,
      -0.097,
      0.121,
      -0.086,
      0.076,
      0.116,
      -0.014,
      0.019,
      0.148,
      0.084,
      -0.11,
      0.126,
      1.0,
      -0.056,
      -0.013,
      -0.004,
      0.086,
      0.079,
      0.113,
      -0.004,
      0.114,
      0.054,
      0.016,
      0.073,
      -0.045,
      -0.087,
      -0.015,
      0.077,
      0.075,
      0.044,
      0.031,
      -0.05,
      -0.074,
      0.124,
      0.164,
      -0.056,
      0.031,
      0.068,
      0.035,
      0.073,
      0.058,
      0.096,
      0.108,
      -0.087,
      0.046,
      -0.03,
      -0.08,
      -0.005,
      -0.082
    ],
    [
      0.135,
      0.232,
      0.076,
      0.217,
      0.116,
      0.088,
      0.117,
      0.001,
      0.056,
      0.072,
      -0.054,
      0.019,
      0.097,
      0.164,
      0.09,
      0.138,
      0.062,
      0.268,
      0.091,
      0.061,
      0.099,
      0.164,
      0.277,
      -0.191,
      0.294,
      -0.056,
      1.0,
      -0.122,
      0.11,
      0.157,
      0.127,
      0.331,
      0.155,
      0.241,
      0.099,
      0.287,
      -0.048,
      0.124,
      0.131,
      0.043,
      -0.13,
      0.039,
      0.123,
      0.207,
      0.33,
      0.043,
      0.261,
      0.202,
      -0.046,
      0.163,
      0.205,
      0.115,
      0.196,
      0.354,
      -0.003,
      0.073,
      0.013,
      0.304,
      0.05,
      0.057,
      0.3,
      0.084
    ],
    [
      -0.105,
      -0.088,
      -0.023,
      -0.105,
      0.012,
      -0.133,
      -0.095,
      -0.09,
      -0.01,
      0.02,
      0.025,
      0.042,
      0.047,
      0.027,
      -0.071,
      0.099,
      -0.07,
      -0.154,
      -0.088,
      -0.018,
      -0.038,
      -0.028,
      -0.151,
      0.367,
      -0.147,
      -0.013,
      -0.122,
      1.0,
      0.041,
      -0.159,
      -0.04,
      -0.141,
      -0.08,
      -0.138,
      -0.123,
      -0.077,
      -0.089,
      -0.087,
      -0.028,
      0.059,
      0.136,
      -0.053,
      -0.008,
      -0.12,
      -0.205,
      -0.04,
      -0.209,
      -0.265,
      -0.016,
      -0.045,
      -0.145,
      -0.016,
      -0.07,
      -0.145,
      0.034,
      -0.02,
      -0.094,
      -0.219,
      -0.035,
      -0.065,
      -0.181,
      -0.02
    ],
    [
      -0.072,
      0.036,
      0.438,
      0.321,
      0.249,
      0.035,
      0.695,
      0.032,
      0.028,
      0.123,
      -0.062,
      -0.023,
      0.065,
      0.304,
      0.212,
      0.042,
      0.34,
      0.15,
      0.305,
      0.216,
      0.204,
      0.309,
      0.054,
      -0.039,
      0.17,
      -0.004,
      0.11,
      0.041,
      1.0,
      0.141,
      0.269,
      0.128,
      0.02,
      0.026,
      0.145,
      0.125,
      -0.028,
      0.254,
      0.161,
      0.027,
      0.305,
      0.204,
      0.186,
      0.071,
      0.074,
      0.295,
      0.188,
      0.22,
      0.157,
      0.154,
      0.06,
      -0.106,
      0.077,
      0.119,
      0.26,
      0.25,
      0.237,
      0.04,
      0.048,
      0.208,
      0.212,
      0.22
    ],
    [
      0.015,
      0.42,
      0.159,
      0.189,
      0.141,
      0.082,
      0.253,
      0.087,
      0.187,
      -0.087,
      -0.068,
      -0.046,
      0.22,
      -0.071,
      -0.081,
      0.141,
      -0.074,
      0.175,
      0.334,
      0.081,
      0.233,
      0.259,
      0.327,
      -0.22,
      0.453,
      0.086,
      0.157,
      -0.159,
      0.141,
      1.0,
      0.158,
      0.446,
      0.262,
      0.412,
      0.229,
      0.276,
      0.104,
      -0.018,
      -0.078,
      -0.083,
      0.105,
      0.13,
      0.173,
      0.403,
      0.415,
      -0.095,
      0.673,
      0.578,
      -0.053,
      0.301,
      0.531,
      0.117,
      0.22,
      0.221,
      0.216,
      0.338,
      -0.037,
      0.43,
      0.146,
      0.143,
      0.342,
      -0.144
    ],
    [
      -0.002,
      0.094,
      0.302,
      0.219,
      0.247,
      0.014,
      0.312,
      -0.014,
      0.091,
      0.143,
      -0.112,
      -0.076,
      0.03,
      0.201,
      0.135,
      0.048,
      0.14,
      0.117,
      0.162,
      0.133,
      0.19,
      0.302,
      0.052,
      0.009,
      0.099,
      0.079,
      0.127,
      -0.04,
      0.269,
      0.158,
      1.0,
      0.183,
      0.086,
      0.084,
      0.218,
      0.132,
      0.015,
      0.219,
      0.186,
      0.059,
      0.213,
      0.235,
      0.186,
      0.161,
      0.086,
      0.243,
      0.213,
      0.193,
      0.146,
      0.142,
      0.207,
      0.069,
      0.255,
      0.139,
      0.185,
      0.134,
      0.226,
      0.057,
      0.1,
      0.166,
      0.212,
      0.141
    ],
    [
      0.111,
      0.379,
      0.195,
      0.306,
      0.139,
      0.139,
      0.248,
      0.105,
      0.2,
      -0.003,
      0.006,
      -0.014,
      0.218,
      0.128,
      0.103,
      0.28,
      0.147,
      0.26,
      0.292,
      0.109,
      0.128,
      0.315,
      0.382,
      -0.237,
      0.438,
      0.113,
      0.331,
      -0.141,
      0.128,
      0.446,
      0.183,
      1.0,
      0.237,
      0.361,
      0.139,
      0.379,
      0.092,
      0.078,
      0.075,
      -0.039,
      0.071,
      0.12,
      0.192,
      0.307,
      0.396,
      0.097,
      0.554,
      0.495,
      0.007,
      0.352,
      0.472,
      0.094,
      0.2,
      0.298,
      0.223,
      0.147,
      0.103,
      0.428,
      0.149,
      0.17,
      0.361,
      0.048
    ],
    [
      -0.006,
      0.248,
      0.056,
      0.034,
      0.042,
      0.231,
      0.102,
      0.176,
      0.132,
      -0.045,
      0.014,
      0.059,
      0.182,
      0.007,
      0.048,
      0.092,
      -0.065,
      0.09,
      0.068,
      0.009,
      0.132,
      0.233,
      0.163,
      -0.138,
      0.298,
      -0.004,
      0.155,
      -0.08,
      0.02,
      0.262,
      0.086,
      0.237,
      1.0,
      0.193,
      0.109,
      0.188,
      0.214,
      -0.026,
      -0.044,
      0.003,
      0.022,
      0.065,
      0.118,
      0.252,
      0.289,
      -0.101,
      0.283,
      0.282,
      -0.053,
      0.134,
      0.25,
      0.081,
      0.158,
      0.174,
      0.082,
      0.127,
      -0.066,
      0.208,
      0.145,
      0.019,
      0.183,
      -0.058
    ],
    [
      -0.025,
      0.716,
      0.099,
      0.124,
      0.218,
      0.096,
      0.231,
      0.127,
      0.275,
      -0.142,
      -0.115,
      -0.141,
      0.117,
      0.08,
      -0.098,
      0.234,
      -0.103,
      0.152,
      0.263,
      -0.143,
      0.247,
      0.183,
      0.463,
      -0.222,
      0.291,
      0.114,
      0.241,
      -0.138,
      0.026,
      0.412,
      0.084,
      0.361,
      0.193,
      1.0,
      0.248,
      0.084,
      0.111,
      0.016,
      0.13,
      -0.096,
      -0.122,
      0.381,
      0.125,
      0.616,
      0.33,
      0.055,
      0.443,
      0.292,
      -0.027,
      0.278,
      0.712,
      0.084,
      0.216,
      0.323,
      0.124,
      0.461,
      -0.143,
      0.247,
      0.095,
      0.026,
      0.187,
      0.001
    ],
    [
      0.017,
      0.273,
      0.326,
      0.277,
      0.453,
      0.101,
      0.25,
      0.061,
      0.126,
      0.124,
      -0.027,
      -0.081,
      -0.136,
      0.102,
      0.011,
      0.12,
      0.048,
      0.192,
      0.183,
      0.027,
      0.244,
      0.205,
      0.209,
      -0.174,
      0.098,
      0.054,
      0.099,
      -0.123,
      0.145,
      0.229,
      0.218,
      0.139,
      0.109,
      0.248,
      1.0,
      0.104,
      0.037,
      0.307,
      0.141,
      0.073,
      0.171,
      0.342,
      0.278,
      0.25,
      0.198,
      0.072,
      0.245,
      0.218,
      0.104,
      0.024,
      0.257,
      0.033,
      0.084,
      0.159,
      0.08,
      0.232,
      0.113,
      -0.004,
      0.004,
      0.181,
      0.142,
      0.009
    ],
    [
      0.078,
      0.077,
      0.133,
      0.226,
      0.078,
      0.107,
      0.113,
      0.069,
      0.101,
      0.039,
      0.022,
      -0.011,
      0.216,
      -0.007,
      0.125,
      0.132,
      0.208,
      0.173,
      0.162,
      0.126,
      0.019,
      0.176,
      0.211,
      -0.116,
      0.24,
      0.016,
      0.287,
      -0.077,
      0.125,
      0.276,
      0.132,
      0.379,
      0.188,
      0.084,
      0.104,
      1.0,
      0.125,
      0.09,
      -0.004,
      -0.045,
      0.109,
      -0.047,
      0.155,
      0.121,
      0.296,
      0.069,
      0.341,
      0.335,
      0.099,
      0.12,
      0.162,
      0.037,
      0.138,
      0.229,
      0.244,
      0.03,
      0.067,
      0.385,
      0.094,
      0.18,
      0.324,
      0.004
    ],
    [
      0.137,
      0.091,
      0.152,
      -0.033,
      0.062,
      0.052,
      0.038,
      0.053,
      0.247,
      -0.032,
      0.139,
      0.054,
      0.137,
      -0.055,
      0.002,
      0.195,
      -0.072,
      0.022,
      0.132,
      0.033,
      0.12,
      0.156,
      0.052,
      -0.11,
      0.151,
      0.073,
      -0.048,
      -0.089,
      -0.028,
      0.104,
      0.015,
      0.092,
      0.214,
      0.111,
      0.037,
      0.125,
      1.0,
      -0.029,
      -0.328,
      0.048,
      0.076,
      -0.011,
      0.051,
      0.139,
      0.122,
      0.035,
      0.167,
      0.121,
      -0.036,
      0.009,
      0.127,
      0.027,
      0.142,
      0.104,
      0.15,
      -0.004,
      0.01,
      0.15,
      0.038,
      0.123,
      0.134,
      -0.074
    ],
    [
      -0.013,
      -0.101,
      0.316,
      0.223,
      0.324,
      0.06,
      0.279,
      0.046,
      0.146,
      0.353,
      -0.084,
      -0.059,
      -0.141,
      0.443,
      0.315,
      -0.135,
      0.443,
      0.242,
      -0.083,
      0.194,
      0.081,
      0.12,
      0.118,
      -0.043,
      0.008,
      -0.045,
      0.124,
      -0.087,
      0.254,
      -0.018,
      0.219,
      0.078,
      -0.026,
      0.016,
      0.307,
      0.09,
      -0.029,
      1.0,
      0.357,
      0.217,
      0.108,
      0.302,
      0.101,
      0.057,
      -0.03,
      0.358,
      0.067,
      0.008,
      0.204,
      0.034,
      0.069,
      0.071,
      0.144,
      0.138,
      0.028,
      0.116,
      0.515,
      -0.028,
      0.027,
      0.123,
      0.205,
      0.442
    ],
    [
      0.002,
      0.113,
      0.237,
      0.135,
      0.195,
      -0.012,
      0.227,
      0.029,
      -0.006,
      0.293,
      -0.077,
      -0.095,
      -0.172,
      0.544,
      0.129,
      -0.012,
      0.318,
      0.059,
      0.047,
      0.253,
      0.088,
      0.131,
      0.07,
      0.022,
      0.066,
      -0.087,
      0.131,
      -0.028,
      0.161,
      -0.078,
      0.186,
      0.075,
      -0.044,
      0.13,
      0.141,
      -0.004,
      -0.328,
      0.357,
      1.0,
      0.056,
      0.054,
      0.262,
      0.207,
      0.141,
      -0.01,
      0.466,
      -0.018,
      -0.083,
      0.245,
      0.079,
      0.175,
      -0.026,
      0.047,
      0.016,
      0.029,
      0.202,
      0.344,
      -0.09,
      -0.01,
      0.125,
      0.047,
      0.482
    ],
    [
      0.059,
      -0.109,
      0.146,
      0.131,
      0.24,
      0.15,
      0.039,
      0.002,
      0.086,
      0.044,
      0.029,
      0.108,
      -0.033,
      0.053,
      0.115,
      0.037,
      0.154,
      0.096,
      -0.004,
      0.15,
      0.099,
      0.036,
      -0.009,
      0.025,
      -0.07,
      -0.015,
      0.043,
      0.059,
      0.027,
      -0.083,
      0.059,
      -0.039,
      0.003,
      -0.096,
      0.073,
      -0.045,
      0.048,
      0.217,
      0.056,
      1.0,
      0.053,
      0.005,
      0.032,
      0.038,
      -0.012,
      0.11,
      -0.085,
      -0.003,
      0.346,
      0.02,
      -0.068,
      0.011,
      0.107,
      0.004,
      -0.063,
      -0.006,
      0.124,
      -0.06,
      -0.078,
      0.041,
      0.014,
      0.034
    ],
    [
      -0.019,
      -0.124,
      0.381,
      0.178,
      0.16,
      0.075,
      0.282,
      0.057,
      0.163,
      0.051,
      -0.069,
      0.082,
      0.108,
      0.066,
      0.17,
      0.101,
      0.18,
      0.098,
      0.212,
      0.221,
      0.082,
      0.34,
      -0.051,
      0.055,
      0.16,
      0.077,
      -0.13,
      0.136,
      0.305,
      0.105,
      0.213,
      0.071,
      0.022,
      -0.122,
      0.171,
      0.109,
      0.076,
      0.108,
      0.054,
      0.053,
      1.0,
      0.041,
      0.171,
      -0.084,
      0.032,
      0.112,
      0.141,
      0.157,
      0.124,
      0.112,
      -0.014,
      0.087,
      -0.009,
      -0.073,
      0.273,
      0.121,
      0.191,
      0.033,
      0.068,
      0.172,
      0.13,
      0.068
    ],
    [
      -0.132,
      0.334,
      0.158,
      0.166,
      0.288,
      -0.017,
      0.356,
      0.085,
      0.08,
      0.024,
      -0.135,
      -0.199,
      -0.143,
      0.292,
      -0.075,
      0.064,
      0.06,
      0.12,
      0.177,
      -0.053,
      0.277,
      0.204,
      0.209,
      -0.041,
      0.061,
      0.075,
      0.039,
      -0.053,
      0.204,
      0.13,
      0.235,
      0.12,
      0.065,
      0.381,
      0.342,
      -0.047,
      -0.011,
      0.302,
      0.262,
      0.005,
      0.041,
      1.0,
      0.157,
      0.41,
      0.082,
      0.141,
      0.143,
      0.02,
      0.074,
      0.066,
      0.401,
      0.098,
      0.208,
      0.248,
      0.157,
      0.634,
      0.07,
      -0.071,
      0.038,
      -0.031,
      0.145,
      0.135
    ],
    [
      0.052,
      0.136,
      0.285,
      0.218,
      0.211,
      0.085,
      0.23,
      0.033,
      0.06,
      0.177,
      0.151,
      0.003,
      0.082,
      0.169,
      0.002,
      0.139,
      0.088,
      0.095,
      0.225,
      0.091,
      0.129,
      0.276,
      0.143,
      -0.108,
      0.127,
      0.044,
      0.123,
      -0.008,
      0.186,
      0.173,
      0.186,
      0.192,
      0.118,
      0.125,
      0.278,
      0.155,
      0.051,
      0.101,
      0.207,
      0.032,
      0.171,
      0.157,
      1.0,
      0.084,
      0.108,
      0.238,
      0.115,
      0.116,
      0.214,
      0.068,
      0.129,
      -0.09,
      0.06,
      0.162,
      0.098,
      0.207,
      0.181,
      0.077,
      0.015,
      0.355,
      0.117,
      0.143
    ],
    [
      0.041,
      0.712,
      0.047,
      0.181,
      0.291,
      0.061,
      0.251,
      0.143,
      0.131,
      -0.151,
      -0.108,
      -0.179,
      -0.025,
      0.206,
      -0.173,
      0.161,
      -0.117,
      0.059,
      0.219,
      -0.066,
      0.274,
      0.18,
      0.336,
      -0.125,
      0.23,
      0.031,
      0.207,
      -0.12,
      0.071,
      0.403,
      0.161,
      0.307,
      0.252,
      0.616,
      0.25,
      0.121,
      0.139,
      0.057,
      0.141,
      0.038,
      -0.084,
      0.41,
      0.084,
      1.0,
      0.294,
      0.046,
      0.333,
      0.226,
      0.02,
      0.164,
      0.688,
      0.121,
      0.296,
      0.29,
      0.164,
      0.463,
      -0.105,
      0.153,
      0.176,
      -0.031,
      0.26,
      0.022
    ],
    [
      0.09,
      0.336,
      0.142,
      0.241,
      0.103,
      0.203,
      0.19,
      0.209,
      0.061,
      0.008,
      0.041,
      -0.046,
      0.152,
      -0.059,
      0.056,
      0.187,
      0.083,
      0.278,
      0.17,
      0.138,
      0.213,
      0.201,
      0.341,
      -0.288,
      0.379,
      -0.05,
      0.33,
      -0.205,
      0.074,
      0.415,
      0.086,
      0.396,
      0.289,
      0.33,
      0.198,
      0.296,
      0.122,
      -0.03,
      -0.01,
      -0.012,
      0.032,
      0.082,
      0.108,
      0.294,
      1.0,
      -0.007,
      0.445,
      0.415,
      -0.043,
      0.361,
      0.425,
      0.1,
      0.1,
      0.33,
      0.227,
      0.197,
      0.014,
      0.349,
      0.037,
      0.115,
      0.33,
      -0.078
    ],
    [
      -0.018,
      0.006,
      0.419,
      0.228,
      0.249,
      0.017,
      0.297,
      0.002,
      0.112,
      0.443,
      -0.065,
      -0.031,
      -0.049,
      0.566,
      0.286,
      -0.017,
      0.458,
      0.084,
      0.077,
      0.373,
      0.107,
      0.218,
      0.032,
      -0.018,
      0.033,
      -0.074,
      0.043,
      -0.04,
      0.295,
      -0.095,
      0.243,
      0.097,
      -0.101,
      0.055,
      0.072,
      0.069,
      0.035,
      0.358,
      0.466,
      0.11,
      0.112,
      0.141,
      0.238,
      0.046,
      -0.007,
      1.0,
      -0.068,
      -0.053,
      0.272,
      0.013,
      0.097,
      0.032,
      0.027,
      0.037,
      0.104,
      0.083,
      0.442,
      -0.048,
      0.059,
      0.232,
      0.123,
      0.565
    ],
    [
      0.027,
      0.426,
      0.227,
      0.215,
      0.212,
      0.152,
      0.31,
      0.097,
      0.224,
      -0.123,
      -0.08,
      -0.009,
      0.207,
      -0.032,
      -0.059,
      0.208,
      -0.04,
      0.299,
      0.301,
      0.114,
      0.257,
      0.244,
      0.4,
      -0.417,
      0.495,
      0.124,
      0.261,
      -0.209,
      0.188,
      0.673,
      0.213,
      0.554,
      0.283,
      0.443,
      0.245,
      0.341,
      0.167,
      0.067,
      -0.018,
      -0.085,
      0.141,
      0.143,
      0.115,
      0.333,
      0.445,
      -0.068,
      1.0,
      0.72,
      -0.054,
      0.317,
      0.559,
      0.115,
      0.204,
      0.313,
      0.255,
      0.287,
      -0.065,
      0.509,
      0.154,
      0.174,
      0.422,
      -0.105
    ],
    [
      0.021,
      0.348,
      0.217,
      0.328,
      0.162,
      0.253,
      0.281,
      0.102,
      0.17,
      -0.107,
      -0.084,
      -0.02,
      0.29,
      -0.095,
      -0.009,
      0.211,
      -0.037,
      0.28,
      0.274,
      0.131,
      0.159,
      0.19,
      0.379,
      -0.405,
      0.434,
      0.164,
      0.202,
