{
  "meta": {
    "generated_at": "2026-06-05T10:59:18+00:00",
    "n_tickers": 61,
    "n_clusters": 0,
    "redundant_threshold": 0.75
  },
  "tickers": [
    "NTO",
    "ABBNE",
    "ABNB",
    "ADYEN",
    "AMZN",
    "BFIT",
    "BN",
    "CBAV",
    "CELH",
    "CHKP",
    "COR",
    "COST",
    "CPR",
    "CRWD",
    "DNP",
    "DSGX",
    "EVD",
    "FERG",
    "FICO",
    "GOOG",
    "GRMN",
    "HLMA",
    "IPCO",
    "ITX",
    "JDG",
    "JFN",
    "KIST",
    "KKR",
    "KRX",
    "KSPI",
    "LIFCO B",
    "LOTB",
    "LR",
    "META",
    "MIPS",
    "MNST",
    "MSFT",
    "NET",
    "NFLX",
    "NKE",
    "NVDA",
    "OTLY",
    "PRY",
    "RAA",
    "S",
    "SGO",
    "SIKA",
    "SPOT",
    "STMN",
    "SU",
    "TFF",
    "TFPM",
    "TGYM",
    "TREX",
    "TSM",
    "VEEV",
    "VID",
    "VRLA",
    "VLTO",
    "WOSG",
    "ZS"
  ],
  "matrix_1y": [
    [
      1.0,
      0.084,
      -0.148,
      0.017,
      0.043,
      0.018,
      -0.053,
      -0.014,
      0.031,
      -0.017,
      0.195,
      0.033,
      -0.067,
      0.019,
      -0.017,
      0.082,
      0.059,
      0.012,
      -0.103,
      0.038,
      -0.044,
      0.006,
      -0.061,
      0.096,
      -0.027,
      0.121,
      -0.069,
      -0.062,
      -0.023,
      0.023,
      0.111,
      0.013,
      0.014,
      0.045,
      0.07,
      0.134,
      0.042,
      0.021,
      0.099,
      -0.047,
      -0.081,
      0.026,
      0.046,
      0.052,
      -0.017,
      0.035,
      0.027,
      0.071,
      -0.034,
      0.093,
      -0.011,
      -0.044,
      0.075,
      -0.156,
      0.0,
      0.03,
      0.085,
      -0.109,
      0.119,
      0.02,
      -0.01
    ],
    [
      0.084,
      1.0,
      0.154,
      0.179,
      0.253,
      0.17,
      0.29,
      0.11,
      0.131,
      -0.141,
      -0.01,
      -0.085,
      0.132,
      0.041,
      0.294,
      -0.073,
      0.147,
      0.276,
      -0.077,
      0.29,
      0.285,
      0.523,
      -0.18,
      0.37,
      0.089,
      0.251,
      -0.109,
      0.072,
      0.448,
      0.103,
      0.449,
      0.274,
      0.768,
      0.31,
      0.19,
      0.14,
      -0.016,
      0.12,
      -0.015,
      0.019,
      0.317,
      0.203,
      0.707,
      0.323,
      -0.018,
      0.525,
      0.398,
      0.074,
      0.261,
      0.788,
      0.08,
      0.127,
      0.289,
      0.192,
      0.444,
      -0.156,
      0.29,
      0.098,
      0.108,
      0.311,
      -0.056
    ],
    [
      -0.148,
      0.154,
      1.0,
      0.318,
      0.367,
      0.122,
      0.483,
      0.11,
      0.109,
      0.203,
      -0.007,
      -0.022,
      0.023,
      0.332,
      0.032,
      0.367,
      0.204,
      0.235,
      0.291,
      0.226,
      0.42,
      0.123,
      -0.127,
      0.218,
      0.027,
      0.046,
      -0.037,
      0.486,
      0.168,
      0.283,
      0.13,
      0.1,
      0.142,
      0.287,
      0.152,
      0.157,
      0.302,
      0.218,
      0.111,
      0.381,
      0.151,
      0.302,
      0.067,
      0.142,
      0.405,
      0.228,
      0.201,
      0.217,
      0.222,
      0.23,
      0.049,
      -0.022,
      0.124,
      0.275,
      0.165,
      0.372,
      0.026,
      0.006,
      0.381,
      0.216,
      0.307
    ],
    [
      0.017,
      0.179,
      0.318,
      1.0,
      0.268,
      0.214,
      0.212,
      0.016,
      0.146,
      0.145,
      0.071,
      -0.024,
      0.075,
      0.205,
      0.044,
      0.196,
      0.192,
      0.191,
      0.256,
      0.207,
      0.224,
      0.131,
      -0.105,
      0.152,
      0.015,
      0.256,
      -0.13,
      0.299,
      0.176,
      0.235,
      0.291,
      0.07,
      0.148,
      0.228,
      0.325,
      -0.031,
      0.198,
      0.164,
      0.141,
      0.189,
      0.142,
      0.193,
      0.213,
      0.212,
      0.243,
      0.219,
      0.297,
      0.298,
      0.346,
      0.263,
      0.069,
      0.16,
      0.248,
      0.094,
      0.226,
      0.325,
      0.2,
      0.04,
      0.23,
      0.243,
      0.165
    ],
    [
      0.043,
      0.253,
      0.367,
      0.268,
      1.0,
      0.114,
      0.359,
      0.056,
      0.19,
      0.002,
      -0.117,
      0.005,
      0.012,
      0.158,
      0.113,
      0.074,
      0.203,
      0.25,
      0.125,
      0.401,
      0.254,
      0.164,
      -0.066,
      0.181,
      0.078,
      0.11,
      -0.01,
      0.262,
      0.18,
      0.258,
      0.152,
      0.08,
      0.272,
      0.428,
      0.179,
      0.065,
      0.278,
      0.174,
      0.224,
      0.176,
      0.278,
      0.209,
      0.329,
      0.136,
      0.21,
      0.279,
      0.206,
      0.165,
      0.17,
      0.27,
      0.118,
      0.077,
      0.186,
      0.195,
      0.313,
      0.158,
      0.075,
      0.06,
      0.111,
      0.178,
      0.083
    ],
    [
      0.018,
      0.17,
      0.122,
      0.214,
      0.114,
      1.0,
      0.094,
      0.011,
      0.035,
      -0.131,
      -0.036,
      0.033,
      0.189,
      0.018,
      0.159,
      0.075,
      0.189,
      0.052,
      0.06,
      0.097,
      0.064,
      0.131,
      -0.191,
      0.158,
      0.01,
      0.094,
      -0.157,
      0.055,
      0.139,
      0.032,
      0.145,
      0.192,
      0.165,
      0.148,
      0.204,
      0.001,
      0.084,
      0.044,
      0.148,
      0.139,
      0.053,
      0.06,
      0.147,
      0.219,
      0.037,
      0.202,
      0.274,
      0.171,
      0.188,
      0.124,
      0.04,
      0.085,
      0.183,
      0.105,
      0.065,
      0.088,
      0.313,
      0.069,
      0.054,
      0.155,
      -0.016
    ],
    [
      -0.053,
      0.29,
      0.483,
      0.212,
      0.359,
      0.094,
      1.0,
      0.058,
      0.095,
      0.05,
      -0.081,
      0.001,
      0.065,
      0.249,
      0.183,
      0.309,
      0.159,
      0.464,
      0.242,
      0.312,
      0.436,
      0.275,
      -0.16,
      0.222,
      0.071,
      0.119,
      -0.073,
      0.703,
      0.233,
      0.33,
      0.231,
      0.115,
      0.262,
      0.243,
      0.161,
      0.034,
      0.291,
      0.228,
      0.045,
      0.276,
      0.356,
      0.281,
      0.275,
      0.181,
      0.305,
      0.294,
      0.274,
      0.134,
      0.196,
      0.258,
      -0.022,
      0.111,
      0.194,
      0.332,
      0.441,
      0.193,
      0.146,
      0.088,
      0.189,
      0.297,
      0.174
    ],
    [
      -0.014,
      0.11,
      0.11,
      0.016,
      0.056,
      0.011,
      0.058,
      1.0,
      0.151,
      -0.038,
      0.069,
      -0.004,
      0.116,
      0.005,
      0.038,
      0.025,
      0.069,
      0.083,
      -0.017,
      0.132,
      0.067,
      0.12,
      -0.114,
      0.17,
      -0.052,
      0.019,
      -0.066,
      0.044,
      0.073,
      -0.004,
      0.082,
      0.164,
      0.134,
      0.046,
      0.001,
      0.061,
      0.057,
      0.051,
      0.004,
      -0.022,
      0.101,
      0.114,
      0.126,
      0.172,
      0.036,
      0.113,
      0.111,
      0.016,
      0.014,
      0.11,
      0.028,
      -0.017,
      0.097,
      0.098,
      0.057,
      -0.005,
      0.071,
      0.004,
      0.132,
      0.05,
      -0.098
    ],
    [
      0.031,
      0.131,
      0.109,
      0.146,
      0.19,
      0.035,
      0.095,
      0.151,
      1.0,
      -0.027,
      0.03,
      0.082,
      0.089,
      -0.061,
      0.142,
      0.036,
      0.072,
      0.147,
      0.005,
      0.157,
      0.158,
      0.145,
      -0.119,
      0.24,
      0.068,
      0.044,
      -0.025,
      0.042,
      0.183,
      0.067,
      0.155,
      0.133,
      0.303,
      0.128,
      0.13,
      0.231,
      0.136,
      0.03,
      0.059,
      0.138,
      0.129,
      0.042,
      0.171,
      0.046,
      0.104,
      0.246,
      0.16,
      0.059,
      0.055,
      0.187,
      0.065,
      0.077,
      0.009,
      0.104,
      0.228,
      0.101,
      0.059,
      0.174,
      0.163,
      0.092,
      -0.033
    ],
    [
      -0.017,
      -0.141,
      0.203,
      0.145,
      0.002,
      -0.131,
      0.05,
      -0.038,
      -0.027,
      1.0,
      0.108,
      -0.025,
      -0.067,
      0.387,
      -0.127,
      0.36,
      0.091,
      -0.113,
      0.235,
      -0.206,
      0.239,
      -0.073,
      0.096,
      -0.008,
      -0.019,
      0.038,
      0.011,
      0.136,
      -0.066,
      0.153,
      -0.103,
      -0.019,
      -0.134,
      0.177,
      -0.021,
      -0.038,
      0.332,
      0.288,
      0.035,
      0.061,
      0.077,
      0.167,
      -0.129,
      0.007,
      0.432,
      -0.118,
      -0.13,
      0.119,
      0.016,
      -0.05,
      -0.035,
      -0.005,
      -0.063,
      0.029,
      -0.055,
      0.319,
      -0.096,
      -0.029,
      0.155,
      0.009,
      0.347
    ],
    [
      0.195,
      -0.01,
      -0.007,
      0.071,
      -0.117,
      -0.036,
      -0.081,
      0.069,
      0.03,
      0.108,
      1.0,
      0.162,
      -0.091,
      -0.008,
      0.166,
      0.047,
      0.068,
      -0.028,
      -0.021,
      -0.041,
      -0.019,
      -0.01,
      -0.004,
      -0.178,
      0.002,
      -0.056,
      0.034,
      -0.051,
      -0.059,
      -0.092,
      -0.025,
      0.019,
      -0.058,
      0.013,
      -0.042,
      0.129,
      -0.093,
      -0.081,
      0.028,
      -0.08,
      -0.095,
      0.145,
      -0.057,
      0.047,
      -0.045,
      -0.09,
      -0.095,
      0.02,
      -0.029,
      -0.019,
      -0.113,
      0.026,
      -0.151,
      -0.145,
      -0.074,
      -0.027,
      -0.089,
      -0.033,
      0.257,
      -0.04,
      0.017
    ],
    [
      0.033,
      -0.085,
      -0.022,
      -0.024,
      0.005,
      0.033,
      0.001,
      -0.004,
      0.082,
      -0.025,
      0.162,
      1.0,
      0.02,
      -0.086,
      0.101,
      -0.077,
      -0.001,
      0.013,
      0.084,
      -0.019,
      0.014,
      0.007,
      -0.04,
      -0.016,
      0.083,
      -0.007,
      0.02,
      -0.018,
      -0.012,
      -0.078,
      -0.049,
      0.083,
      -0.07,
      -0.003,
      -0.104,
      0.078,
      -0.108,
      -0.082,
      0.095,
      0.078,
      -0.191,
      -0.014,
      -0.143,
      -0.038,
      0.009,
      0.004,
      0.004,
      -0.079,
      0.003,
      -0.16,
      -0.04,
      -0.049,
      -0.008,
      -0.004,
      -0.037,
      -0.057,
      -0.026,
      0.042,
      0.141,
      0.003,
      -0.084
    ],
    [
      -0.067,
      0.132,
      0.023,
      0.075,
      0.012,
      0.189,
      0.065,
      0.116,
      0.089,
      -0.067,
      -0.091,
      0.02,
      1.0,
      -0.19,
      0.068,
      -0.073,
      0.129,
      0.175,
      -0.024,
      0.09,
      0.074,
      0.12,
      -0.103,
      0.204,
      0.016,
      0.085,
      0.04,
      0.068,
      0.231,
      0.06,
      0.198,
      0.169,
      0.141,
      -0.144,
      0.222,
      0.13,
      -0.154,
      -0.191,
      -0.066,
      0.125,
      -0.123,
      0.104,
      0.009,
      0.136,
      -0.044,
      0.183,
      0.28,
      -0.062,
      0.299,
      0.069,
      0.057,
      0.066,
      0.194,
      0.158,
      0.073,
      -0.044,
      0.341,
      0.109,
      -0.016,
      0.153,
      -0.185
    ],
    [
      0.019,
      0.041,
      0.332,
      0.205,
      0.158,
      0.018,
      0.249,
      0.005,
      -0.061,
      0.387,
      -0.008,
      -0.086,
      -0.19,
      1.0,
      -0.054,
      0.353,
      0.191,
      -0.003,
      0.224,
      0.111,
      0.121,
      0.087,
      0.063,
      0.011,
      -0.049,
      0.153,
      0.02,
      0.324,
      -0.069,
      0.167,
      0.077,
      -0.006,
      0.069,
      0.11,
      0.014,
      -0.092,
      0.526,
      0.559,
      0.072,
      0.04,
      0.294,
      0.128,
      0.137,
      -0.075,
      0.531,
      -0.002,
      -0.098,
      0.274,
      0.063,
      0.135,
      0.053,
      0.102,
      0.001,
      -0.015,
      0.132,
      0.411,
      -0.113,
      -0.05,
      0.161,
      0.083,
      0.694
    ],
    [
      -0.017,
      0.294,
      0.032,
      0.044,
      0.113,
      0.159,
      0.183,
      0.038,
      0.142,
      -0.127,
      0.166,
      0.101,
      0.068,
      -0.054,
      1.0,
      -0.12,
      0.018,
      0.224,
      -0.019,
      0.208,
      0.2,
      0.246,
      -0.084,
      0.164,
      0.168,
      0.146,
      0.095,
      0.05,
      0.151,
      0.076,
      0.255,
      0.103,
      0.29,
      0.156,
      0.139,
      0.167,
      -0.132,
      -0.007,
      0.063,
      0.094,
      0.115,
      0.124,
      0.234,
      0.195,
      -0.004,
      0.228,
      0.217,
      0.015,
      0.103,
      0.221,
      0.163,
      0.279,
      0.116,
      0.068,
      0.212,
      -0.228,
      0.143,
      0.037,
      0.005,
      0.09,
      -0.151
    ],
    [
      0.082,
      -0.073,
      0.367,
      0.196,
      0.074,
      0.075,
      0.309,
      0.025,
      0.036,
      0.36,
      0.047,
      -0.077,
      -0.073,
      0.353,
      -0.12,
      1.0,
      0.177,
      0.013,
      0.318,
      -0.002,
      0.251,
      0.051,
      -0.011,
      0.032,
      -0.091,
      0.028,
      -0.098,
      0.377,
      -0.059,
      0.157,
      0.1,
      -0.044,
      -0.031,
      0.046,
      0.137,
      -0.093,
      0.411,
      0.311,
      0.116,
      0.148,
      0.099,
      0.077,
      -0.09,
      0.109,
      0.457,
      -0.021,
      -0.004,
      0.198,
      0.079,
      -0.015,
      -0.022,
      -0.088,
      -0.071,
      0.105,
      0.008,
      0.472,
      -0.072,
      -0.043,
      0.277,
      0.056,
      0.411
    ],
    [
      0.059,
      0.147,
      0.204,
      0.192,
      0.203,
      0.189,
      0.159,
      0.069,
      0.072,
      0.091,
      0.068,
      -0.001,
      0.129,
      0.191,
      0.018,
      0.177,
      1.0,
      0.048,
      0.102,
      0.199,
      0.14,
      0.128,
      -0.291,
      0.157,
      -0.008,
      0.285,
      -0.168,
      0.13,
      0.142,
      0.068,
      0.239,
      0.103,
      0.135,
      0.138,
      0.216,
      0.006,
      0.214,
      0.082,
      0.097,
      0.057,
      0.13,
      0.038,
      0.086,
      0.295,
      0.079,
      0.26,
      0.238,
      0.108,
      0.24,
      0.216,
      0.054,
      0.023,
      0.164,
      0.098,
      0.113,
      0.086,
      0.254,
      0.034,
      0.073,
      0.275,
      0.121
    ],
    [
      0.012,
      0.276,
      0.235,
      0.191,
      0.25,
      0.052,
      0.464,
      0.083,
      0.147,
      -0.113,
      -0.028,
      0.013,
      0.175,
      -0.003,
      0.224,
      0.013,
      0.048,
      1.0,
      0.093,
      0.21,
      0.335,
      0.216,
      -0.096,
      0.166,
      0.139,
      0.088,
      -0.083,
      0.295,
      0.313,
      0.175,
      0.268,
      0.103,
      0.25,
      0.211,
      0.192,
      0.112,
      -0.079,
      0.041,
      -0.011,
      0.188,
      0.155,
      0.215,
      0.204,
      0.163,
      0.062,
      0.283,
      0.27,
      0.017,
      0.187,
      0.24,
      0.083,
      0.173,
      0.158,
      0.342,
      0.387,
      0.015,
      0.172,
      0.048,
      0.187,
      0.132,
      -0.073
    ],
    [
      -0.103,
      -0.077,
      0.291,
      0.256,
      0.125,
      0.06,
      0.242,
      -0.017,
      0.005,
      0.235,
      -0.021,
      0.084,
      -0.024,
      0.224,
      -0.019,
      0.318,
      0.102,
      0.093,
      1.0,
      0.108,
      0.174,
      -0.042,
      -0.001,
      0.056,
      -0.029,
      0.041,
      -0.04,
      0.208,
      0.076,
      0.124,
      0.06,
      -0.002,
      -0.086,
      0.035,
      0.116,
      0.071,
      0.153,
      0.266,
      0.127,
      0.22,
      -0.037,
      0.065,
      -0.037,
      0.103,
      0.373,
      0.091,
      0.138,
      0.213,
      0.144,
      0.009,
      0.112,
      -0.026,
      -0.088,
      0.094,
      -0.071,
      0.311,
      0.059,
      0.048,
      0.263,
      0.101,
      0.248
    ],
    [
      0.038,
      0.29,
      0.226,
      0.207,
      0.401,
      0.097,
      0.312,
      0.132,
      0.157,
      -0.206,
      -0.041,
      -0.019,
      0.09,
      0.111,
      0.208,
      -0.002,
      0.199,
      0.21,
      0.108,
      1.0,
      0.163,
      0.125,
      -0.138,
      0.208,
      0.008,
      0.114,
      -0.052,
      0.194,
      0.243,
      0.224,
      0.126,
      0.16,
      0.251,
      0.201,
      0.183,
      0.117,
      0.073,
      0.088,
      0.109,
      0.119,
      0.249,
      0.129,
      0.277,
      0.209,
      0.1,
      0.295,
      0.166,
      0.068,
      0.093,
      0.245,
      0.095,
      0.151,
      0.191,
      0.081,
      0.372,
      -0.033,
      0.139,
      0.066,
      0.104,
      0.226,
      0.075
    ],
    [
      -0.044,
      0.285,
      0.42,
      0.224,
      0.254,
      0.064,
      0.436,
      0.067,
      0.158,
      0.239,
      -0.019,
      0.014,
      0.074,
      0.121,
      0.2,
      0.251,
      0.14,
      0.335,
      0.174,
      0.163,
      1.0,
      0.251,
      -0.16,
      0.258,
      0.15,
      0.178,
      -0.05,
      0.331,
      0.28,
      0.337,
      0.268,
      0.239,
      0.239,
      0.225,
      0.147,
      0.145,
      0.116,
      0.114,
      0.035,
      0.332,
      0.215,
      0.284,
      0.224,
      0.221,
      0.212,
      0.271,
      0.22,
      0.141,
      0.151,
      0.331,
      0.059,
      0.226,
      0.133,
      0.316,
      0.321,
      0.113,
      0.152,
      0.087,
      0.31,
      0.21,
      0.075
    ],
    [
      0.006,
      0.523,
      0.123,
      0.131,
      0.164,
      0.131,
      0.275,
      0.12,
      0.145,
      -0.073,
      -0.01,
      0.007,
      0.12,
      0.087,
      0.246,
      0.051,
      0.128,
      0.216,
      -0.042,
      0.125,
      0.251,
      1.0,
      -0.223,
      0.317,
      0.094,
      0.256,
      -0.166,
      0.026,
      0.403,
      0.113,
      0.437,
      0.21,
      0.526,
      0.229,
      0.223,
      0.085,
      0.09,
      0.124,
      -0.034,
      -0.019,
      0.264,
      0.172,
      0.43,
      0.344,
      0.021,
      0.431,
      0.395,
      0.002,
      0.219,
      0.526,
      0.045,
      0.161,
      0.334,
      0.153,
      0.303,
      0.038,
      0.267,
      0.093,
      0.148,
      0.274,
      -0.014
    ],
    [
      -0.061,
      -0.18,
      -0.127,
      -0.105,
      -0.066,
      -0.191,
      -0.16,
      -0.114,
      -0.119,
      0.096,
      -0.004,
      -0.04,
      -0.103,
      0.063,
      -0.084,
      -0.011,
      -0.291,
      -0.096,
      -0.001,
      -0.138,
      -0.16,
      -0.223,
      1.0,
      -0.213,
      -0.043,
      -0.208,
      0.355,
      -0.058,
      -0.211,
      -0.009,
      -0.199,
      -0.144,
      -0.202,
      -0.146,
      -0.15,
      -0.106,
      -0.048,
      0.006,
      0.005,
      0.046,
      -0.058,
      -0.097,
      -0.185,
      -0.282,
      -0.04,
      -0.393,
      -0.37,
      -0.036,
      -0.165,
      -0.223,
      -0.076,
      -0.11,
      -0.217,
      -0.097,
      -0.166,
      0.09,
      -0.292,
      -0.023,
      -0.044,
      -0.251,
      0.078
    ],
    [
      0.096,
      0.37,
      0.218,
      0.152,
      0.181,
      0.158,
      0.222,
      0.17,
      0.24,
      -0.008,
      -0.178,
      -0.016,
      0.204,
      0.011,
      0.164,
      0.032,
      0.157,
      0.166,
      0.056,
      0.208,
      0.258,
      0.317,
      -0.213,
      1.0,
      0.088,
      0.293,
      -0.122,
      0.149,
      0.434,
      0.107,
      0.437,
      0.285,
      0.328,
      0.119,
      0.257,
      0.14,
      0.004,
      0.08,
      -0.107,
      0.19,
      0.092,
      0.145,
      0.273,
      0.337,
      0.044,
      0.476,
      0.407,
      -0.089,
      0.287,
      0.481,
      0.064,
      0.055,
      0.239,
      0.194,
      0.207,
      0.062,
      0.435,
      0.221,
      0.138,
      0.382,
      -0.087
    ],
    [
      -0.027,
      0.089,
      0.027,
      0.015,
      0.078,
      0.01,
      0.071,
      -0.052,
      0.068,
      -0.019,
      0.002,
      0.083,
      0.016,
      -0.049,
      0.168,
      -0.091,
      -0.008,
      0.139,
      -0.029,
      0.008,
      0.15,
      0.094,
      -0.043,
      0.088,
      1.0,
      -0.05,
      0.04,
      -0.06,
      0.035,
      0.025,
      0.07,
      -0.004,
      0.093,
      0.02,
      0.05,
      0.073,
      -0.062,
      -0.087,
      -0.029,
      0.076,
      0.05,
      0.025,
      0.044,
      -0.105,
      -0.049,
      0.041,
      0.113,
      -0.062,
      0.013,
      0.036,
      0.058,
      0.073,
      0.056,
      0.069,
      0.09,
      -0.095,
      0.055,
      -0.04,
      -0.074,
      -0.003,
      -0.065
    ],
    [
      0.121,
      0.251,
      0.046,
      0.256,
      0.11,
      0.094,
      0.119,
      0.019,
      0.044,
      0.038,
      -0.056,
      -0.007,
      0.085,
      0.153,
      0.146,
      0.028,
      0.285,
      0.088,
      0.041,
      0.114,
      0.178,
      0.256,
      -0.208,
      0.293,
      -0.05,
      1.0,
      -0.119,
      0.124,
      0.196,
      0.154,
      0.298,
      0.153,
      0.261,
      0.128,
      0.302,
      -0.08,
      0.1,
      0.121,
      -0.004,
      -0.112,
      0.079,
      0.084,
      0.223,
      0.346,
      0.011,
      0.283,
      0.205,
      -0.067,
      0.191,
      0.228,
      0.108,
      0.166,
      0.341,
      0.008,
      0.086,
      -0.037,
      0.292,
      0.041,
      0.029,
      0.304,
      0.054
    ],
    [
      -0.069,
      -0.109,
      -0.037,
      -0.13,
      -0.01,
      -0.157,
      -0.073,
      -0.066,
      -0.025,
      0.011,
      0.034,
      0.02,
      0.04,
      0.02,
      0.095,
      -0.098,
      -0.168,
      -0.083,
      -0.04,
      -0.052,
      -0.05,
      -0.166,
      0.355,
      -0.122,
      0.04,
      -0.119,
      1.0,
      0.056,
      -0.168,
      -0.053,
      -0.139,
      -0.103,
      -0.15,
      -0.126,
      -0.081,
      -0.099,
      -0.068,
      -0.02,
      0.047,
      0.057,
      -0.062,
      -0.021,
      -0.163,
      -0.209,
      -0.068,
      -0.205,
      -0.282,
      -0.024,
      -0.079,
      -0.173,
      -0.06,
      -0.022,
      -0.121,
      0.013,
      -0.046,
      -0.123,
      -0.25,
      -0.07,
      -0.095,
      -0.228,
      -0.022
    ],
    [
      -0.062,
      0.072,
      0.486,
      0.299,
      0.262,
      0.055,
      0.703,
      0.044,
      0.042,
      0.136,
      -0.051,
      -0.018,
      0.068,
      0.324,
      0.05,
      0.377,
      0.13,
      0.295,
      0.208,
      0.194,
      0.331,
      0.026,
      -0.058,
      0.149,
      -0.06,
      0.124,
      0.056,
      1.0,
      0.116,
      0.312,
      0.14,
      0.02,
      0.045,
      0.132,
      0.125,
      -0.057,
      0.286,
      0.18,
      0.039,
      0.305,
      0.217,
      0.229,
      0.089,
      0.062,
      0.307,
      0.185,
      0.209,
      0.183,
      0.2,
      0.069,
      -0.066,
      -0.0,
      0.12,
      0.263,
      0.29,
      0.266,
      0.056,
      0.054,
      0.247,
      0.172,
      0.231
    ],
    [
      -0.023,
      0.448,
      0.168,
      0.176,
      0.18,
      0.139,
      0.233,
      0.073,
      0.183,
      -0.066,
      -0.059,
      -0.012,
      0.231,
      -0.069,
      0.151,
      -0.059,
      0.142,
      0.313,
      0.076,
      0.243,
      0.28,
      0.403,
      -0.211,
      0.434,
      0.035,
      0.196,
      -0.168,
      0.116,
      1.0,
      0.173,
      0.455,
      0.265,
      0.448,
      0.272,
      0.326,
      0.1,
      0.021,
      -0.044,
      -0.052,
      0.149,
      0.139,
      0.191,
      0.434,
      0.399,
      -0.057,
      0.68,
      0.583,
      -0.02,
      0.329,
      0.53,
      0.155,
      0.168,
      0.234,
      0.19,
      0.369,
      0.001,
      0.471,
      0.171,
      0.144,
      0.378,
      -0.13
    ],
    [
      0.023,
      0.103,
      0.283,
      0.235,
      0.258,
      0.032,
      0.33,
      -0.004,
      0.067,
      0.153,
      -0.092,
      -0.078,
      0.06,
      0.167,
      0.076,
      0.157,
      0.068,
      0.175,
      0.124,
      0.224,
      0.337,
      0.113,
      -0.009,
      0.107,
      0.025,
      0.154,
      -0.053,
      0.312,
      0.173,
      1.0,
      0.187,
      0.103,
      0.131,
      0.215,
      0.211,
      0.006,
      0.228,
      0.181,
      0.061,
      0.246,
      0.262,
      0.185,
      0.163,
      0.118,
      0.259,
      0.237,
      0.218,
      0.156,
      0.182,
      0.214,
      0.074,
      0.16,
      0.13,
      0.175,
      0.175,
      0.216,
      0.087,
      0.13,
      0.195,
      0.222,
      0.125
    ],
    [
      0.111,
      0.449,
      0.13,
      0.291,
      0.152,
      0.145,
      0.231,
      0.082,
      0.155,
      -0.103,
      -0.025,
      -0.049,
      0.198,
      0.077,
      0.255,
      0.1,
      0.239,
      0.268,
      0.06,
      0.126,
      0.268,
      0.437,
      -0.199,
      0.437,
      0.07,
      0.298,
      -0.139,
      0.14,
      0.455,
      0.187,
      1.0,
      0.157,
      0.435,
      0.123,
      0.395,
      0.005,
      0.084,
      0.05,
      -0.083,
      0.104,
      0.147,
      0.151,
      0.362,
      0.397,
      -0.01,
      0.546,
      0.482,
      -0.008,
      0.397,
      0.513,
      0.095,
      0.159,
      0.333,
      0.208,
      0.209,
      0.017,
      0.405,
      0.131,
      0.131,
      0.346,
      -0.004
    ],
    [
      0.013,
      0.274,
      0.1,
      0.07,
      0.08,
      0.192,
      0.115,
      0.164,
      0.133,
      -0.019,
      0.019,
      0.083,
      0.169,
      -0.006,
      0.103,
      -0.044,
      0.103,
      0.103,
      -0.002,
      0.16,
      0.239,
      0.21,
      -0.144,
      0.285,
      -0.004,
      0.153,
      -0.103,
      0.02,
      0.265,
      0.103,
      0.157,
      1.0,
      0.218,
      0.177,
      0.172,
      0.204,
      -0.001,
      -0.013,
      0.011,
      0.046,
      0.092,
      0.108,
      0.3,
      0.288,
      -0.062,
      0.272,
      0.287,
      -0.048,
      0.17,
      0.286,
      0.136,
      0.15,
      0.199,
      0.039,
      0.16,
      -0.039,
      0.189,
      0.167,
      0.03,
      0.188,
      -0.046
    ],
    [
      0.014,
      0.768,
      0.142,
      0.148,
      0.272,
      0.165,
      0.262,
      0.134,
      0.303,
      -0.134,
      -0.058,
      -0.07,
      0.141,
      0.069,
      0.29,
      -0.031,
      0.135,
      0.25,
      -0.086,
      0.251,
      0.239,
      0.526,
      -0.202,
      0.328,
      0.093,
      0.261,
      -0.15,
      0.045,
      0.448,
      0.131,
      0.435,
      0.218,
      1.0,
      0.288,
      0.148,
      0.14,
      0.094,
      0.157,
      -0.033,
      -0.01,
      0.363,
      0.174,
      0.661,
      0.335,
      0.064,
      0.51,
      0.302,
      0.019,
      0.236,
      0.737,
      0.08,
      0.171,
      0.334,
      0.147,
      0.441,
      -0.086,
      0.284,
      0.086,
      0.119,
      0.214,
      0.021
    ],
    [
      0.045,
      0.31,
      0.287,
      0.228,
      0.428,
      0.148,
      0.243,
      0.046,
      0.128,
      0.177,
      0.013,
      -0.003,
      -0.144,
      0.11,
      0.156,
      0.046,
      0.138,
      0.211,
      0.035,
      0.201,
      0.225,
      0.229,
      -0.146,
      0.119,
      0.02,
      0.128,
      -0.126,
      0.132,
      0.272,
      0.215,
      0.123,
      0.177,
      0.288,
      1.0,
      0.2,
      0.02,
      0.274,
      0.138,
      0.084,
      0.137,
      0.323,
      0.3,
      0.299,
      0.212,
      0.052,
      0.303,
      0.249,
      0.116,
      0.035,
      0.288,
      0.088,
      0.011,
      0.182,
      0.084,
      0.28,
      0.065,
      0.048,
      0.009,
      0.224,
      0.116,
      -0.008
    ],
    [
      0.07,
      0.19,
      0.152,
      0.325,
      0.179,
      0.204,
      0.161,
      0.001,
      0.13,
      -0.021,
      -0.042,
      -0.104,
      0.222,
      0.014,
      0.139,
      0.137,
      0.216,
      0.192,
      0.116,
      0.183,
      0.147,
      0.223,
      -0.15,
      0.257,
      0.05,
      0.302,
      -0.081,
      0.125,
      0.326,
      0.211,
      0.395,
      0.172,
      0.148,
      0.2,
      1.0,
      0.074,
      0.085,
      0.021,
      -0.044,
      0.112,
      0.051,
      0.115,
      0.208,
      0.325,
      0.078,
      0.397,
      0.442,
      0.154,
      0.213,
      0.235,
      0.085,
      0.118,
      0.337,
      0.225,
      0.15,
      0.044,
      0.401,
      0.126,
      0.082,
      0.343,
      -0.0
    ],
    [
      0.134,
      0.14,
      0.157,
      -0.031,
      0.065,
      0.001,
      0.034,
      0.061,
      0.231,
      -0.038,
      0.129,
      0.078,
      0.13,
      -0.092,
      0.167,
      -0.093,
      0.006,
      0.112,
      0.071,
      0.117,
      0.145,
      0.085,
      -0.106,
      0.14,
      0.073,
      -0.08,
      -0.099,
      -0.057,
      0.1,
      0.006,
      0.005,
      0.204,
      0.14,
      0.02,
      0.074,
      1.0,
      -0.036,
      -0.337,
      0.016,
      0.05,
      -0.012,
      0.05,
      0.147,
      0.078,
      0.036,
      0.145,
      0.114,
      -0.024,
      0.024,
      0.147,
      0.083,
      0.156,
      0.077,
      0.122,
      0.027,
      -0.025,
      0.12,
      0.045,
      0.106,
      0.128,
      -0.087
    ],
    [
      0.042,
      -0.016,
      0.302,
      0.198,
      0.278,
      0.084,
      0.291,
      0.057,
      0.136,
      0.332,
      -0.093,
      -0.108,
      -0.154,
      0.526,
      -0.132,
      0.411,
      0.214,
      -0.079,
      0.153,
      0.073,
      0.116,
      0.09,
      -0.048,
      0.004,
      -0.062,
      0.1,
      -0.068,
      0.286,
      0.021,
      0.228,
      0.084,
      -0.001,
      0.094,
      0.274,
      0.085,
      -0.036,
      1.0,
      0.373,
      0.181,
      0.074,
      0.367,
      0.106,
      0.118,
      -0.015,
      0.338,
      0.096,
      0.004,
      0.183,
      0.094,
      0.117,
      0.066,
      0.106,
      0.102,
      0.063,
      0.191,
      0.442,
      -0.04,
      0.003,
      0.105,
      0.146,
      0.455
    ],
    [
      0.021,
      0.12,
      0.218,
      0.164,
      0.174,
      0.044,
      0.228,
      0.051,
      0.03,
      0.288,
      -0.081,
      -0.082,
      -0.191,
      0.559,
      -0.007,
      0.311,
      0.082,
      0.041,
      0.266,
      0.088,
      0.114,
      0.124,
      0.006,
      0.08,
      -0.087,
      0.121,
      -0.02,
      0.18,
      -0.044,
      0.181,
      0.05,
      -0.013,
      0.157,
      0.138,
      0.021,
      -0.337,
      0.373,
      1.0,
      0.079,
      0.057,
      0.258,
      0.203,
      0.158,
      0.012,
      0.444,
      0.029,
      -0.054,
      0.273,
      0.122,
      0.191,
      -0.027,
      -0.01,
      -0.0,
      -0.001,
      0.224,
      0.354,
      -0.077,
      -0.031,
      0.118,
      0.038,
      0.483
    ],
    [
      0.099,
      -0.015,
      0.111,
      0.141,
      0.224,
      0.148,
      0.045,
      0.004,
      0.059,
      0.035,
      0.028,
      0.095,
      -0.066,
      0.072,
      0.063,
      0.116,
      0.097,
      -0.011,
      0.127,
      0.109,
      0.035,
      -0.034,
      0.005,
      -0.107,
      -0.029,
      -0.004,
      0.047,
      0.039,
      -0.052,
      0.061,
      -0.083,
      0.011,
      -0.033,
      0.084,
      -0.044,
      0.016,
      0.181,
      0.079,
      1.0,
      0.032,
      0.042,
      0.006,
      0.069,
      0.017,
      0.11,
      -0.035,
      0.008,
      0.377,
      0.043,
      0.01,
      0.019,
      0.095,
      -0.052,
      -0.095,
      0.048,
      0.071,
      -0.059,
      -0.093,
      0.027,
      -0.048,
      0.03
    ],
    [
      -0.047,
      0.019,
      0.381,
      0.189,
      0.176,
      0.139,
      0.276,
      -0.022,
      0.138,
      0.061,
      -0.08,
      0.078,
      0.125,
      0.04,
      0.094,
      0.148,
      0.057,
      0.188,
      0.22,
      0.119,
      0.332,
      -0.019,
      0.046,
      0.19,
      0.076,
      -0.112,
      0.057,
      0.305,
      0.149,
      0.246,
      0.104,
      0.046,
      -0.01,
      0.137,
      0.112,
      0.05,
      0.074,
      0.057,
      0.032,
      1.0,
      0.034,
      0.118,
      0.0,
      0.061,
      0.122,
      0.207,
      0.217,
      0.105,
      0.186,
      0.091,
      0.089,
      -0.056,
      -0.065,
      0.269,
      0.164,
      0.16,
      0.09,
      0.078,
      0.162,
      0.167,
      0.073
    ],
    [
      -0.081,
      0.317,
      0.151,
      0.142,
      0.278,
      0.053,
      0.356,
      0.101,
      0.129,
      0.077,
      -0.095,
      -0.191,
      -0.123,
      0.294,
      0.115,
      0.099,
      0.13,
      0.155,
      -0.037,
      0.249,
      0.215,
      0.264,
      -0.058,
      0.092,
      0.05,
      0.079,
      -0.062,
      0.217,
      0.139,
      0.262,
      0.147,
      0.092,
      0.363,
      0.323,
      0.051,
      -0.012,
      0.367,
      0.258,
      0.042,
      0.034,
      1.0,
      0.17,
      0.385,
      0.115,
      0.148,
      0.185,
      0.041,
      0.094,
      0.09,
      0.365,
      0.036,
      0.142,
      0.241,
      0.133,
      0.623,
      0.11,
      0.0,
      0.057,
      0.034,
      0.152,
      0.149
    ],
    [
      0.026,
      0.203,
      0.302,
      0.193,
      0.209,
      0.06,
      0.281,
      0.114,
      0.042,
      0.167,
      0.145,
      -0.014,
      0.104,
      0.128,
      0.124,
      0.077,
      0.038,
      0.215,
      0.065,
      0.129,
      0.284,
      0.172,
      -0.097,
      0.145,
      0.025,
      0.084,
      -0.021,
      0.229,
      0.191,
      0.185,
      0.151,
      0.108,
      0.174,
      0.3,
      0.115,
      0.05,
      0.106,
      0.203,
      0.006,
      0.118,
      0.17,
      1.0,
      0.109,
      0.092,
      0.222,
      0.116,
      0.119,
      0.206,
      0.045,
      0.135,
      -0.08,
      0.036,
      0.155,
      0.101,
      0.226,
      0.129,
      0.072,
      0.017,
      0.371,
      0.093,
      0.121
    ],
    [
      0.046,
      0.707,
      0.067,
      0.213,
      0.329,
      0.147,
      0.275,
      0.126,
      0.171,
      -0.129,
      -0.057,
      -0.143,
      0.009,
      0.137,
      0.234,
      -0.09,
      0.086,
      0.204,
      -0.037,
      0.277,
      0.224,
      0.43,
      -0.185,
      0.273,
      0.044,
      0.223,
      -0.163,
      0.089,
      0.434,
      0.163,
      0.362,
      0.3,
      0.661,
      0.299,
      0.208,
      0.147,
      0.118,
      0.158,
      0.069,
      0.0,
      0.385,
      0.109,
      1.0,
      0.334,
      0.037,
      0.449,
      0.314,
      0.076,
      0.212,
      0.69,
      0.131,
      0.196,
      0.284,
      0.143,
      0.43,
      -0.053,
      0.26,
      0.184,
      0.054,
      0.284,
      0.016
    ],
    [
      0.052,
      0.323,
      0.142,
      0.212,
      0.136,
      0.219,
      0.181,
      0.172,
      0.046,
      0.007,
      0.047,
      -0.038,
      0.136,
      -0.075,
      0.195,
      0.109,
      0.295,
      0.163,
      0.103,
      0.209,
      0.221,
      0.344,
      -0.282,
      0.337,
      -0.105,
      0.346,
      -0.209,
      0.062,
      0.399,
      0.118,
      0.397,
      0.288,
      0.335,
      0.212,
      0.325,
      0.078,
      -0.015,
      0.012,
      0.017,
      0.061,
      0.115,
      0.092,
      0.334,
      1.0,
      -0.008,
      0.419,
      0.38,
      -0.001,
      0.367,
      0.416,
      0.118,
      0.117,
      0.353,
      0.233,
      0.247,
      0.041,
      0.37,
      0.073,
      0.112,
      0.334,
      -0.074
    ],
    [
      -0.017,
      -0.018,
      0.405,
      0.243,
      0.21,
      0.037,
      0.305,
      0.036,
      0.104,
      0.432,
      -0.045,
      0.009,
      -0.044,
      0.531,
      -0.004,
      0.457,
      0.079,
      0.062,
      0.373,
      0.1,
      0.212,
      0.021,
      -0.04,
      0.044,
      -0.049,
      0.011,
      -0.068,
      0.307,
      -0.057,
      0.259,
      -0.01,
      -0.062,
      0.064,
      0.052,
      0.078,
      0.036,
      0.338,
      0.444,
      0.11,
      0.122,
      0.148,
      0.222,
      0.037,
      -0.008,
      1.0,
      -0.019,
      -0.023,
      0.273,
      0.036,
      0.079,
      0.1,
      -0.032,
      0.021,
      0.112,
      0.089,
      0.41,
      -0.066,
      0.04,
      0.231,
      0.083,
      0.521
    ],
    [
      0.035,
      0.525,
      0.228,
      0.219,
      0.279,
      0.202,
      0.294,
      0.113,
      0.246,
      -0.118,
      -0.09,
      0.004,
      0.183,
      -0.002,
      0.228,
      -0.021,
      0.26,
      0.283,
      0.091,
      0.295,
      0.271,
      0.431,
      -0.393,
      0.476,
      0.041,
      0.283,
      -0.205,
      0.185,
      0.68,
      0.237,
      0.546,
      0.272,
      0.51,
      0.303,
      0.397,
      0.145,
      0.096,
      0.029,
      -0.035,
      0.207,
      0.185,
      0.116,
      0.449,
      0.419,
      -0.019,
      1.0,
      0.688,
      -0.01,
      0.339,
      0.631,
      0.164,
      0.164,
      0.327,
      0.234,
      0.37,
      -0.06,
      0.536,
      0.17,
      0.162,
      0.441,
      -0.086
    ],
    [
      0.027,
      0.398,
      0.201,
      0.297,
      0.206,
      0.274,
      0.274,
      0.111,
      0.16,
      -0.13,
      -0.095,
      0.004,
      0.28,
      -0.098,
      0.217,
      -0.004,
      0.238,
      0.27,
      0.138,
      0.166,
      0.22,
      0.395,
      -0.37,
      0.407,
      0.113,
      0.205,
      -0.282,
      0.209,
      0.583,
      0.218,
      0.482,
      0.287,
      0.302,
      0.249,
      0.442,
      0.114,
      0.004,
      -0.054,
      0.008,
      0.217,
      0.041,
      0.119,
      0.314,
      0.38,
      -0.023,
      0.688,
      1.0,
      0.095,
      0.46,
      0.424,
      0.176,
      0.109,
      0.217,
      0.174,
      0.233,
      -0.021,
      0.492,
      0.14,
      0.114,
      0.414,
      -0.149
    ],
    [
      0.071,
      0.074,
      0.217,
      0.298,
      0.165,
      0.171,
      0.134,
      0.016,
      0.059,
      0.119,
      0.02,
      -0.079,
      -0.062,
      0.274,
      0.015,
      0.198,
      0.108,
      0.017,
      0.213,
      0.068,
      0.141,
      0.002,
      -0.036,
      -0.089,
      -0.062,
      -0.067,
      -0.024,
      0.183,
      -0.02,
      0.156,
      -0.008,
      -0.048,
      0.019,
      0.116,
      0.154,
      -0.024,
      0.183,
      0.273,
      0.377,
      0.105,
      0.094,
      0.206,
      0.076,
      -0.001,
      0.273,
      -0.01,
      0.095,
      1.0,
      0.03,
      0.114,
      -0.003,
      0.143,
      -0.08,
      0.01,
      0.125,
      0.189,
      0.006,
      -0.079,
      0.199,
      0.011,
      0.228
    ],
    [
      -0.034,
      0.261,
      0.222,
      0.346,
      0.17,
      0.188,
      0.196,
      0.014,
      0.055,
      0.016,
      -0.029,
      0.003,
      0.299,
      0.063,
      0.103,
      0.079,
      0.24,
      0.187,
      0.144,
      0.093,
