{
  "meta": {
    "generated_at": "2026-06-15T13:32:02+00:00",
    "n_tickers": 62,
    "n_clusters": 0,
    "redundant_threshold": 0.75
  },
  "tickers": [
    "NTO",
    "ABBNE",
    "ABNB",
    "ADYEN",
    "AMZN",
    "BFIT",
    "BN",
    "CBAV",
    "CELH",
    "CHKP",
    "COR",
    "COST",
    "CPR",
    "CRWD",
    "CSU",
    "DNP",
    "DSGX",
    "EVD",
    "FERG",
    "FICO",
    "GOOG",
    "GRMN",
    "HLMA",
    "IPCO",
    "ITX",
    "JDG",
    "JFN",
    "KIST",
    "KKR",
    "KRX",
    "KSPI",
    "LIFCO B",
    "LOTB",
    "LR",
    "META",
    "MIPS",
    "MNST",
    "MSFT",
    "NET",
    "NFLX",
    "NKE",
    "NVDA",
    "OTLY",
    "PRY",
    "RAA",
    "S",
    "SGO",
    "SIKA",
    "SPOT",
    "STMN",
    "SU",
    "TFF",
    "TFPM",
    "TGYM",
    "TREX",
    "TSM",
    "VEEV",
    "VID",
    "VRLA",
    "VLTO",
    "WOSG",
    "ZS"
  ],
  "matrix_1y": [
    [
      1.0,
      0.073,
      -0.141,
      0.01,
      0.03,
      -0.039,
      -0.042,
      -0.018,
      0.023,
      -0.025,
      0.203,
      0.014,
      -0.057,
      0.004,
      -0.102,
      -0.009,
      0.074,
      0.06,
      0.036,
      -0.092,
      0.03,
      -0.039,
      0.002,
      -0.085,
      0.083,
      -0.04,
      0.123,
      -0.079,
      -0.058,
      -0.011,
      0.004,
      0.108,
      -0.014,
      0.005,
      0.028,
      0.067,
      0.122,
      0.035,
      0.025,
      0.101,
      -0.046,
      -0.082,
      0.007,
      0.055,
      0.061,
      -0.02,
      0.037,
      0.031,
      0.072,
      -0.021,
      0.082,
      -0.002,
      -0.047,
      0.064,
      -0.139,
      0.003,
      0.034,
      0.066,
      -0.111,
      0.154,
      0.003,
      -0.015
    ],
    [
      0.073,
      1.0,
      0.167,
      0.187,
      0.267,
      0.15,
      0.285,
      0.098,
      0.117,
      -0.14,
      -0.024,
      -0.092,
      0.123,
      0.072,
      -0.078,
      0.279,
      -0.063,
      0.178,
      0.263,
      -0.085,
      0.293,
      0.289,
      0.403,
      -0.17,
      0.37,
      0.085,
      0.255,
      -0.112,
      0.073,
      0.445,
      0.131,
      0.45,
      0.254,
      0.761,
      0.316,
      0.199,
      0.121,
      -0.001,
      0.144,
      -0.017,
      0.018,
      0.329,
      0.201,
      0.715,
      0.352,
      -0.004,
      0.514,
      0.377,
      0.068,
      0.258,
      0.794,
      0.074,
      0.166,
      0.306,
      0.185,
      0.452,
      -0.136,
      0.273,
      0.108,
      0.096,
      0.318,
      -0.046
    ],
    [
      -0.141,
      0.167,
      1.0,
      0.312,
      0.368,
      0.105,
      0.468,
      0.089,
      0.102,
      0.19,
      -0.02,
      -0.036,
      0.015,
      0.325,
      0.316,
      0.016,
      0.36,
      0.2,
      0.235,
      0.283,
      0.228,
      0.411,
      0.086,
      -0.114,
      0.216,
      0.026,
      0.046,
      -0.043,
      0.47,
      0.174,
      0.281,
      0.132,
      0.083,
      0.139,
      0.28,
      0.161,
      0.138,
      0.301,
      0.229,
      0.111,
      0.37,
      0.153,
      0.293,
      0.083,
      0.147,
      0.403,
      0.226,
      0.189,
      0.215,
      0.219,
      0.243,
      0.038,
      0.025,
      0.14,
      0.271,
      0.173,
      0.377,
      0.013,
      0.01,
      0.367,
      0.218,
      0.309
    ],
    [
      0.01,
      0.187,
      0.312,
      1.0,
      0.275,
      0.195,
      0.208,
      -0.036,
      0.135,
      0.131,
      0.052,
      -0.026,
      0.063,
      0.192,
      0.178,
      0.03,
      0.205,
      0.212,
      0.189,
      0.257,
      0.224,
      0.216,
      0.17,
      -0.107,
      0.141,
      0.014,
      0.253,
      -0.131,
      0.302,
      0.177,
      0.208,
      0.303,
      0.036,
      0.159,
      0.248,
      0.316,
      -0.049,
      0.219,
      0.182,
      0.131,
      0.165,
      0.175,
      0.2,
      0.223,
      0.232,
      0.251,
      0.232,
      0.31,
      0.29,
      0.349,
      0.281,
      0.046,
      0.231,
      0.283,
      0.087,
      0.259,
      0.331,
      0.186,
      0.057,
      0.203,
      0.251,
      0.175
    ],
    [
      0.03,
      0.267,
      0.368,
      0.275,
      1.0,
      0.079,
      0.365,
      0.038,
      0.17,
      -0.005,
      -0.123,
      -0.011,
      0.001,
      0.173,
      0.074,
      0.108,
      0.086,
      0.237,
      0.261,
      0.123,
      0.407,
      0.262,
      0.135,
      -0.066,
      0.163,
      0.085,
      0.107,
      -0.021,
      0.267,
      0.185,
      0.266,
      0.155,
      0.055,
      0.278,
      0.439,
      0.185,
      0.049,
      0.286,
      0.195,
      0.225,
      0.185,
      0.298,
      0.198,
      0.348,
      0.15,
      0.22,
      0.275,
      0.188,
      0.164,
      0.168,
      0.291,
      0.112,
      0.127,
      0.191,
      0.201,
      0.338,
      0.185,
      0.05,
      0.071,
      0.105,
      0.181,
      0.087
    ],
    [
      -0.039,
      0.15,
      0.105,
      0.195,
      0.079,
      1.0,
      0.068,
      -0.032,
      0.042,
      -0.125,
      -0.02,
      0.063,
      0.163,
      0.019,
      0.139,
      0.155,
      0.064,
      0.173,
      -0.004,
      0.052,
      0.055,
      0.03,
      0.111,
      -0.168,
      0.133,
      0.024,
      0.082,
      -0.162,
      0.046,
      0.109,
      0.028,
      0.138,
      0.21,
      0.147,
      0.12,
      0.181,
      0.023,
      0.066,
      0.005,
      0.148,
      0.109,
      0.014,
      0.064,
      0.099,
      0.218,
      0.017,
      0.18,
      0.264,
      0.172,
      0.168,
      0.096,
      0.037,
      0.055,
      0.165,
      0.066,
      0.014,
      0.056,
      0.333,
      0.059,
      0.002,
      0.15,
      -0.01
    ],
    [
      -0.042,
      0.285,
      0.468,
      0.208,
      0.365,
      0.068,
      1.0,
      0.061,
      0.09,
      0.041,
      -0.081,
      -0.02,
      0.062,
      0.232,
      0.267,
      0.189,
      0.307,
      0.172,
      0.488,
      0.234,
      0.327,
      0.434,
      0.213,
      -0.163,
      0.233,
      0.081,
      0.107,
      -0.08,
      0.705,
      0.239,
      0.309,
      0.235,
      0.104,
      0.26,
      0.247,
      0.16,
      0.031,
      0.284,
      0.229,
      0.036,
      0.278,
      0.356,
      0.284,
      0.263,
      0.198,
      0.297,
      0.297,
      0.271,
      0.129,
      0.19,
      0.258,
      -0.033,
      0.146,
      0.183,
      0.337,
      0.439,
      0.207,
      0.136,
      0.088,
      0.196,
      0.285,
      0.171
    ],
    [
      -0.018,
      0.098,
      0.089,
      -0.036,
      0.038,
      -0.032,
      0.061,
      1.0,
      0.125,
      -0.056,
      0.089,
      -0.037,
      0.105,
      0.01,
      0.05,
      0.053,
      0.017,
      0.068,
      0.109,
      -0.028,
      0.121,
      0.061,
      0.034,
      -0.102,
      0.144,
      -0.04,
      0.001,
      -0.078,
      0.035,
      0.072,
      -0.003,
      0.067,
      0.149,
      0.12,
      0.023,
      0.006,
      0.056,
      0.035,
      0.044,
      0.01,
      -0.008,
      0.078,
      0.079,
      0.112,
      0.205,
      0.015,
      0.088,
      0.058,
      0.018,
      -0.011,
      0.093,
      0.039,
      -0.012,
      0.044,
      0.108,
      0.044,
      0.014,
      0.046,
      -0.007,
      0.137,
      0.019,
      -0.109
    ],
    [
      0.023,
      0.117,
      0.102,
      0.135,
      0.17,
      0.042,
      0.09,
      0.125,
      1.0,
      -0.029,
      0.041,
      0.088,
      0.079,
      -0.051,
      0.087,
      0.15,
      0.037,
      0.13,
      0.142,
      0.001,
      0.126,
      0.143,
      0.105,
      -0.116,
      0.24,
      0.07,
      0.046,
      -0.049,
      0.036,
      0.181,
      0.067,
      0.16,
      0.135,
      0.293,
      0.108,
      0.133,
      0.232,
      0.125,
      0.015,
      0.06,
      0.127,
      0.111,
      0.023,
      0.155,
      0.049,
      0.091,
      0.239,
      0.156,
      0.057,
      0.051,
      0.179,
      0.066,
      0.078,
      0.005,
      0.095,
      0.207,
      0.097,
      0.06,
      0.179,
      0.157,
      0.084,
      -0.036
    ],
    [
      -0.025,
      -0.14,
      0.19,
      0.131,
      -0.005,
      -0.125,
      0.041,
      -0.056,
      -0.029,
      1.0,
      0.106,
      -0.034,
      -0.068,
      0.374,
      0.192,
      -0.114,
      0.354,
      0.11,
      -0.104,
      0.217,
      -0.198,
      0.228,
      -0.037,
      0.102,
      -0.021,
      -0.033,
      0.047,
      0.024,
      0.129,
      -0.068,
      0.139,
      -0.102,
      -0.036,
      -0.12,
      0.17,
      -0.029,
      -0.044,
      0.341,
      0.287,
      0.034,
      0.036,
      0.063,
      0.16,
      -0.137,
      0.004,
      0.429,
      -0.117,
      -0.127,
      0.121,
      0.013,
      -0.058,
      -0.036,
      0.005,
      -0.041,
      -0.005,
      -0.066,
      0.33,
      -0.085,
      -0.026,
      0.15,
      0.0,
      0.349
    ],
    [
      0.203,
      -0.024,
      -0.02,
      0.052,
      -0.123,
      -0.02,
      -0.081,
      0.089,
      0.041,
      0.106,
      1.0,
      0.158,
      -0.085,
      -0.03,
      -0.016,
      0.171,
      0.032,
      0.062,
      -0.019,
      -0.022,
      -0.03,
      -0.017,
      -0.04,
      -0.008,
      -0.16,
      0.0,
      -0.065,
      0.046,
      -0.053,
      -0.059,
      -0.112,
      -0.028,
      0.037,
      -0.071,
      0.002,
      -0.042,
      0.133,
      -0.109,
      -0.084,
      0.025,
      -0.077,
      -0.111,
      0.147,
      -0.068,
      0.046,
      -0.052,
      -0.089,
      -0.086,
      0.02,
      -0.024,
      -0.035,
      -0.112,
      0.001,
      -0.158,
      -0.139,
      -0.091,
      -0.031,
      -0.068,
      -0.04,
      0.257,
      -0.046,
      0.012
    ],
    [
      0.014,
      -0.092,
      -0.036,
      -0.026,
      -0.011,
      0.063,
      -0.02,
      -0.037,
      0.088,
      -0.034,
      0.158,
      1.0,
      0.011,
      -0.094,
      0.046,
      0.091,
      -0.089,
      0.003,
      -0.013,
      0.088,
      -0.027,
      -0.007,
      0.025,
      -0.022,
      -0.037,
      0.077,
      -0.011,
      0.036,
      -0.028,
      -0.026,
      -0.095,
      -0.052,
      0.08,
      -0.076,
      -0.014,
      -0.108,
      0.071,
      -0.108,
      -0.085,
      0.101,
      0.054,
      -0.205,
      -0.018,
      -0.154,
      -0.031,
      -0.0,
      -0.006,
      -0.002,
      -0.066,
      0.002,
      -0.171,
      -0.041,
      -0.051,
      -0.003,
      -0.028,
      -0.055,
      -0.059,
      -0.012,
      0.038,
      0.108,
      -0.0,
      -0.08
    ],
    [
      -0.057,
      0.123,
      0.015,
      0.063,
      0.001,
      0.163,
      0.062,
      0.105,
      0.079,
      -0.068,
      -0.085,
      0.011,
      1.0,
      -0.203,
      0.0,
      0.07,
      -0.078,
      0.149,
      0.18,
      -0.023,
      0.088,
      0.057,
      0.106,
      -0.096,
      0.206,
      0.02,
      0.083,
      0.02,
      0.06,
      0.228,
      0.04,
      0.196,
      0.159,
      0.138,
      -0.152,
      0.226,
      0.126,
      -0.162,
      -0.193,
      -0.065,
      0.115,
      -0.137,
      0.096,
      -0.003,
      0.147,
      -0.053,
      0.179,
      0.27,
      -0.054,
      0.296,
      0.063,
      0.054,
      0.068,
      0.176,
      0.148,
      0.056,
      -0.038,
      0.335,
      0.105,
      -0.007,
      0.139,
      -0.189
    ],
    [
      0.004,
      0.072,
      0.325,
      0.192,
      0.173,
      0.019,
      0.232,
      0.01,
      -0.051,
      0.374,
      -0.03,
      -0.094,
      -0.203,
      1.0,
      0.221,
      -0.067,
      0.337,
      0.174,
      -0.005,
      0.208,
      0.105,
      0.137,
      0.01,
      0.094,
      0.001,
      -0.055,
      0.126,
      0.037,
      0.296,
      -0.068,
      0.199,
      0.061,
      0.008,
      0.071,
      0.124,
      0.001,
      -0.091,
      0.514,
      0.566,
      0.062,
      0.056,
      0.306,
      0.137,
      0.172,
      -0.085,
      0.525,
      -0.02,
      -0.114,
      0.248,
      0.047,
      0.167,
      0.047,
      0.124,
      0.012,
      0.003,
      0.153,
      0.404,
      -0.124,
      -0.048,
      0.139,
      0.091,
      0.683
    ],
    [
      -0.102,
      -0.078,
      0.316,
      0.178,
      0.074,
      0.139,
      0.267,
      0.05,
      0.087,
      0.192,
      -0.016,
      0.046,
      0.0,
      0.221,
      1.0,
      -0.062,
      0.496,
      0.094,
      -0.046,
      0.353,
      0.091,
      0.219,
      0.027,
      -0.062,
      -0.032,
      -0.107,
      0.083,
      -0.085,
      0.27,
      -0.069,
      0.163,
      0.067,
      0.039,
      -0.015,
      0.031,
      0.062,
      -0.018,
      0.319,
      0.135,
      0.125,
      0.16,
      -0.017,
      -0.013,
      -0.111,
      0.08,
      0.318,
      -0.041,
      0.028,
      0.142,
      0.133,
      -0.05,
      0.054,
      -0.024,
      -0.08,
      -0.037,
      -0.101,
      0.306,
      -0.094,
      -0.022,
      0.119,
      0.062,
      0.294
    ],
    [
      -0.009,
      0.279,
      0.016,
      0.03,
      0.108,
      0.155,
      0.189,
      0.053,
      0.15,
      -0.114,
      0.171,
      0.091,
      0.07,
      -0.067,
      -0.062,
      1.0,
      -0.128,
      0.052,
      0.243,
      -0.028,
      0.213,
      0.197,
      0.188,
      -0.088,
      0.182,
      0.169,
      0.135,
      0.093,
      0.053,
      0.155,
      0.056,
      0.249,
      0.106,
      0.289,
      0.154,
      0.135,
      0.179,
      -0.136,
      -0.013,
      0.057,
      0.095,
      0.096,
      0.13,
      0.203,
      0.192,
      -0.011,
      0.231,
      0.224,
      0.012,
      0.097,
      0.199,
      0.156,
      0.253,
      0.102,
      0.058,
      0.185,
      -0.213,
      0.166,
      0.032,
      0.021,
      0.076,
      -0.151
    ],
    [
      0.074,
      -0.063,
      0.36,
      0.205,
      0.086,
      0.064,
      0.307,
      0.017,
      0.037,
      0.354,
      0.032,
      -0.089,
      -0.078,
      0.337,
      0.496,
      -0.128,
      1.0,
      0.187,
      0.017,
      0.322,
      0.025,
      0.256,
      0.06,
      -0.0,
      0.024,
      -0.092,
      0.023,
      -0.082,
      0.381,
      -0.061,
      0.145,
      0.099,
      -0.057,
      -0.022,
      0.063,
      0.142,
      -0.106,
      0.417,
      0.327,
      0.116,
      0.147,
      0.111,
      0.084,
      -0.074,
      0.107,
      0.46,
      -0.021,
      -0.008,
      0.202,
      0.084,
      -0.002,
      -0.025,
      -0.062,
      -0.054,
      0.099,
      0.026,
      0.481,
      -0.074,
      -0.041,
      0.26,
      0.059,
      0.412
    ],
    [
      0.06,
      0.178,
      0.2,
      0.212,
      0.237,
      0.173,
      0.172,
      0.068,
      0.13,
      0.11,
      0.062,
      0.003,
      0.149,
      0.174,
      0.094,
      0.052,
      0.187,
      1.0,
      0.084,
      0.074,
      0.225,
      0.14,
      0.158,
      -0.291,
      0.194,
      0.039,
      0.292,
      -0.174,
      0.137,
      0.181,
      0.097,
      0.258,
      0.08,
      0.204,
      0.176,
      0.216,
      0.01,
      0.225,
      0.088,
      0.087,
      0.063,
      0.146,
      0.068,
      0.1,
      0.283,
      0.09,
      0.304,
      0.262,
      0.092,
      0.226,
      0.249,
      0.04,
      0.066,
      0.192,
      0.033,
      0.136,
      0.109,
      0.254,
      0.041,
      0.088,
      0.265,
      0.119
    ],
    [
      0.036,
      0.263,
      0.235,
      0.189,
      0.261,
      -0.004,
      0.488,
      0.109,
      0.142,
      -0.104,
      -0.019,
      -0.013,
      0.18,
      -0.005,
      -0.046,
      0.243,
      0.017,
      0.084,
      1.0,
      0.083,
      0.238,
      0.35,
      0.14,
      -0.133,
      0.182,
      0.142,
      0.079,
      -0.097,
      0.316,
      0.328,
      0.159,
      0.269,
      0.078,
      0.251,
      0.224,
      0.184,
      0.118,
      -0.074,
      0.056,
      -0.02,
      0.205,
      0.168,
      0.228,
      0.201,
      0.17,
      0.066,
      0.301,
      0.283,
      0.009,
      0.185,
      0.234,
      0.073,
      0.189,
      0.142,
      0.35,
      0.39,
      0.039,
      0.171,
      0.047,
      0.223,
      0.115,
      -0.068
    ],
    [
      -0.092,
      -0.085,
      0.283,
      0.257,
      0.123,
      0.052,
      0.234,
      -0.028,
      0.001,
      0.217,
      -0.022,
      0.088,
      -0.023,
      0.208,
      0.353,
      -0.028,
      0.322,
      0.074,
      0.083,
      1.0,
      0.096,
      0.166,
      0.006,
      0.003,
      0.052,
      -0.031,
      0.039,
      -0.031,
      0.204,
      0.063,
      0.11,
      0.063,
      -0.0,
      -0.093,
      0.033,
      0.109,
      0.062,
      0.15,
      0.253,
      0.126,
      0.212,
      -0.026,
      0.071,
      -0.039,
      0.134,
      0.364,
      0.083,
      0.13,
      0.214,
      0.15,
      0.008,
      0.11,
      -0.019,
      -0.091,
      0.102,
      -0.059,
      0.297,
      0.037,
      0.047,
      0.248,
      0.103,
      0.242
    ],
    [
      0.03,
      0.293,
      0.228,
      0.224,
      0.407,
      0.055,
      0.327,
      0.121,
      0.126,
      -0.198,
      -0.03,
      -0.027,
      0.088,
      0.105,
      0.091,
      0.213,
      0.025,
      0.225,
      0.238,
      0.096,
      1.0,
      0.172,
      0.11,
      -0.143,
      0.203,
      0.013,
      0.116,
      -0.078,
      0.211,
      0.248,
      0.216,
      0.139,
      0.128,
      0.261,
      0.212,
      0.186,
      0.107,
      0.085,
      0.102,
      0.11,
      0.118,
      0.264,
      0.118,
      0.274,
      0.223,
      0.109,
      0.296,
      0.161,
      0.069,
      0.091,
      0.251,
      0.085,
      0.195,
      0.203,
      0.079,
      0.383,
      -0.008,
      0.131,
      0.079,
      0.114,
      0.224,
      0.08
    ],
    [
      -0.039,
      0.289,
      0.411,
      0.216,
      0.262,
      0.03,
      0.434,
      0.061,
      0.143,
      0.228,
      -0.017,
      -0.007,
      0.057,
      0.137,
      0.219,
      0.197,
      0.256,
      0.14,
      0.35,
      0.166,
      0.172,
      1.0,
      0.158,
      -0.127,
      0.252,
      0.142,
      0.155,
      -0.05,
      0.325,
      0.275,
      0.331,
      0.261,
      0.228,
      0.234,
      0.227,
      0.143,
      0.137,
      0.115,
      0.131,
      0.027,
      0.334,
      0.227,
      0.286,
      0.23,
      0.206,
      0.208,
      0.248,
      0.187,
      0.133,
      0.134,
      0.341,
      0.054,
      0.26,
      0.123,
      0.322,
      0.331,
      0.124,
      0.129,
      0.086,
      0.307,
      0.197,
      0.081
    ],
    [
      0.002,
      0.403,
      0.086,
      0.17,
      0.135,
      0.111,
      0.213,
      0.034,
      0.105,
      -0.037,
      -0.04,
      0.025,
      0.106,
      0.01,
      0.027,
      0.188,
      0.06,
      0.158,
      0.14,
      0.006,
      0.11,
      0.158,
      1.0,
      -0.203,
      0.268,
      0.088,
      0.277,
      -0.146,
      0.029,
      0.309,
      0.044,
      0.38,
      0.124,
      0.484,
      0.226,
      0.201,
      0.029,
      0.126,
      0.103,
      -0.013,
      -0.073,
      0.213,
      0.155,
      0.316,
      0.344,
      0.039,
      0.393,
      0.359,
      0.046,
      0.233,
      0.426,
      0.024,
      0.126,
      0.316,
      0.039,
      0.238,
      0.079,
      0.212,
      0.106,
      0.091,
      0.246,
      -0.019
    ],
    [
      -0.085,
      -0.17,
      -0.114,
      -0.107,
      -0.066,
      -0.168,
      -0.163,
      -0.102,
      -0.116,
      0.102,
      -0.008,
      -0.022,
      -0.096,
      0.094,
      -0.062,
      -0.088,
      -0.0,
      -0.291,
      -0.133,
      0.003,
      -0.143,
      -0.127,
      -0.203,
      1.0,
      -0.244,
      -0.072,
      -0.206,
      0.386,
      -0.056,
      -0.221,
      0.015,
      -0.209,
      -0.131,
      -0.201,
      -0.139,
      -0.165,
      -0.103,
      -0.033,
      0.021,
      0.017,
      0.059,
      -0.039,
      -0.1,
      -0.147,
      -0.284,
      -0.017,
      -0.412,
      -0.38,
      -0.036,
      -0.157,
      -0.219,
      -0.054,
      -0.143,
      -0.204,
      -0.099,
      -0.149,
      0.078,
      -0.287,
      -0.018,
      -0.059,
      -0.231,
      0.084
    ],
    [
      0.083,
      0.37,
      0.216,
      0.141,
      0.163,
      0.133,
      0.233,
      0.144,
      0.24,
      -0.021,
      -0.16,
      -0.037,
      0.206,
      0.001,
      -0.032,
      0.182,
      0.024,
      0.194,
      0.182,
      0.052,
      0.203,
      0.252,
      0.268,
      -0.244,
      1.0,
      0.097,
      0.291,
      -0.137,
      0.16,
      0.452,
      0.091,
      0.445,
      0.259,
      0.329,
      0.107,
      0.253,
      0.147,
      0.001,
      0.069,
      -0.102,
      0.187,
      0.078,
      0.133,
      0.261,
      0.366,
      0.032,
      0.485,
      0.413,
      -0.082,
      0.284,
      0.466,
      0.067,
      0.071,
      0.226,
      0.189,
      0.198,
      0.075,
      0.441,
      0.219,
      0.145,
      0.371,
      -0.086
    ],
    [
      -0.04,
      0.085,
      0.026,
      0.014,
      0.085,
      0.024,
      0.081,
      -0.04,
      0.07,
      -0.033,
      0.0,
      0.077,
      0.02,
      -0.055,
      -0.107,
      0.169,
      -0.092,
      0.039,
      0.142,
      -0.031,
      0.013,
      0.142,
      0.088,
      -0.072,
      0.097,
      1.0,
      -0.049,
      0.032,
      -0.043,
      0.037,
      0.029,
      0.082,
      -0.001,
      0.091,
      0.025,
      0.047,
      0.078,
      -0.066,
      -0.1,
      -0.025,
      0.082,
      0.049,
      0.036,
      0.031,
      -0.078,
      -0.056,
      0.062,
      0.123,
      -0.059,
      0.013,
      0.032,
      0.045,
      0.088,
      0.043,
      0.081,
      0.088,
      -0.085,
      0.06,
      -0.043,
      -0.086,
      0.003,
      -0.07
    ],
    [
      0.123,
      0.255,
      0.046,
      0.253,
      0.107,
      0.082,
      0.107,
      0.001,
      0.046,
      0.047,
      -0.065,
      -0.011,
      0.083,
      0.126,
      0.083,
      0.135,
      0.023,
      0.292,
      0.079,
      0.039,
      0.116,
      0.155,
      0.277,
      -0.206,
      0.291,
      -0.049,
      1.0,
      -0.128,
      0.115,
      0.192,
      0.135,
      0.296,
      0.129,
      0.273,
      0.13,
      0.299,
      -0.088,
      0.112,
      0.123,
      0.004,
      -0.133,
      0.067,
      0.086,
      0.212,
      0.337,
      0.015,
      0.29,
      0.208,
      -0.054,
      0.194,
      0.224,
      0.097,
      0.166,
      0.346,
      -0.022,
      0.072,
      -0.024,
      0.29,
      0.042,
      0.028,
      0.303,
      0.054
    ],
    [
      -0.079,
      -0.112,
      -0.043,
      -0.131,
      -0.021,
      -0.162,
      -0.08,
      -0.078,
      -0.049,
      0.024,
      0.046,
      0.036,
      0.02,
      0.037,
      -0.085,
      0.093,
      -0.082,
      -0.174,
      -0.097,
      -0.031,
      -0.078,
      -0.05,
      -0.146,
      0.386,
      -0.137,
      0.032,
      -0.128,
      1.0,
      0.044,
      -0.191,
      -0.052,
      -0.147,
      -0.09,
      -0.153,
      -0.127,
      -0.096,
      -0.098,
      -0.073,
      -0.015,
      0.054,
      0.062,
      -0.06,
      -0.03,
      -0.158,
      -0.223,
      -0.064,
      -0.234,
      -0.299,
      -0.021,
      -0.082,
      -0.164,
      -0.055,
      -0.039,
      -0.141,
      0.009,
      -0.052,
      -0.125,
      -0.262,
      -0.066,
      -0.098,
      -0.233,
      -0.021
    ],
    [
      -0.058,
      0.073,
      0.47,
      0.302,
      0.267,
      0.046,
      0.705,
      0.035,
      0.036,
      0.129,
      -0.053,
      -0.028,
      0.06,
      0.296,
      0.27,
      0.053,
      0.381,
      0.137,
      0.316,
      0.204,
      0.211,
      0.325,
      0.029,
      -0.056,
      0.16,
      -0.043,
      0.115,
      0.044,
      1.0,
      0.121,
      0.287,
      0.147,
      0.016,
      0.047,
      0.139,
      0.125,
      -0.059,
      0.281,
      0.177,
      0.031,
      0.305,
      0.221,
      0.228,
      0.08,
      0.071,
      0.3,
      0.191,
      0.211,
      0.18,
      0.195,
      0.078,
      -0.079,
      0.045,
      0.117,
      0.268,
      0.293,
      0.274,
      0.047,
      0.057,
      0.242,
      0.168,
      0.228
    ],
    [
      -0.011,
      0.445,
      0.174,
      0.177,
      0.185,
      0.109,
      0.239,
      0.072,
      0.181,
      -0.068,
      -0.059,
      -0.026,
      0.228,
      -0.068,
      -0.069,
      0.155,
      -0.061,
      0.181,
      0.328,
      0.063,
      0.248,
      0.275,
      0.309,
      -0.221,
      0.452,
      0.037,
      0.192,
      -0.191,
      0.121,
      1.0,
      0.163,
      0.46,
      0.251,
      0.441,
      0.267,
      0.32,
      0.098,
      0.018,
      -0.037,
      -0.057,
      0.141,
      0.136,
      0.2,
      0.425,
      0.414,
      -0.061,
      0.682,
      0.583,
      -0.026,
      0.327,
      0.527,
      0.141,
      0.194,
      0.235,
      0.192,
      0.359,
      0.008,
      0.467,
      0.168,
      0.16,
      0.369,
      -0.126
    ],
    [
      0.004,
      0.131,
      0.281,
      0.208,
      0.266,
      0.028,
      0.309,
      -0.003,
      0.067,
      0.139,
      -0.112,
      -0.095,
      0.04,
      0.199,
      0.163,
      0.056,
      0.145,
      0.097,
      0.159,
      0.11,
      0.216,
      0.331,
      0.044,
      0.015,
      0.091,
      0.029,
      0.135,
      -0.052,
      0.287,
      0.163,
      1.0,
      0.175,
      0.102,
      0.131,
      0.216,
      0.201,
      -0.003,
      0.224,
      0.197,
      0.063,
      0.247,
      0.262,
      0.187,
      0.189,
      0.099,
      0.255,
      0.218,
      0.18,
      0.147,
      0.162,
      0.235,
      0.062,
      0.192,
      0.126,
      0.177,
      0.181,
      0.225,
      0.068,
      0.123,
      0.165,
      0.225,
      0.127
    ],
    [
      0.108,
      0.45,
      0.132,
      0.303,
      0.155,
      0.138,
      0.235,
      0.067,
      0.16,
      -0.102,
      -0.028,
      -0.052,
      0.196,
      0.061,
      0.067,
      0.249,
      0.099,
      0.258,
      0.269,
      0.063,
      0.139,
      0.261,
      0.38,
      -0.209,
      0.445,
      0.082,
      0.296,
      -0.147,
      0.147,
      0.46,
      0.175,
      1.0,
      0.145,
      0.435,
      0.131,
      0.405,
      0.005,
      0.087,
      0.052,
      -0.086,
      0.103,
      0.149,
      0.157,
      0.353,
      0.411,
      -0.007,
      0.552,
      0.49,
      -0.005,
      0.399,
      0.512,
      0.086,
      0.176,
      0.333,
      0.205,
      0.212,
      0.025,
      0.401,
      0.132,
      0.13,
      0.347,
      0.0
    ],
    [
      -0.014,
      0.254,
      0.083,
      0.036,
      0.055,
      0.21,
      0.104,
      0.149,
      0.135,
      -0.036,
      0.037,
      0.08,
      0.159,
      0.008,
      0.039,
      0.106,
      -0.057,
      0.08,
      0.078,
      -0.0,
      0.128,
      0.228,
      0.124,
      -0.131,
      0.259,
      -0.001,
      0.129,
      -0.09,
      0.016,
      0.251,
      0.102,
      0.145,
      1.0,
      0.195,
      0.152,
      0.173,
      0.214,
      -0.018,
      -0.031,
      0.019,
      0.047,
      0.065,
      0.102,
      0.272,
      0.276,
      -0.083,
      0.244,
      0.255,
      -0.042,
      0.153,
      0.253,
      0.145,
      0.117,
      0.158,
      0.034,
      0.132,
      -0.05,
      0.202,
      0.154,
      0.002,
      0.174,
      -0.046
    ],
    [
      0.005,
      0.761,
      0.139,
      0.159,
      0.278,
      0.147,
      0.26,
      0.12,
      0.293,
      -0.12,
      -0.071,
      -0.076,
      0.138,
      0.071,
      -0.015,
      0.289,
      -0.022,
      0.204,
      0.251,
      -0.093,
      0.261,
      0.234,
      0.484,
      -0.201,
      0.329,
      0.091,
      0.273,
      -0.153,
      0.047,
      0.441,
      0.131,
      0.435,
      0.195,
      1.0,
      0.3,
      0.15,
      0.124,
      0.115,
      0.169,
      -0.034,
      -0.023,
      0.362,
      0.172,
      0.645,
      0.344,
      0.075,
      0.506,
      0.297,
      0.021,
      0.239,
      0.73,
      0.072,
      0.193,
      0.349,
      0.119,
      0.433,
      -0.054,
      0.274,
      0.097,
      0.113,
      0.217,
      0.024
    ],
    [
      0.028,
      0.316,
      0.28,
      0.248,
      0.439,
      0.12,
      0.247,
      0.023,
      0.108,
      0.17,
      0.002,
      -0.014,
      -0.152,
      0.124,
      0.031,
      0.154,
      0.063,
      0.176,
      0.224,
      0.033,
      0.212,
      0.227,
      0.226,
      -0.139,
      0.107,
      0.025,
      0.13,
      -0.127,
      0.139,
      0.267,
      0.216,
      0.131,
      0.152,
      0.3,
      1.0,
      0.198,
      0.002,
      0.289,
      0.156,
      0.078,
      0.131,
      0.342,
      0.302,
      0.302,
      0.238,
      0.062,
      0.299,
      0.238,
      0.112,
      0.038,
      0.305,
      0.077,
      0.069,
      0.201,
      0.08,
      0.303,
      0.094,
      0.026,
      0.022,
      0.209,
      0.121,
      -0.002
    ],
    [
      0.067,
      0.199,
      0.161,
      0.316,
      0.185,
      0.181,
      0.16,
      0.006,
      0.133,
      -0.029,
      -0.042,
      -0.108,
      0.226,
      0.001,
      0.062,
      0.135,
      0.142,
      0.216,
      0.184,
      0.109,
      0.186,
      0.143,
      0.201,
      -0.165,
      0.253,
      0.047,
      0.299,
      -0.096,
      0.125,
      0.32,
      0.201,
      0.405,
      0.173,
      0.15,
      0.198,
      1.0,
      0.079,
      0.088,
      0.016,
      -0.035,
      0.102,
      0.052,
      0.131,
      0.211,
      0.348,
      0.078,
      0.401,
      0.436,
      0.16,
      0.21,
      0.236,
      0.075,
      0.134,
      0.328,
      0.226,
      0.14,
      0.038,
      0.396,
      0.118,
      0.082,
      0.353,
      0.001
    ],
    [
      0.122,
      0.121,
      0.138,
      -0.049,
      0.049,
      0.023,
      0.031,
      0.056,
      0.232,
      -0.044,
      0.133,
      0.071,
      0.126,
      -0.091,
      -0.018,
      0.179,
      -0.106,
      0.01,
      0.118,
      0.062,
      0.107,
      0.137,
      0.029,
      -0.103,
      0.147,
      0.078,
      -0.088,
      -0.098,
      -0.059,
      0.098,
      -0.003,
      0.005,
      0.214,
      0.124,
      0.002,
      0.079,
      1.0,
      -0.054,
      -0.344,
      0.012,
      0.045,
      -0.034,
      0.039,
      0.122,
      0.091,
      0.019,
      0.138,
      0.11,
      -0.027,
      0.02,
      0.127,
      0.084,
      0.144,
      0.064,
      0.114,
      0.005,
      -0.024,
      0.136,
      0.041,
      0.098,
      0.115,
      -0.09
    ],
    [
      0.035,
      -0.001,
      0.301,
      0.219,
      0.286,
      0.066,
      0.284,
      0.035,
      0.125,
      0.341,
      -0.109,
      -0.108,
      -0.162,
      0.514,
      0.319,
      -0.136,
      0.417,
      0.225,
      -0.074,
      0.15,
      0.085,
      0.115,
      0.126,
      -0.033,
      0.001,
      -0.066,
      0.112,
      -0.073,
      0.281,
      0.018,
      0.224,
      0.087,
      -0.018,
      0.115,
      0.289,
      0.088,
      -0.054,
      1.0,
      0.39,
      0.178,
      0.062,
      0.371,
      0.107,
      0.132,
      0.011,
      0.35,
      0.097,
      0.006,
      0.184,
      0.103,
      0.14,
      0.059,
      0.128,
      0.132,
      0.041,
      0.201,
      0.456,
      -0.049,
      0.016,
      0.099,
      0.153,
      0.455
    ],
    [
      0.025,
      0.144,
      0.229,
      0.182,
      0.195,
      0.005,
      0.229,
      0.044,
      0.015,
      0.287,
      -0.084,
      -0.085,
      -0.193,
      0.566,
      0.135,
      -0.013,
      0.327,
      0.088,
      0.056,
      0.253,
      0.102,
      0.131,
      0.103,
      0.021,
      0.069,
      -0.1,
      0.123,
      -0.015,
      0.177,
      -0.037,
      0.197,
      0.052,
      -0.031,
      0.169,
      0.156,
      0.016,
      -0.344,
      0.39,
      1.0,
      0.071,
      0.058,
      0.29,
      0.203,
      0.185,
      0.012,
      0.456,
      0.022,
      -0.064,
      0.257,
      0.115,
      0.218,
      -0.029,
      0.043,
      0.032,
      0.01,
      0.257,
      0.358,
      -0.107,
      -0.017,
      0.124,
      0.046,
      0.487
    ],
    [
      0.101,
      -0.017,
      0.111,
      0.131,
      0.225,
      0.148,
      0.036,
      0.01,
      0.06,
      0.034,
      0.025,
      0.101,
      -0.065,
      0.062,
      0.125,
      0.057,
      0.116,
      0.087,
      -0.02,
      0.126,
      0.11,
      0.027,
      -0.013,
      0.017,
      -0.102,
      -0.025,
      0.004,
      0.054,
      0.031,
      -0.057,
      0.063,
      -0.086,
      0.019,
      -0.034,
      0.078,
      -0.035,
      0.012,
      0.178,
      0.071,
      1.0,
      0.028,
      0.036,
      0.004,
      0.06,
      -0.003,
      0.107,
      -0.04,
      -0.002,
      0.377,
      0.041,
      0.009,
      0.022,
      0.085,
      -0.052,
      -0.095,
      0.039,
      0.063,
      -0.07,
      -0.094,
      0.021,
      -0.047,
      0.026
    ],
    [
      -0.046,
      0.018,
      0.37,
      0.165,
      0.185,
      0.109,
      0.278,
      -0.008,
      0.127,
      0.036,
      -0.077,
      0.054,
      0.115,
      0.056,
      0.16,
      0.095,
      0.147,
      0.063,
      0.205,
      0.212,
      0.118,
      0.334,
      -0.073,
      0.059,
      0.187,
      0.082,
      -0.133,
      0.062,
      0.305,
      0.141,
      0.247,
      0.103,
      0.047,
      -0.023,
      0.131,
      0.102,
      0.045,
      0.062,
      0.058,
      0.028,
      1.0,
      0.043,
      0.124,
      0.001,
      0.071,
      0.107,
      0.19,
      0.183,
      0.096,
      0.168,
      0.094,
      0.082,
      -0.019,
      -0.088,
      0.291,
      0.171,
      0.163,
      0.068,
      0.068,
      0.154,
      0.155,
      0.07
    ],
    [
      -0.082,
      0.329,
      0.153,
      0.175,
      0.298,
      0.014,
      0.356,
      0.078,
      0.111,
      0.063,
      -0.111,
      -0.205,
      -0.137,
      0.306,
      -0.017,
      0.096,
      0.111,
      0.146,
      0.168,
      -0.026,
      0.264,
      0.227,
      0.213,
      -0.039,
      0.078,
      0.049,
      0.067,
      -0.06,
      0.221,
      0.136,
      0.262,
      0.149,
      0.065,
      0.362,
      0.342,
      0.052,
      -0.034,
      0.371,
      0.29,
      0.036,
      0.043,
      1.0,
      0.177,
      0.408,
      0.117,
      0.16,
      0.177,
      0.03,
      0.089,
      0.093,
      0.394,
      0.025,
      0.203,
      0.252,
      0.148,
      0.645,
      0.134,
      -0.029,
      0.067,
      0.028,
      0.157,
      0.156
    ],
    [
      0.007,
      0.201,
      0.293,
      0.2,
      0.198,
      0.064,
      0.284,
      0.079,
      0.023,
      0.16,
      0.147,
      -0.018,
      0.096,
      0.137,
      -0.013,
      0.13,
      0.084,
      0.068,
      0.228,
      0.071,
      0.118,
      0.286,
      0.155,
      -0.1,
      0.133,
      0.036,
      0.086,
      -0.03,
      0.228,
      0.2,
      0.187,
      0.157,
      0.102,
      0.172,
      0.302,
      0.131,
      0.039,
      0.107,
      0.203,
      0.004,
      0.124,
      0.177,
      1.0,
      0.112,
      0.108,
      0.225,
      0.113,
      0.115,
      0.209,
      0.049,
      0.143,
      -0.08,
      0.07,
      0.16,
      0.106,
      0.24,
      0.149,
      0.058,
      0.033,
      0.359,
      0.096,
      0.121
    ],
    [
      0.055,
      0.715,
      0.083,
      0.223,
      0.348,
      0.099,
      0.263,
      0.112,
      0.155,
      -0.137,
      -0.068,
      -0.154,
      -0.003,
      0.172,
      -0.111,
      0.203,
      -0.074,
      0.1,
      0.201,
      -0.039,
      0.274,
      0.23,
      0.316,
      -0.147,
      0.261,
      0.031,
      0.212,
      -0.158,
      0.08,
      0.425,
      0.189,
      0.353,
      0.272,
      0.645,
      0.302,
      0.211,
      0.122,
      0.132,
      0.185,
      0.06,
      0.001,
      0.408,
      0.112,
      1.0,
      0.315,
      0.047,
      0.42,
      0.272,
      0.061,
      0.197,
      0.704,
      0.122,
      0.248,
      0.294,
      0.157,
      0.455,
      -0.044,
      0.212,
      0.186,
      0.05,
      0.284,
      0.027
    ],
    [
      0.061,
      0.352,
      0.147,
      0.232,
      0.15,
      0.218,
      0.198,
      0.205,
      0.049,
      0.004,
      0.046,
      -0.031,
      0.147,
      -0.085,
      0.08,
      0.192,
      0.107,
      0.283,
      0.17,
      0.134,
      0.223,
      0.206,
      0.344,
      -0.284,
      0.366,
      -0.078,
      0.337,
      -0.223,
      0.071,
      0.414,
      0.099,
      0.411,
      0.276,
      0.344,
      0.238,
      0.348,
      0.091,
      0.011,
      0.012,
      -0.003,
      0.071,
      0.117,
      0.108,
      0.315,
      1.0,
      -0.006,
      0.451,
      0.425,
      -0.011,
      0.377,
      0.434,
      0.11,
      0.087,
      0.348,
      0.221,
      0.246,
      0.048,
      0.365,
      0.055,
      0.126,
      0.336,
      -0.077
    ],
    [
      -0.02,
      -0.004,
      0.403,
      0.251,
      0.22,
      0.017,
      0.297,
      0.015,
      0.091,
      0.429,
      -0.052,
      -0.0,
      -0.053,
      0.525,
      0.318,
      -0.011,
      0.46,
      0.09,
      0.066,
      0.364,
      0.109,
      0.208,
      0.039,
      -0.017,
      0.032,
      -0.056,
      0.015,
      -0.064,
      0.3,
      -0.061,
      0.255,
      -0.007,
      -0.083,
      0.075,
      0.062,
      0.078,
      0.019,
      0.35,
      0.456,
      0.107,
      0.107,
      0.16,
      0.225,
      0.047,
      -0.006,
      1.0,
      -0.024,
      -0.034,
      0.272,
      0.033,
      0.095,
      0.094,
      0.008,
      0.046,
      0.097,
      0.104,
      0.42,
      -0.079,
      0.046,
      0.22,
      0.083,
      0.525
    ],
    [
      0.037,
      0.514,
      0.226,
      0.232,
      0.275,
      0.18,
      0.297,
      0.088,
      0.239,
      -0.117,
      -0.089,
      -0.006,
      0.179,
      -0.02,
      -0.041,
      0.231,
      -0.021,
      0.304,
      0.301,
      0.083,
      0.296,
      0.248,
      0.393,
      -0.412,
      0.485,
      0.062,
      0.29,
      -0.234,
      0.191,
      0.682,
      0.218,
      0.552,
      0.244,
      0.506,
      0.299,
      0.401,
      0.138,
      0.097,
      0.022,
      -0.04,
      0.19,
      0.177,
      0.113,
      0.42,
      0.451,
      -0.024,
      1.0,
      0.695,
      -0.009,
      0.337,
      0.618,
      0.145,
      0.202,
      0.332,
      0.223,
      0.357,
      -0.042,
      0.52,
      0.173,
      0.168,
      0.43,
      -0.085
    ],
    [
      0.031,
      0.377,
      0.189,
      0.31,
      0.188,
      0.264,
      0.271,
      0.058,
      0.156,
      -0.127,
      -0.086,
      -0.002,
      0.27,
      -0.114,
      0.028,
      0.224,
      -0.008,
      0.262,
      0.283,
      0.13,
      0.161,
      0.187,
      0.359,
      -0.38,
      0.413,
      0.123,
      0.208,
      -0.299,
      0.211,
