{
  "meta": {
    "generated_at": "2026-06-23T10:48:17+00:00",
    "n_tickers": 62,
    "n_clusters": 0,
    "redundant_threshold": 0.75
  },
  "tickers": [
    "NTO",
    "ABBNE",
    "ABNB",
    "ADYEN",
    "AMZN",
    "BFIT",
    "BN",
    "CBAV",
    "CELH",
    "CHKP",
    "COR",
    "COST",
    "CPR",
    "CRWD",
    "CSU",
    "DNP",
    "DSGX",
    "EVD",
    "FERG",
    "FICO",
    "GOOG",
    "GRMN",
    "HLMA",
    "IPCO",
    "ITX",
    "JDG",
    "JFN",
    "KIST",
    "KKR",
    "KRX",
    "KSPI",
    "LIFCO B",
    "LOTB",
    "LR",
    "META",
    "MIPS",
    "MNST",
    "MSFT",
    "NET",
    "NFLX",
    "NKE",
    "NVDA",
    "OTLY",
    "PRY",
    "RAA",
    "S",
    "SGO",
    "SIKA",
    "SPOT",
    "STMN",
    "SU",
    "TFF",
    "TFPM",
    "TGYM",
    "TREX",
    "TSM",
    "VEEV",
    "VID",
    "VRLA",
    "VLTO",
    "WOSG",
    "ZS"
  ],
  "matrix_1y": [
    [
      1.0,
      0.096,
      -0.125,
      0.043,
      0.033,
      -0.033,
      -0.058,
      -0.021,
      0.023,
      -0.022,
      0.196,
      0.024,
      -0.043,
      0.002,
      -0.11,
      0.007,
      0.074,
      0.074,
      0.022,
      -0.086,
      0.047,
      -0.033,
      0.003,
      -0.105,
      0.11,
      -0.042,
      0.13,
      -0.11,
      -0.059,
      0.027,
      0.024,
      0.117,
      -0.012,
      0.028,
      0.027,
      0.057,
      0.128,
      0.025,
      0.022,
      0.094,
      -0.037,
      -0.094,
      0.011,
      0.07,
      0.076,
      -0.023,
      0.065,
      0.029,
      0.072,
      -0.002,
      0.102,
      -0.007,
      -0.045,
      0.062,
      -0.129,
      -0.003,
      0.037,
      0.083,
      -0.092,
      0.163,
      0.013,
      -0.02
    ],
    [
      0.096,
      1.0,
      0.159,
      0.197,
      0.255,
      0.147,
      0.281,
      0.086,
      0.124,
      -0.137,
      -0.025,
      -0.091,
      0.116,
      0.084,
      -0.088,
      0.272,
      -0.068,
      0.168,
      0.26,
      -0.088,
      0.28,
      0.281,
      0.399,
      -0.157,
      0.359,
      0.109,
      0.244,
      -0.105,
      0.063,
      0.435,
      0.117,
      0.446,
      0.243,
      0.763,
      0.312,
      0.185,
      0.112,
      -0.003,
      0.145,
      -0.019,
      0.012,
      0.323,
      0.191,
      0.711,
      0.356,
      -0.002,
      0.508,
      0.389,
      0.073,
      0.257,
      0.802,
      0.066,
      0.162,
      0.289,
      0.182,
      0.443,
      -0.148,
      0.279,
      0.096,
      0.105,
      0.306,
      -0.042
    ],
    [
      -0.125,
      0.159,
      1.0,
      0.323,
      0.373,
      0.091,
      0.468,
      0.076,
      0.103,
      0.188,
      -0.017,
      -0.035,
      0.013,
      0.334,
      0.303,
      0.005,
      0.348,
      0.209,
      0.244,
      0.281,
      0.23,
      0.4,
      0.095,
      -0.119,
      0.205,
      0.068,
      0.047,
      -0.052,
      0.468,
      0.159,
      0.281,
      0.128,
      0.061,
      0.14,
      0.297,
      0.15,
      0.133,
      0.31,
      0.234,
      0.115,
      0.364,
      0.162,
      0.28,
      0.075,
      0.141,
      0.408,
      0.227,
      0.2,
      0.216,
      0.195,
      0.247,
      0.031,
      0.039,
      0.151,
      0.269,
      0.177,
      0.374,
      0.007,
      0.0,
      0.365,
      0.21,
      0.312
    ],
    [
      0.043,
      0.197,
      0.323,
      1.0,
      0.274,
      0.182,
      0.212,
      -0.051,
      0.141,
      0.129,
      0.059,
      -0.029,
      0.06,
      0.189,
      0.167,
      0.024,
      0.193,
      0.219,
      0.197,
      0.254,
      0.22,
      0.215,
      0.172,
      -0.106,
      0.13,
      0.055,
      0.24,
      -0.121,
      0.305,
      0.182,
      0.205,
      0.302,
      0.029,
      0.169,
      0.252,
      0.303,
      -0.047,
      0.217,
      0.179,
      0.125,
      0.162,
      0.176,
      0.196,
      0.221,
      0.234,
      0.249,
      0.231,
      0.317,
      0.282,
      0.326,
      0.288,
      0.054,
      0.233,
      0.279,
      0.085,
      0.251,
      0.326,
      0.183,
      0.047,
      0.205,
      0.244,
      0.174
    ],
    [
      0.033,
      0.255,
      0.373,
      0.274,
      1.0,
      0.078,
      0.369,
      0.028,
      0.164,
      -0.002,
      -0.115,
      -0.002,
      0.002,
      0.178,
      0.061,
      0.104,
      0.078,
      0.236,
      0.279,
      0.13,
      0.412,
      0.268,
      0.152,
      -0.069,
      0.154,
      0.091,
      0.106,
      -0.016,
      0.268,
      0.17,
      0.261,
      0.155,
      0.047,
      0.261,
      0.456,
      0.165,
      0.056,
      0.306,
      0.199,
      0.236,
      0.19,
      0.309,
      0.186,
      0.344,
      0.137,
      0.226,
      0.268,
      0.19,
      0.175,
      0.117,
      0.283,
      0.116,
      0.126,
      0.197,
      0.209,
      0.341,
      0.193,
      0.042,
      0.06,
      0.115,
      0.183,
      0.095
    ],
    [
      -0.033,
      0.147,
      0.091,
      0.182,
      0.078,
      1.0,
      0.07,
      -0.03,
      0.04,
      -0.125,
      -0.02,
      0.057,
      0.162,
      0.017,
      0.138,
      0.153,
      0.065,
      0.163,
      0.0,
      0.049,
      0.053,
      0.032,
      0.114,
      -0.162,
      0.128,
      0.015,
      0.079,
      -0.147,
      0.045,
      0.103,
      0.02,
      0.139,
      0.216,
      0.138,
      0.112,
      0.179,
      0.023,
      0.066,
      0.003,
      0.15,
      0.11,
      0.017,
      0.065,
      0.1,
      0.215,
      0.016,
      0.176,
      0.261,
      0.176,
      0.149,
      0.09,
      0.046,
      0.048,
      0.159,
      0.065,
      0.019,
      0.055,
      0.329,
      0.055,
      0.002,
      0.152,
      -0.009
    ],
    [
      -0.058,
      0.281,
      0.468,
      0.212,
      0.369,
      0.07,
      1.0,
      0.056,
      0.087,
      0.039,
      -0.075,
      -0.012,
      0.065,
      0.24,
      0.26,
      0.193,
      0.309,
      0.166,
      0.48,
      0.24,
      0.339,
      0.436,
      0.212,
      -0.148,
      0.232,
      0.075,
      0.106,
      -0.088,
      0.704,
      0.238,
      0.318,
      0.232,
      0.108,
      0.243,
      0.249,
      0.143,
      0.033,
      0.289,
      0.233,
      0.038,
      0.276,
      0.352,
      0.275,
      0.264,
      0.186,
      0.302,
      0.294,
      0.259,
      0.131,
      0.149,
      0.253,
      -0.018,
      0.141,
      0.183,
      0.336,
      0.421,
      0.211,
      0.132,
      0.089,
      0.194,
      0.285,
      0.175
    ],
    [
      -0.021,
      0.086,
      0.076,
      -0.051,
      0.028,
      -0.03,
      0.056,
      1.0,
      0.12,
      -0.053,
      0.091,
      -0.035,
      0.103,
      0.018,
      0.055,
      0.051,
      0.025,
      0.055,
      0.097,
      -0.027,
      0.112,
      0.058,
      0.022,
      -0.088,
      0.139,
      -0.041,
      0.004,
      -0.075,
      0.027,
      0.055,
      -0.007,
      0.061,
      0.152,
      0.105,
      0.013,
      0.007,
      0.054,
      0.034,
      0.047,
      0.014,
      -0.014,
      0.073,
      0.078,
      0.11,
      0.199,
      0.015,
      0.073,
      0.045,
      0.019,
      -0.01,
      0.081,
      0.037,
      -0.021,
      0.037,
      0.1,
      0.037,
      0.007,
      0.043,
      -0.008,
      0.129,
      0.011,
      -0.105
    ],
    [
      0.023,
      0.124,
      0.103,
      0.141,
      0.164,
      0.04,
      0.087,
      0.12,
      1.0,
      -0.028,
      0.038,
      0.09,
      0.079,
      -0.055,
      0.083,
      0.154,
      0.03,
      0.132,
      0.139,
      0.001,
      0.123,
      0.142,
      0.1,
      -0.118,
      0.237,
      0.061,
      0.037,
      -0.046,
      0.036,
      0.19,
      0.064,
      0.158,
      0.13,
      0.297,
      0.104,
      0.131,
      0.23,
      0.114,
      0.01,
      0.049,
      0.129,
      0.102,
      0.02,
      0.155,
      0.052,
      0.087,
      0.24,
      0.158,
      0.055,
      0.057,
      0.185,
      0.064,
      0.076,
      -0.003,
      0.099,
      0.196,
      0.093,
      0.066,
      0.178,
      0.165,
      0.084,
      -0.039
    ],
    [
      -0.022,
      -0.137,
      0.188,
      0.129,
      -0.002,
      -0.125,
      0.039,
      -0.053,
      -0.028,
      1.0,
      0.105,
      -0.047,
      -0.066,
      0.373,
      0.19,
      -0.119,
      0.35,
      0.108,
      -0.101,
      0.208,
      -0.196,
      0.227,
      -0.036,
      0.101,
      -0.021,
      -0.039,
      0.049,
      0.022,
      0.13,
      -0.067,
      0.141,
      -0.102,
      -0.031,
      -0.115,
      0.163,
      -0.027,
      -0.046,
      0.333,
      0.285,
      0.033,
      0.033,
      0.066,
      0.163,
      -0.135,
      0.002,
      0.429,
      -0.115,
      -0.125,
      0.118,
      0.016,
      -0.057,
      -0.024,
      0.004,
      -0.039,
      -0.009,
      -0.059,
      0.327,
      -0.088,
      -0.023,
      0.142,
      0.004,
      0.347
    ],
    [
      0.196,
      -0.025,
      -0.017,
      0.059,
      -0.115,
      -0.02,
      -0.075,
      0.091,
      0.038,
      0.105,
      1.0,
      0.168,
      -0.082,
      -0.031,
      -0.009,
      0.177,
      0.041,
      0.073,
      -0.02,
      -0.013,
      -0.02,
      -0.016,
      -0.029,
      -0.012,
      -0.156,
      0.012,
      -0.06,
      0.036,
      -0.046,
      -0.053,
      -0.103,
      -0.022,
      0.034,
      -0.081,
      0.012,
      -0.044,
      0.136,
      -0.1,
      -0.08,
      0.027,
      -0.075,
      -0.11,
      0.145,
      -0.065,
      0.05,
      -0.05,
      -0.081,
      -0.089,
      0.021,
      -0.042,
      -0.037,
      -0.118,
      0.014,
      -0.153,
      -0.135,
      -0.097,
      -0.017,
      -0.071,
      -0.038,
      0.256,
      -0.043,
      0.012
    ],
    [
      0.024,
      -0.091,
      -0.035,
      -0.029,
      -0.002,
      0.057,
      -0.012,
      -0.035,
      0.09,
      -0.047,
      0.168,
      1.0,
      0.017,
      -0.107,
      0.052,
      0.098,
      -0.082,
      0.015,
      -0.013,
      0.09,
      -0.011,
      -0.013,
      0.034,
      -0.011,
      -0.045,
      0.077,
      -0.01,
      0.03,
      -0.019,
      -0.016,
      -0.083,
      -0.047,
      0.08,
      -0.097,
      -0.007,
      -0.111,
      0.075,
      -0.103,
      -0.086,
      0.093,
      0.047,
      -0.207,
      -0.024,
      -0.149,
      -0.037,
      -0.001,
      -0.002,
      -0.01,
      -0.075,
      -0.046,
      -0.177,
      -0.018,
      -0.039,
      0.001,
      -0.035,
      -0.075,
      -0.039,
      -0.025,
      0.041,
      0.101,
      0.007,
      -0.085
    ],
    [
      -0.043,
      0.116,
      0.013,
      0.06,
      0.002,
      0.162,
      0.065,
      0.103,
      0.079,
      -0.066,
      -0.082,
      0.017,
      1.0,
      -0.202,
      -0.001,
      0.07,
      -0.078,
      0.145,
      0.182,
      -0.019,
      0.085,
      0.059,
      0.106,
      -0.092,
      0.201,
      0.017,
      0.078,
      0.03,
      0.06,
      0.219,
      0.034,
      0.194,
      0.158,
      0.128,
      -0.145,
      0.224,
      0.128,
      -0.154,
      -0.191,
      -0.061,
      0.117,
      -0.134,
      0.092,
      -0.009,
      0.142,
      -0.052,
      0.171,
      0.269,
      -0.05,
      0.27,
      0.057,
      0.053,
      0.064,
      0.171,
      0.15,
      0.054,
      -0.037,
      0.334,
      0.098,
      -0.001,
      0.135,
      -0.186
    ],
    [
      0.002,
      0.084,
      0.334,
      0.189,
      0.178,
      0.017,
      0.24,
      0.018,
      -0.055,
      0.373,
      -0.031,
      -0.107,
      -0.202,
      1.0,
      0.222,
      -0.073,
      0.334,
      0.183,
      0.003,
      0.203,
      0.111,
      0.145,
      0.018,
      0.077,
      0.01,
      -0.048,
      0.136,
      0.032,
      0.306,
      -0.06,
      0.207,
      0.068,
      0.014,
      0.073,
      0.123,
      0.008,
      -0.087,
      0.511,
      0.567,
      0.065,
      0.06,
      0.315,
      0.15,
      0.182,
      -0.08,
      0.526,
      -0.007,
      -0.11,
      0.243,
      0.051,
      0.168,
      0.056,
      0.131,
      0.021,
      0.004,
      0.163,
      0.405,
      -0.13,
      -0.042,
      0.128,
      0.099,
      0.682
    ],
    [
      -0.11,
      -0.088,
      0.303,
      0.167,
      0.061,
      0.138,
      0.26,
      0.055,
      0.083,
      0.19,
      -0.009,
      0.052,
      -0.001,
      0.222,
      1.0,
      -0.057,
      0.501,
      0.089,
      -0.065,
      0.354,
      0.087,
      0.214,
      0.012,
      -0.044,
      -0.034,
      -0.108,
      0.084,
      -0.084,
      0.265,
      -0.071,
      0.168,
      0.061,
      0.047,
      -0.035,
      0.017,
      0.061,
      -0.016,
      0.308,
      0.135,
      0.119,
      0.15,
      -0.029,
      -0.013,
      -0.111,
      0.075,
      0.312,
      -0.052,
      0.007,
      0.133,
      0.115,
      -0.063,
      0.062,
      -0.031,
      -0.076,
      -0.048,
      -0.12,
      0.3,
      -0.097,
      -0.017,
      0.107,
      0.057,
      0.291
    ],
    [
      0.007,
      0.272,
      0.005,
      0.024,
      0.104,
      0.153,
      0.193,
      0.051,
      0.154,
      -0.119,
      0.177,
      0.098,
      0.07,
      -0.073,
      -0.057,
      1.0,
      -0.121,
      0.053,
      0.235,
      -0.025,
      0.213,
      0.191,
      0.185,
      -0.069,
      0.17,
      0.155,
      0.127,
      0.1,
      0.054,
      0.156,
      0.053,
      0.247,
      0.105,
      0.264,
      0.151,
      0.133,
      0.179,
      -0.135,
      -0.015,
      0.049,
      0.089,
      0.086,
      0.12,
      0.201,
      0.186,
      -0.014,
      0.225,
      0.215,
      0.01,
      0.059,
      0.19,
      0.167,
      0.254,
      0.096,
      0.053,
      0.16,
      -0.203,
      0.16,
      0.029,
      0.025,
      0.076,
      -0.152
    ],
    [
      0.074,
      -0.068,
      0.348,
      0.193,
      0.078,
      0.065,
      0.309,
      0.025,
      0.03,
      0.35,
      0.041,
      -0.082,
      -0.078,
      0.334,
      0.501,
      -0.121,
      1.0,
      0.185,
      0.004,
      0.325,
      0.024,
      0.256,
      0.054,
      0.012,
      0.026,
      -0.089,
      0.027,
      -0.083,
      0.38,
      -0.058,
      0.15,
      0.098,
      -0.045,
      -0.046,
      0.055,
      0.144,
      -0.1,
      0.411,
      0.327,
      0.115,
      0.141,
      0.104,
      0.087,
      -0.073,
      0.105,
      0.453,
      -0.026,
      -0.025,
      0.193,
      0.059,
      -0.016,
      -0.017,
      -0.062,
      -0.052,
      0.091,
      0.008,
      0.479,
      -0.08,
      -0.035,
      0.245,
      0.057,
      0.408
    ],
    [
      0.074,
      0.168,
      0.209,
      0.219,
      0.236,
      0.163,
      0.166,
      0.055,
      0.132,
      0.108,
      0.073,
      0.015,
      0.145,
      0.183,
      0.089,
      0.053,
      0.185,
      1.0,
      0.079,
      0.08,
      0.226,
      0.134,
      0.15,
      -0.276,
      0.184,
      0.06,
      0.282,
      -0.175,
      0.132,
      0.176,
      0.102,
      0.249,
      0.074,
      0.188,
      0.183,
      0.199,
      0.012,
      0.23,
      0.091,
      0.084,
      0.054,
      0.14,
      0.055,
      0.091,
      0.272,
      0.093,
      0.293,
      0.253,
      0.087,
      0.189,
      0.243,
      0.05,
      0.064,
      0.197,
      0.028,
      0.115,
      0.109,
      0.249,
      0.034,
      0.089,
      0.256,
      0.122
    ],
    [
      0.022,
      0.26,
      0.244,
      0.197,
      0.279,
      0.0,
      0.48,
      0.097,
      0.139,
      -0.101,
      -0.02,
      -0.013,
      0.182,
      0.003,
      -0.065,
      0.235,
      0.004,
      0.079,
      1.0,
      0.084,
      0.25,
      0.353,
      0.155,
      -0.139,
      0.178,
      0.133,
      0.078,
      -0.098,
      0.312,
      0.316,
      0.158,
      0.267,
      0.072,
      0.251,
      0.239,
      0.161,
      0.119,
      -0.055,
      0.058,
      -0.008,
      0.212,
      0.181,
      0.218,
      0.2,
      0.157,
      0.076,
      0.3,
      0.288,
      0.023,
      0.154,
      0.236,
      0.082,
      0.183,
      0.145,
      0.358,
      0.4,
      0.043,
      0.167,
      0.04,
      0.231,
      0.119,
      -0.06
    ],
    [
      -0.086,
      -0.088,
      0.281,
      0.254,
      0.13,
      0.049,
      0.24,
      -0.027,
      0.001,
      0.208,
      -0.013,
      0.09,
      -0.019,
      0.203,
      0.354,
      -0.025,
      0.325,
      0.08,
      0.084,
      1.0,
      0.108,
      0.163,
      0.014,
      0.013,
      0.046,
      -0.026,
      0.04,
      -0.035,
      0.21,
      0.066,
      0.117,
      0.066,
      0.0,
      -0.111,
      0.04,
      0.104,
      0.066,
      0.156,
      0.254,
      0.124,
      0.206,
      -0.025,
      0.065,
      -0.037,
      0.128,
      0.364,
      0.084,
      0.123,
      0.209,
      0.102,
      0.001,
      0.129,
      -0.011,
      -0.085,
      0.097,
      -0.07,
      0.309,
      0.026,
      0.047,
      0.241,
      0.107,
      0.24
    ],
    [
      0.047,
      0.28,
      0.23,
      0.22,
      0.412,
      0.053,
      0.339,
      0.112,
      0.123,
      -0.196,
      -0.02,
      -0.011,
      0.085,
      0.111,
      0.087,
      0.213,
      0.024,
      0.226,
      0.25,
      0.108,
      1.0,
      0.177,
      0.118,
      -0.135,
      0.192,
      0.025,
      0.112,
      -0.067,
      0.214,
      0.234,
      0.209,
      0.137,
      0.12,
      0.238,
      0.23,
      0.175,
      0.114,
      0.106,
      0.107,
      0.12,
      0.121,
      0.27,
      0.108,
      0.269,
      0.213,
      0.114,
      0.284,
      0.159,
      0.076,
      0.048,
      0.24,
      0.083,
      0.195,
      0.208,
      0.084,
      0.373,
      0.001,
      0.124,
      0.067,
      0.125,
      0.222,
      0.088
    ],
    [
      -0.033,
      0.281,
      0.4,
      0.215,
      0.268,
      0.032,
      0.436,
      0.058,
      0.142,
      0.227,
      -0.016,
      -0.013,
      0.059,
      0.145,
      0.214,
      0.191,
      0.256,
      0.134,
      0.353,
      0.163,
      0.177,
      1.0,
      0.165,
      -0.118,
      0.246,
      0.139,
      0.157,
      -0.051,
      0.323,
      0.262,
      0.329,
      0.262,
      0.226,
      0.223,
      0.229,
      0.138,
      0.132,
      0.122,
      0.135,
      0.034,
      0.331,
      0.233,
      0.28,
      0.228,
      0.197,
      0.215,
      0.249,
      0.191,
      0.14,
      0.109,
      0.337,
      0.064,
      0.262,
      0.129,
      0.319,
      0.332,
      0.127,
      0.124,
      0.081,
      0.304,
      0.198,
      0.086
    ],
    [
      0.003,
      0.399,
      0.095,
      0.172,
      0.152,
      0.114,
      0.212,
      0.022,
      0.1,
      -0.036,
      -0.029,
      0.034,
      0.106,
      0.018,
      0.012,
      0.185,
      0.054,
      0.15,
      0.155,
      0.014,
      0.118,
      0.165,
      1.0,
      -0.19,
      0.258,
      0.091,
      0.272,
      -0.139,
      0.026,
      0.3,
      0.043,
      0.379,
      0.123,
      0.462,
      0.242,
      0.171,
      0.037,
      0.147,
      0.107,
      -0.002,
      -0.071,
      0.222,
      0.143,
      0.32,
      0.329,
      0.046,
      0.383,
      0.355,
      0.054,
      0.174,
      0.42,
      0.042,
      0.116,
      0.316,
      0.043,
      0.236,
      0.086,
      0.202,
      0.097,
      0.098,
      0.25,
      -0.011
    ],
    [
      -0.105,
      -0.157,
      -0.119,
      -0.106,
      -0.069,
      -0.162,
      -0.148,
      -0.088,
      -0.118,
      0.101,
      -0.012,
      -0.011,
      -0.092,
      0.077,
      -0.044,
      -0.069,
      0.012,
      -0.276,
      -0.139,
      0.013,
      -0.135,
      -0.118,
      -0.19,
      1.0,
      -0.233,
      -0.086,
      -0.202,
      0.387,
      -0.041,
      -0.193,
      0.025,
      -0.195,
      -0.126,
      -0.204,
      -0.141,
      -0.153,
      -0.096,
      -0.039,
      0.017,
      0.012,
      0.071,
      -0.048,
      -0.09,
      -0.134,
      -0.267,
      -0.025,
      -0.4,
      -0.385,
      -0.039,
      -0.155,
      -0.218,
      -0.064,
      -0.129,
      -0.208,
      -0.09,
      -0.16,
      0.095,
      -0.286,
      -0.007,
      -0.056,
      -0.218,
      0.077
    ],
    [
      0.11,
      0.359,
      0.205,
      0.13,
      0.154,
      0.128,
      0.232,
      0.139,
      0.237,
      -0.021,
      -0.156,
      -0.045,
      0.201,
      0.01,
      -0.034,
      0.17,
      0.026,
      0.184,
      0.178,
      0.046,
      0.192,
      0.246,
      0.258,
      -0.233,
      1.0,
      0.117,
      0.286,
      -0.129,
      0.153,
      0.438,
      0.083,
      0.439,
      0.263,
      0.316,
      0.099,
      0.256,
      0.143,
      0.002,
      0.073,
      -0.096,
      0.178,
      0.081,
      0.133,
      0.246,
      0.361,
      0.034,
      0.481,
      0.412,
      -0.082,
      0.275,
      0.458,
      0.072,
      0.067,
      0.228,
      0.178,
      0.197,
      0.065,
      0.438,
      0.212,
      0.134,
      0.358,
      -0.083
    ],
    [
      -0.042,
      0.109,
      0.068,
      0.055,
      0.091,
      0.015,
      0.075,
      -0.041,
      0.061,
      -0.039,
      0.012,
      0.077,
      0.017,
      -0.048,
      -0.108,
      0.155,
      -0.089,
      0.06,
      0.133,
      -0.026,
      0.025,
      0.139,
      0.091,
      -0.086,
      0.117,
      1.0,
      -0.037,
      -0.004,
      -0.037,
      0.069,
      0.056,
      0.09,
      -0.0,
      0.101,
      0.04,
      0.038,
      0.084,
      -0.052,
      -0.088,
      -0.024,
      0.071,
      0.053,
      0.04,
      0.043,
      -0.062,
      -0.051,
      0.086,
      0.131,
      -0.076,
      0.011,
      0.054,
      0.059,
      0.104,
      0.077,
      0.073,
      0.077,
      -0.077,
      0.055,
      -0.031,
      -0.103,
      0.011,
      -0.068
    ],
    [
      0.13,
      0.244,
      0.047,
      0.24,
      0.106,
      0.079,
      0.106,
      0.004,
      0.037,
      0.049,
      -0.06,
      -0.01,
      0.078,
      0.136,
      0.084,
      0.127,
      0.027,
      0.282,
      0.078,
      0.04,
      0.112,
      0.157,
      0.272,
      -0.202,
      0.286,
      -0.037,
      1.0,
      -0.126,
      0.11,
      0.171,
      0.135,
      0.291,
      0.13,
      0.254,
      0.13,
      0.295,
      -0.086,
      0.12,
      0.129,
      0.014,
      -0.137,
      0.074,
      0.087,
      0.211,
      0.329,
      0.019,
      0.277,
      0.199,
      -0.052,
      0.175,
      0.211,
      0.1,
      0.159,
      0.346,
      -0.027,
      0.075,
      -0.027,
      0.281,
      0.038,
      0.019,
      0.294,
      0.06
    ],
    [
      -0.11,
      -0.105,
      -0.052,
      -0.121,
      -0.016,
      -0.147,
      -0.088,
      -0.075,
      -0.046,
      0.022,
      0.036,
      0.03,
      0.03,
      0.032,
      -0.084,
      0.1,
      -0.083,
      -0.175,
      -0.098,
      -0.035,
      -0.067,
      -0.051,
      -0.139,
      0.387,
      -0.129,
      -0.004,
      -0.126,
      1.0,
      0.044,
      -0.176,
      -0.048,
      -0.139,
      -0.085,
      -0.139,
      -0.132,
      -0.098,
      -0.102,
      -0.081,
      -0.02,
      0.05,
      0.067,
      -0.063,
      -0.031,
      -0.147,
      -0.22,
      -0.063,
      -0.22,
      -0.294,
      -0.014,
      -0.076,
      -0.154,
      -0.049,
      -0.041,
      -0.131,
      0.014,
      -0.047,
      -0.121,
      -0.256,
      -0.055,
      -0.094,
      -0.216,
      -0.024
    ],
    [
      -0.059,
      0.063,
      0.468,
      0.305,
      0.268,
      0.045,
      0.704,
      0.027,
      0.036,
      0.13,
      -0.046,
      -0.019,
      0.06,
      0.306,
      0.265,
      0.054,
      0.38,
      0.132,
      0.312,
      0.21,
      0.214,
      0.323,
      0.026,
      -0.041,
      0.153,
      -0.037,
      0.11,
      0.044,
      1.0,
      0.112,
      0.289,
      0.142,
      0.013,
      0.037,
      0.145,
      0.112,
      -0.059,
      0.285,
      0.18,
      0.033,
      0.302,
      0.218,
      0.218,
      0.075,
      0.06,
      0.303,
      0.182,
      0.205,
      0.184,
      0.162,
      0.074,
      -0.076,
      0.041,
      0.116,
      0.267,
      0.278,
      0.274,
      0.045,
      0.053,
      0.245,
      0.163,
      0.233
    ],
    [
      0.027,
      0.435,
      0.159,
      0.182,
      0.17,
      0.103,
      0.238,
      0.055,
      0.19,
      -0.067,
      -0.053,
      -0.016,
      0.219,
      -0.06,
      -0.071,
      0.156,
      -0.058,
      0.176,
      0.316,
      0.066,
      0.234,
      0.262,
      0.3,
      -0.193,
      0.438,
      0.069,
      0.171,
      -0.176,
      0.112,
      1.0,
      0.151,
      0.455,
      0.245,
      0.432,
      0.262,
      0.311,
      0.091,
      0.015,
      -0.037,
      -0.065,
      0.13,
      0.123,
      0.185,
      0.409,
      0.413,
      -0.063,
      0.676,
      0.586,
      -0.027,
      0.304,
      0.527,
      0.141,
      0.194,
      0.227,
      0.183,
      0.332,
      0.0,
      0.472,
      0.154,
      0.168,
      0.352,
      -0.124
    ],
    [
      0.024,
      0.117,
      0.281,
      0.205,
      0.261,
      0.02,
      0.318,
      -0.007,
      0.064,
      0.141,
      -0.103,
      -0.083,
      0.034,
      0.207,
      0.168,
      0.053,
      0.15,
      0.102,
      0.158,
      0.117,
      0.209,
      0.329,
      0.043,
      0.025,
      0.083,
      0.056,
      0.135,
      -0.048,
      0.289,
      0.151,
      1.0,
      0.171,
      0.092,
      0.112,
      0.224,
      0.2,
      -0.001,
      0.234,
      0.204,
      0.068,
      0.242,
      0.262,
      0.182,
      0.182,
      0.096,
      0.257,
      0.21,
      0.177,
      0.146,
      0.135,
      0.226,
      0.053,
      0.2,
      0.132,
      0.173,
      0.168,
      0.227,
      0.062,
      0.116,
      0.164,
      0.216,
      0.132
    ],
    [
      0.117,
      0.446,
      0.128,
      0.302,
      0.155,
      0.139,
      0.232,
      0.061,
      0.158,
      -0.102,
      -0.022,
      -0.047,
      0.194,
      0.068,
      0.061,
      0.247,
      0.098,
      0.249,
      0.267,
      0.066,
      0.137,
      0.262,
      0.379,
      -0.195,
      0.439,
      0.09,
      0.291,
      -0.139,
      0.142,
      0.455,
      0.171,
      1.0,
      0.147,
      0.422,
      0.131,
      0.39,
      0.006,
      0.091,
      0.053,
      -0.082,
      0.1,
      0.149,
      0.15,
      0.354,
      0.405,
      -0.005,
      0.547,
      0.485,
      -0.002,
      0.359,
      0.507,
      0.095,
      0.168,
      0.331,
      0.202,
      0.204,
      0.023,
      0.399,
      0.126,
      0.131,
      0.344,
      0.004
    ],
    [
      -0.012,
      0.243,
      0.061,
      0.029,
      0.047,
      0.216,
      0.108,
      0.152,
      0.13,
      -0.031,
      0.034,
      0.08,
      0.158,
      0.014,
      0.047,
      0.105,
      -0.045,
      0.074,
      0.072,
      0.0,
      0.12,
      0.226,
      0.123,
      -0.126,
      0.263,
      -0.0,
      0.13,
      -0.085,
      0.013,
      0.245,
      0.092,
      0.147,
      1.0,
      0.182,
      0.142,
      0.182,
      0.209,
      -0.016,
      -0.028,
      0.027,
      0.047,
      0.065,
      0.103,
      0.265,
      0.281,
      -0.081,
      0.249,
      0.257,
      -0.033,
      0.15,
      0.245,
      0.137,
      0.121,
      0.158,
      0.031,
      0.132,
      -0.051,
      0.203,
      0.153,
      -0.0,
      0.171,
      -0.042
    ],
    [
      0.028,
      0.763,
      0.14,
      0.169,
      0.261,
      0.138,
      0.243,
      0.105,
      0.297,
      -0.115,
      -0.081,
      -0.097,
      0.128,
      0.073,
      -0.035,
      0.264,
      -0.046,
      0.188,
      0.251,
      -0.111,
      0.238,
      0.223,
      0.462,
      -0.204,
      0.316,
      0.101,
      0.254,
      -0.139,
      0.037,
      0.432,
      0.112,
      0.422,
      0.182,
      1.0,
      0.278,
      0.138,
      0.109,
      0.093,
      0.157,
      -0.043,
      -0.025,
      0.352,
      0.169,
      0.63,
      0.346,
      0.072,
      0.498,
      0.317,
      0.018,
      0.276,
      0.735,
      0.069,
      0.177,
      0.324,
      0.115,
      0.436,
      -0.079,
      0.279,
      0.086,
      0.117,
      0.206,
      0.021
    ],
    [
      0.027,
      0.312,
      0.297,
      0.252,
      0.456,
      0.112,
      0.249,
      0.013,
      0.104,
      0.163,
      0.012,
      -0.007,
      -0.145,
      0.123,
      0.017,
      0.151,
      0.055,
      0.183,
      0.239,
      0.04,
      0.23,
      0.229,
      0.242,
      -0.141,
      0.099,
      0.04,
      0.13,
      -0.132,
      0.145,
      0.262,
      0.224,
      0.131,
      0.142,
      0.278,
      1.0,
      0.171,
      0.011,
      0.306,
      0.159,
      0.086,
      0.133,
      0.349,
      0.287,
      0.302,
      0.221,
      0.07,
      0.297,
      0.234,
      0.115,
      -0.016,
      0.298,
      0.096,
      0.075,
      0.208,
      0.087,
      0.297,
      0.111,
      0.013,
      0.017,
      0.21,
      0.126,
      0.003
    ],
    [
      0.057,
      0.185,
      0.15,
      0.303,
      0.165,
      0.179,
      0.143,
      0.007,
      0.131,
      -0.027,
      -0.044,
      -0.111,
      0.224,
      0.008,
      0.061,
      0.133,
      0.144,
      0.199,
      0.161,
      0.104,
      0.175,
      0.138,
      0.171,
      -0.153,
      0.256,
      0.038,
      0.295,
      -0.098,
      0.112,
      0.311,
      0.2,
      0.39,
      0.182,
      0.138,
      0.171,
      1.0,
      0.074,
      0.071,
      0.014,
      -0.039,
      0.093,
      0.04,
      0.133,
      0.196,
      0.337,
      0.074,
      0.391,
      0.415,
      0.154,
      0.221,
      0.221,
      0.077,
      0.12,
      0.313,
      0.214,
      0.128,
      0.019,
      0.401,
      0.122,
      0.071,
      0.335,
      -0.001
    ],
    [
      0.128,
      0.112,
      0.133,
      -0.047,
      0.056,
      0.023,
      0.033,
      0.054,
      0.23,
      -0.046,
      0.136,
      0.075,
      0.128,
      -0.087,
      -0.016,
      0.179,
      -0.1,
      0.012,
      0.119,
      0.066,
      0.114,
      0.132,
      0.037,
      -0.096,
      0.143,
      0.084,
      -0.086,
      -0.102,
      -0.059,
      0.091,
      -0.001,
      0.006,
      0.209,
      0.109,
      0.011,
      0.074,
      1.0,
      -0.043,
      -0.339,
      0.017,
      0.042,
      -0.031,
      0.031,
      0.12,
      0.085,
      0.024,
      0.14,
      0.11,
      -0.022,
      -0.005,
      0.122,
      0.088,
      0.152,
      0.069,
      0.113,
      0.002,
      -0.015,
      0.131,
      0.038,
      0.098,
      0.115,
      -0.087
    ],
    [
      0.025,
      -0.003,
      0.31,
      0.217,
      0.306,
      0.066,
      0.289,
      0.034,
      0.114,
      0.333,
      -0.1,
      -0.103,
      -0.154,
      0.511,
      0.308,
      -0.135,
      0.411,
      0.23,
      -0.055,
      0.156,
      0.106,
      0.122,
      0.147,
      -0.039,
      0.002,
      -0.052,
      0.12,
      -0.081,
      0.285,
      0.015,
      0.234,
      0.091,
      -0.016,
      0.093,
      0.306,
      0.071,
      -0.043,
      1.0,
      0.392,
      0.189,
      0.065,
      0.381,
      0.103,
      0.137,
      0.0,
      0.355,
      0.101,
      0.003,
      0.188,
      0.047,
      0.131,
      0.077,
      0.135,
      0.144,
      0.047,
      0.203,
      0.466,
      -0.062,
      0.016,
      0.094,
      0.16,
      0.455
    ],
    [
      0.022,
      0.145,
      0.234,
      0.179,
      0.199,
      0.003,
      0.233,
      0.047,
      0.01,
      0.285,
      -0.08,
      -0.086,
      -0.191,
      0.567,
      0.135,
      -0.015,
      0.327,
      0.091,
      0.058,
      0.254,
      0.107,
      0.135,
      0.107,
      0.017,
      0.073,
      -0.088,
      0.129,
      -0.02,
      0.18,
      -0.037,
      0.204,
      0.053,
      -0.028,
      0.157,
      0.159,
      0.014,
      -0.339,
      0.392,
      1.0,
      0.076,
      0.058,
      0.293,
      0.207,
      0.188,
      0.01,
      0.457,
      0.025,
      -0.068,
      0.254,
      0.097,
      0.212,
      -0.022,
      0.046,
      0.038,
      0.009,
      0.253,
      0.36,
      -0.113,
      -0.015,
      0.116,
      0.048,
      0.487
    ],
    [
      0.094,
      -0.019,
      0.115,
      0.125,
      0.236,
      0.15,
      0.038,
      0.014,
      0.049,
      0.033,
      0.027,
      0.093,
      -0.061,
      0.065,
      0.119,
      0.049,
      0.115,
      0.084,
      -0.008,
      0.124,
      0.12,
      0.034,
      -0.002,
      0.012,
      -0.096,
      -0.024,
      0.014,
      0.05,
      0.033,
      -0.065,
      0.068,
      -0.082,
      0.027,
      -0.043,
      0.086,
      -0.039,
      0.017,
      0.189,
      0.076,
      1.0,
      0.03,
      0.051,
      0.008,
      0.064,
      -0.01,
      0.113,
      -0.038,
      -0.003,
      0.379,
      0.021,
      0.003,
      0.036,
      0.084,
      -0.041,
      -0.094,
      0.055,
      0.069,
      -0.078,
      -0.092,
      0.011,
      -0.041,
      0.03
    ],
    [
      -0.037,
      0.012,
      0.364,
      0.162,
      0.19,
      0.11,
      0.276,
      -0.014,
      0.129,
      0.033,
      -0.075,
      0.047,
      0.117,
      0.06,
      0.15,
      0.089,
      0.141,
      0.054,
      0.212,
      0.206,
      0.121,
      0.331,
      -0.071,
      0.071,
      0.178,
      0.071,
      -0.137,
      0.067,
      0.302,
      0.13,
      0.242,
      0.1,
      0.047,
      -0.025,
      0.133,
      0.093,
      0.042,
      0.065,
      0.058,
      0.03,
      1.0,
      0.048,
      0.116,
      -0.002,
      0.058,
      0.111,
      0.184,
      0.185,
      0.1,
      0.142,
      0.092,
      0.099,
      -0.027,
      -0.087,
      0.288,
      0.173,
      0.162,
      0.063,
      0.062,
      0.155,
      0.156,
      0.073
    ],
    [
      -0.094,
      0.323,
      0.162,
      0.176,
      0.309,
      0.017,
      0.352,
      0.073,
      0.102,
      0.066,
      -0.11,
      -0.207,
      -0.134,
      0.315,
      -0.029,
      0.086,
      0.104,
      0.14,
      0.181,
      -0.025,
      0.27,
      0.233,
      0.222,
      -0.048,
      0.081,
      0.053,
      0.074,
      -0.063,
      0.218,
      0.123,
      0.262,
      0.149,
      0.065,
      0.352,
      0.349,
      0.04,
      -0.031,
      0.381,
      0.293,
      0.051,
      0.048,
      1.0,
      0.175,
      0.407,
      0.108,
      0.168,
      0.178,
      0.035,
      0.098,
      0.078,
      0.389,
      0.03,
      0.199,
      0.259,
      0.153,
      0.649,
      0.134,
      -0.033,
      0.063,
      0.027,
      0.158,
      0.162
    ],
    [
      0.011,
      0.191,
      0.28,
      0.196,
      0.186,
      0.065,
      0.275,
      0.078,
      0.02,
      0.163,
      0.145,
      -0.024,
      0.092,
      0.15,
      -0.013,
      0.12,
      0.087,
      0.055,
      0.218,
      0.065,
      0.108,
      0.28,
      0.143,
      -0.09,
      0.133,
      0.04,
      0.087,
      -0.031,
      0.218,
      0.185,
      0.182,
      0.15,
      0.103,
      0.169,
      0.287,
      0.133,
      0.031,
      0.103,
      0.207,
      0.008,
      0.116,
      0.175,
      1.0,
      0.104,
      0.104,
      0.227,
      0.107,
      0.115,
      0.211,
      0.066,
      0.14,
      -0.085,
      0.064,
      0.161,
      0.096,
      0.238,
      0.135,
      0.06,
      0.031,
      0.349,
      0.087,
      0.125
    ],
    [
      0.07,
      0.711,
      0.075,
      0.221,
      0.344,
      0.1,
      0.264,
      0.11,
      0.155,
      -0.135,
      -0.065,
      -0.149,
      -0.009,
      0.182,
      -0.111,
      0.201,
      -0.073,
      0.091,
      0.2,
      -0.037,
      0.269,
      0.228,
      0.32,
      -0.134,
      0.246,
      0.043,
      0.211,
      -0.147,
      0.075,
      0.409,
      0.182,
      0.354,
      0.265,
      0.63,
      0.302,
      0.196,
      0.12,
      0.137,
      0.188,
      0.064,
      -0.002,
      0.407,
      0.104,
      1.0,
      0.314,
      0.05,
      0.408,
      0.274,
      0.067,
      0.172,
      0.7,
      0.121,
      0.243,
      0.283,
      0.156,
      0.444,
      -0.046,
      0.208,
      0.176,
      0.055,
      0.281,
      0.032
    ],
    [
      0.076,
      0.356,
      0.141,
      0.234,
      0.137,
      0.215,
      0.186,
      0.199,
      0.052,
      0.002,
      0.05,
      -0.037,
      0.142,
      -0.08,
      0.075,
      0.186,
      0.105,
      0.272,
      0.157,
      0.128,
      0.213,
      0.197,
      0.329,
      -0.267,
      0.361,
      -0.062,
      0.329,
      -0.22,
      0.06,
      0.413,
      0.096,
      0.405,
      0.281,
      0.346,
      0.221,
      0.337,
      0.085,
      0.0,
      0.01,
      -0.01,
      0.058,
      0.108,
      0.104,
      0.314,
      1.0,
      -0.008,
      0.446,
      0.422,
      -0.018,
      0.366,
      0.438,
      0.125,
      0.076,
      0.34,
      0.209,
      0.231,
      0.033,
      0.367,
      0.051,
      0.118,
      0.327,
      -0.078
    ],
    [
      -0.023,
      -0.002,
      0.408,
      0.249,
      0.226,
      0.016,
      0.302,
      0.015,
      0.087,
      0.429,
      -0.05,
      -0.001,
      -0.052,
      0.526,
      0.312,
      -0.014,
      0.453,
      0.093,
      0.076,
      0.364,
      0.114,
      0.215,
      0.046,
      -0.025,
      0.034,
      -0.051,
      0.019,
      -0.063,
      0.303,
      -0.063,
      0.257,
      -0.005,
      -0.081,
      0.072,
      0.07,
      0.074,
      0.024,
      0.355,
      0.457,
      0.113,
      0.111,
      0.168,
      0.227,
      0.05,
      -0.008,
      1.0,
      -0.023,
      -0.033,
      0.273,
      0.023,
      0.093,
      0.099,
      0.008,
      0.052,
      0.101,
      0.111,
      0.42,
      -0.083,
      0.045,
      0.218,
      0.087,
      0.526
    ],
    [
      0.065,
      0.508,
      0.227,
      0.231,
      0.268,
      0.176,
      0.294,
      0.073,
      0.24,
      -0.115,
      -0.081,
      -0.002,
      0.171,
      -0.007,
      -0.052,
      0.225,
      -0.026,
      0.293,
      0.3,
      0.084,
      0.284,
      0.249,
      0.383,
      -0.4,
      0.481,
      0.086,
      0.277,
      -0.22,
      0.182,
      0.676,
      0.21,
      0.547,
      0.249,
      0.498,
      0.297,
      0.391,
      0.14,
      0.101,
      0.025,
      -0.038,
      0.184,
      0.178,
      0.107,
      0.408,
      0.446,
      -0.023,
      1.0,
      0.698,
      -0.009,
      0.323,
      0.615,
      0.154,
      0.189,
      0.329,
      0.218,
      0.351,
      -0.056,
      0.526,
      0.162,
      0.171,
      0.417,
      -0.081
    ],
    [
      0.029,
      0.389,
      0.2,
      0.317,
      0.19,
      0.261,
      0.259,
      0.045,
      0.158,
      -0.125,
      -0.089,
      -0.01,
      0.269,
      -0.11,
      0.007,
      0.215,
      -0.025,
      0.253,
      0.288,
      0.123,
      0.159,
      0.191,
      0.355,
      -0.385,
      0.412,
      0.131,
      0.199,
      -0.294,
      0.205,
      0.586,
      0.177,
      0.485,
