{
  "meta": {
    "generated_at": "2026-05-28T11:07:23+00:00",
    "n_tickers": 60,
    "n_clusters": 0,
    "redundant_threshold": 0.75
  },
  "tickers": [
    "NTO",
    "ABBNE",
    "ABNB",
    "ADYEN",
    "AMZN",
    "BFIT",
    "BN",
    "CBAV",
    "CELH",
    "CHKP",
    "COR",
    "COST",
    "CPR",
    "CRWD",
    "DNP",
    "DSGX",
    "EVD",
    "FERG",
    "FICO",
    "GOOG",
    "GRMN",
    "HLMA",
    "IPCO",
    "ITX",
    "JDG",
    "JFN",
    "KIST",
    "KKR",
    "KRX",
    "KSPI",
    "LIFCO B",
    "LOTB",
    "LR",
    "META",
    "MIPS",
    "MNST",
    "MSFT",
    "NET",
    "NFLX",
    "NKE",
    "NVDA",
    "OTLY",
    "PRY",
    "RAA",
    "S",
    "SGO",
    "SIKA",
    "SPOT",
    "STMN",
    "SU",
    "TFF",
    "TFPM",
    "TGYM",
    "TREX",
    "TSM",
    "VEEV",
    "VID",
    "VLTO",
    "WOSG",
    "ZS"
  ],
  "matrix_1y": [
    [
      1.0,
      0.08,
      -0.14,
      0.047,
      0.067,
      0.017,
      -0.046,
      0.001,
      0.029,
      -0.028,
      0.2,
      0.032,
      -0.035,
      -0.013,
      -0.042,
      0.112,
      0.065,
      0.014,
      -0.092,
      0.073,
      -0.044,
      0.019,
      -0.052,
      0.093,
      -0.031,
      0.097,
      -0.062,
      -0.05,
      -0.033,
      0.037,
      0.104,
      0.019,
      0.013,
      0.055,
      0.078,
      0.125,
      0.056,
      0.015,
      0.103,
      -0.02,
      -0.051,
      0.068,
      0.051,
      0.05,
      -0.013,
      0.029,
      0.017,
      0.073,
      -0.044,
      0.089,
      -0.002,
      -0.057,
      0.088,
      -0.142,
      0.015,
      0.047,
      0.094,
      0.121,
      0.024,
      -0.027
    ],
    [
      0.08,
      1.0,
      0.171,
      0.193,
      0.263,
      0.173,
      0.293,
      0.116,
      0.13,
      -0.145,
      -0.009,
      -0.092,
      0.143,
      0.046,
      0.283,
      -0.049,
      0.163,
      0.255,
      -0.078,
      0.312,
      0.284,
      0.522,
      -0.174,
      0.389,
      0.08,
      0.262,
      -0.107,
      0.077,
      0.463,
      0.1,
      0.456,
      0.277,
      0.77,
      0.315,
      0.198,
      0.144,
      0.004,
      0.129,
      -0.008,
      0.035,
      0.334,
      0.254,
      0.707,
      0.334,
      -0.008,
      0.53,
      0.397,
      0.079,
      0.27,
      0.788,
      0.091,
      0.118,
      0.301,
      0.198,
      0.45,
      -0.148,
      0.305,
      0.123,
      0.314,
      -0.047
    ],
    [
      -0.14,
      0.171,
      1.0,
      0.336,
      0.378,
      0.126,
      0.493,
      0.088,
      0.124,
      0.198,
      -0.002,
      -0.03,
      0.016,
      0.322,
      0.058,
      0.296,
      0.211,
      0.253,
      0.279,
      0.212,
      0.426,
      0.126,
      -0.145,
      0.22,
      0.04,
      0.078,
      -0.051,
      0.493,
      0.199,
      0.283,
      0.161,
      0.093,
      0.153,
      0.309,
      0.172,
      0.152,
      0.296,
      0.203,
      0.111,
      0.371,
      0.125,
      0.301,
      0.067,
      0.154,
      0.387,
      0.254,
      0.225,
      0.211,
      0.243,
      0.241,
      0.049,
      0.015,
      0.132,
      0.275,
      0.159,
      0.314,
      0.058,
      0.379,
      0.222,
      0.287
    ],
    [
      0.047,
      0.193,
      0.336,
      1.0,
      0.251,
      0.222,
      0.19,
      0.022,
      0.178,
      0.149,
      0.055,
      -0.038,
      0.067,
      0.206,
      0.038,
      0.169,
      0.167,
      0.17,
      0.267,
      0.198,
      0.223,
      0.143,
      -0.097,
      0.173,
      -0.001,
      0.249,
      -0.13,
      0.268,
      0.219,
      0.218,
      0.293,
      0.077,
      0.145,
      0.232,
      0.324,
      -0.032,
      0.204,
      0.195,
      0.125,
      0.197,
      0.145,
      0.199,
      0.232,
      0.223,
      0.227,
      0.232,
      0.308,
      0.294,
      0.348,
      0.279,
      0.086,
      0.14,
      0.241,
      0.107,
      0.231,
      0.362,
      0.201,
      0.255,
      0.25,
      0.163
    ],
    [
      0.067,
      0.263,
      0.378,
      0.251,
      1.0,
      0.107,
      0.348,
      0.046,
      0.18,
      0.008,
      -0.131,
      -0.009,
      -0.002,
      0.177,
      0.102,
      0.078,
      0.208,
      0.202,
      0.118,
      0.387,
      0.259,
      0.183,
      -0.058,
      0.179,
      0.07,
      0.111,
      -0.011,
      0.254,
      0.198,
      0.249,
      0.158,
      0.075,
      0.272,
      0.434,
      0.166,
      0.072,
      0.296,
      0.206,
      0.217,
      0.171,
      0.292,
      0.199,
      0.341,
      0.139,
      0.202,
      0.283,
      0.204,
      0.161,
      0.18,
      0.293,
      0.13,
      0.065,
      0.184,
      0.19,
      0.329,
      0.174,
      0.069,
      0.129,
      0.174,
      0.097
    ],
    [
      0.017,
      0.173,
      0.126,
      0.222,
      0.107,
      1.0,
      0.087,
      -0.002,
      0.027,
      -0.13,
      -0.037,
      0.026,
      0.181,
      0.007,
      0.157,
      0.057,
      0.192,
      0.021,
      0.061,
      0.092,
      0.067,
      0.149,
      -0.187,
      0.162,
      0.013,
      0.1,
      -0.162,
      0.055,
      0.156,
      0.027,
      0.155,
      0.194,
      0.164,
      0.156,
      0.205,
      -0.003,
      0.081,
      0.052,
      0.146,
      0.135,
      0.05,
      0.06,
      0.143,
      0.221,
      0.018,
      0.199,
      0.272,
      0.174,
      0.191,
      0.133,
      0.043,
      0.074,
      0.197,
      0.1,
      0.069,
      0.104,
      0.322,
      0.065,
      0.159,
      -0.014
    ],
    [
      -0.046,
      0.293,
      0.493,
      0.19,
      0.348,
      0.087,
      1.0,
      0.053,
      0.103,
      0.042,
      -0.093,
      -0.012,
      0.05,
      0.266,
      0.178,
      0.289,
      0.162,
      0.4,
      0.23,
      0.309,
      0.432,
      0.288,
      -0.152,
      0.226,
      0.055,
      0.136,
      -0.072,
      0.699,
      0.27,
      0.317,
      0.234,
      0.114,
      0.259,
      0.258,
      0.145,
      0.045,
      0.311,
      0.242,
      0.036,
      0.285,
      0.349,
      0.301,
      0.28,
      0.19,
      0.291,
      0.301,
      0.279,
      0.123,
      0.204,
      0.26,
      -0.008,
      0.105,
      0.192,
      0.329,
      0.436,
      0.184,
      0.15,
      0.215,
      0.289,
      0.176
    ],
    [
      0.001,
      0.116,
      0.088,
      0.022,
      0.046,
      -0.002,
      0.053,
      1.0,
      0.141,
      -0.041,
      0.07,
      0.024,
      0.105,
      0.009,
      0.056,
      0.033,
      0.096,
      0.102,
      -0.028,
      0.102,
      0.072,
      0.12,
      -0.114,
      0.146,
      -0.046,
      0.035,
      -0.056,
      0.053,
      0.053,
      0.003,
      0.094,
      0.138,
      0.137,
      0.066,
      -0.005,
      0.073,
      0.04,
      0.032,
      0.009,
      -0.039,
      0.111,
      0.076,
      0.118,
      0.171,
      0.005,
      0.113,
      0.112,
      0.003,
      0.03,
      0.118,
      0.032,
      0.019,
      0.077,
      0.072,
      0.057,
      -0.008,
      0.067,
      0.13,
      0.031,
      -0.086
    ],
    [
      0.029,
      0.13,
      0.124,
      0.178,
      0.18,
      0.027,
      0.103,
      0.141,
      1.0,
      -0.015,
      0.033,
      0.101,
      0.09,
      -0.057,
      0.154,
      0.077,
      0.069,
      0.166,
      0.015,
      0.143,
      0.178,
      0.154,
      -0.104,
      0.246,
      0.069,
      0.031,
      -0.027,
      0.059,
      0.174,
      0.059,
      0.175,
      0.117,
      0.308,
      0.12,
      0.137,
      0.24,
      0.142,
      0.046,
      0.064,
      0.131,
      0.162,
      0.042,
      0.157,
      0.05,
      0.108,
      0.241,
      0.152,
      0.067,
      0.063,
      0.202,
      0.083,
      0.067,
      0.027,
      0.102,
      0.251,
      0.149,
      0.056,
      0.184,
      0.1,
      -0.004
    ],
    [
      -0.028,
      -0.145,
      0.198,
      0.149,
      0.008,
      -0.13,
      0.042,
      -0.041,
      -0.015,
      1.0,
      0.109,
      0.01,
      -0.056,
      0.362,
      -0.11,
      0.322,
      0.071,
      -0.094,
      0.234,
      -0.199,
      0.238,
      -0.075,
      0.105,
      0.002,
      -0.012,
      0.033,
      0.013,
      0.127,
      -0.048,
      0.155,
      -0.099,
      -0.011,
      -0.141,
      0.207,
      -0.009,
      -0.034,
      0.317,
      0.264,
      0.039,
      0.065,
      0.053,
      0.181,
      -0.136,
      0.018,
      0.426,
      -0.113,
      -0.126,
      0.124,
      0.004,
      -0.064,
      -0.03,
      -0.007,
      -0.059,
      0.025,
      -0.072,
      0.261,
      -0.077,
      0.172,
      0.009,
      0.334
    ],
    [
      0.2,
      -0.009,
      -0.002,
      0.055,
      -0.131,
      -0.037,
      -0.093,
      0.07,
      0.033,
      0.109,
      1.0,
      0.161,
      -0.1,
      -0.002,
      0.165,
      0.046,
      0.06,
      -0.035,
      -0.016,
      -0.044,
      -0.021,
      -0.009,
      0.005,
      -0.184,
      -0.006,
      -0.069,
      0.041,
      -0.069,
      -0.063,
      -0.093,
      -0.039,
      0.016,
      -0.062,
      0.005,
      -0.058,
      0.137,
      -0.103,
      -0.075,
      0.025,
      -0.08,
      -0.09,
      0.144,
      -0.053,
      0.044,
      -0.038,
      -0.096,
      -0.102,
      0.02,
      -0.04,
      -0.017,
      -0.111,
      0.014,
      -0.158,
      -0.145,
      -0.075,
      -0.009,
      -0.105,
      0.272,
      -0.046,
      0.026
    ],
    [
      0.032,
      -0.092,
      -0.03,
      -0.038,
      -0.009,
      0.026,
      -0.012,
      0.024,
      0.101,
      0.01,
      0.161,
      1.0,
      0.033,
      -0.011,
      0.078,
      0.031,
      0.068,
      -0.005,
      0.087,
      -0.042,
      0.0,
      0.006,
      -0.052,
      -0.029,
      0.089,
      0.009,
      0.033,
      -0.016,
      -0.057,
      -0.098,
      -0.065,
      0.089,
      -0.075,
      -0.007,
      -0.132,
      0.085,
      -0.043,
      -0.047,
      0.103,
      0.075,
      -0.192,
      -0.039,
      -0.15,
      -0.032,
      -0.008,
      -0.012,
      -0.005,
      -0.075,
      0.034,
      -0.163,
      -0.037,
      -0.024,
      -0.04,
      -0.02,
      -0.056,
      -0.019,
      -0.071,
      0.114,
      0.008,
      0.001
    ],
    [
      -0.035,
      0.143,
      0.016,
      0.067,
      -0.002,
      0.181,
      0.05,
      0.105,
      0.09,
      -0.056,
      -0.1,
      0.033,
      1.0,
      -0.202,
      0.041,
      -0.008,
      0.132,
      0.148,
      -0.026,
      0.089,
      0.072,
      0.136,
      -0.115,
      0.198,
      0.032,
      0.055,
      0.049,
      0.059,
      0.223,
      0.038,
      0.198,
      0.189,
      0.137,
      -0.138,
      0.221,
      0.123,
      -0.155,
      -0.188,
      -0.062,
      0.118,
      -0.116,
      0.109,
      0.025,
      0.145,
      -0.043,
      0.183,
      0.276,
      -0.045,
      0.311,
      0.085,
      0.069,
      0.053,
      0.18,
      0.164,
      0.083,
      -0.036,
      0.321,
      -0.027,
      0.17,
      -0.174
    ],
    [
      -0.013,
      0.046,
      0.322,
      0.206,
      0.177,
      0.007,
      0.266,
      0.009,
      -0.057,
      0.362,
      -0.002,
      -0.011,
      -0.202,
      1.0,
      0.006,
      0.286,
      0.132,
      0.017,
      0.22,
      0.127,
      0.127,
      0.079,
      0.085,
      0.021,
      -0.044,
      0.128,
      0.017,
      0.317,
      -0.053,
      0.179,
      0.076,
      -0.006,
      0.068,
      0.138,
      0.03,
      -0.087,
      0.481,
      0.529,
      0.07,
      0.04,
      0.268,
      0.111,
      0.142,
      -0.079,
      0.564,
      0.005,
      -0.089,
      0.278,
      0.027,
      0.12,
      0.056,
      0.101,
      -0.008,
      -0.022,
      0.117,
      0.279,
      -0.106,
      0.188,
      0.067,
      0.664
    ],
    [
      -0.042,
      0.283,
      0.058,
      0.038,
      0.102,
      0.157,
      0.178,
      0.056,
      0.154,
      -0.11,
      0.165,
      0.078,
      0.041,
      0.006,
      1.0,
      -0.069,
      0.043,
      0.178,
      -0.002,
      0.213,
      0.194,
      0.243,
      -0.067,
      0.167,
      0.142,
      0.16,
      0.108,
      0.045,
      0.14,
      0.062,
      0.228,
      0.093,
      0.285,
      0.128,
      0.103,
      0.18,
      -0.078,
      0.042,
      0.059,
      0.109,
      0.139,
      0.153,
      0.224,
      0.187,
      -0.003,
      0.205,
      0.202,
      0.006,
      0.106,
      0.215,
      0.172,
      0.262,
      0.112,
      0.071,
      0.206,
      -0.114,
      0.101,
      0.022,
      0.084,
      -0.098
    ],
    [
      0.112,
      -0.049,
      0.296,
      0.169,
      0.078,
      0.057,
      0.289,
      0.033,
      0.077,
      0.322,
      0.046,
      0.031,
      -0.008,
      0.286,
      -0.069,
      1.0,
      0.132,
      0.034,
      0.287,
      0.004,
      0.237,
      0.05,
      -0.033,
      0.043,
      -0.063,
      -0.031,
      -0.071,
      0.346,
      -0.035,
      0.124,
      0.095,
      -0.008,
      -0.034,
      0.096,
      0.153,
      -0.088,
      0.342,
      0.228,
      0.098,
      0.136,
      0.047,
      0.043,
      -0.067,
      0.129,
      0.41,
      0.007,
      0.028,
      0.173,
      0.075,
      -0.026,
      -0.011,
      -0.081,
      -0.128,
      0.104,
      -0.027,
      0.319,
      -0.083,
      0.266,
      0.059,
      0.328
    ],
    [
      0.065,
      0.163,
      0.211,
      0.167,
      0.208,
      0.192,
      0.162,
      0.096,
      0.069,
      0.071,
      0.06,
      0.068,
      0.132,
      0.132,
      0.043,
      0.132,
      1.0,
      0.017,
      0.113,
      0.212,
      0.16,
      0.145,
      -0.275,
      0.18,
      -0.009,
      0.231,
      -0.178,
      0.105,
      0.171,
      0.085,
      0.245,
      0.12,
      0.132,
      0.169,
      0.238,
      0.003,
      0.138,
      0.063,
      0.091,
      0.064,
      0.139,
      -0.008,
      0.113,
      0.302,
      0.102,
      0.272,
      0.245,
      0.132,
      0.201,
      0.233,
      0.069,
      -0.011,
      0.156,
      0.102,
      0.138,
      0.027,
      0.273,
      0.104,
      0.273,
      0.078
    ],
    [
      0.014,
      0.255,
      0.253,
      0.17,
      0.202,
      0.021,
      0.4,
      0.102,
      0.166,
      -0.094,
      -0.035,
      -0.005,
      0.148,
      0.017,
      0.178,
      0.034,
      0.017,
      1.0,
      0.078,
      0.152,
      0.293,
      0.178,
      -0.056,
      0.131,
      0.086,
      0.057,
      -0.067,
      0.229,
      0.266,
      0.138,
      0.234,
      0.057,
      0.222,
      0.174,
      0.161,
      0.097,
      -0.052,
      0.057,
      -0.008,
      0.191,
      0.177,
      0.248,
      0.201,
      0.145,
      0.112,
      0.264,
      0.241,
      0.018,
      0.177,
      0.22,
      0.144,
      0.193,
      0.108,
      0.338,
      0.349,
      0.059,
      0.15,
      0.165,
      0.113,
      -0.051
    ],
    [
      -0.092,
      -0.078,
      0.279,
      0.267,
      0.118,
      0.061,
      0.23,
      -0.028,
      0.015,
      0.234,
      -0.016,
      0.087,
      -0.026,
      0.22,
      -0.002,
      0.287,
      0.113,
      0.078,
      1.0,
      0.089,
      0.17,
      -0.033,
      -0.005,
      0.068,
      -0.024,
      0.068,
      -0.044,
      0.209,
      0.113,
      0.106,
      0.083,
      -0.003,
      -0.089,
      0.063,
      0.122,
      0.071,
      0.148,
      0.267,
      0.118,
      0.21,
      -0.065,
      0.056,
      -0.05,
      0.118,
      0.313,
      0.102,
      0.149,
      0.197,
      0.164,
      0.007,
      0.118,
      -0.013,
      -0.085,
      0.082,
      -0.09,
      0.315,
      0.08,
      0.275,
      0.106,
      0.243
    ],
    [
      0.073,
      0.312,
      0.212,
      0.198,
      0.387,
      0.092,
      0.309,
      0.102,
      0.143,
      -0.199,
      -0.044,
      -0.042,
      0.089,
      0.127,
      0.213,
      0.004,
      0.212,
      0.152,
      0.089,
      1.0,
      0.17,
      0.144,
      -0.164,
      0.208,
      0.019,
      0.126,
      -0.06,
      0.197,
      0.269,
      0.203,
      0.144,
      0.168,
      0.261,
      0.196,
      0.182,
      0.115,
      0.073,
      0.108,
      0.094,
      0.091,
      0.242,
      0.098,
      0.291,
      0.215,
      0.077,
      0.309,
      0.178,
      0.057,
      0.118,
      0.276,
      0.089,
      0.149,
      0.188,
      0.077,
      0.385,
      -0.032,
      0.131,
      0.099,
      0.236,
      0.068
    ],
    [
      -0.044,
      0.284,
      0.426,
      0.223,
      0.259,
      0.067,
      0.432,
      0.072,
      0.178,
      0.238,
      -0.021,
      0.0,
      0.072,
      0.127,
      0.194,
      0.237,
      0.16,
      0.293,
      0.17,
      0.17,
      1.0,
      0.252,
      -0.163,
      0.264,
      0.144,
      0.201,
      -0.047,
      0.329,
      0.303,
      0.333,
      0.27,
      0.242,
      0.238,
      0.239,
      0.143,
      0.149,
      0.138,
      0.117,
      0.035,
      0.346,
      0.206,
      0.313,
      0.224,
      0.229,
      0.196,
      0.277,
      0.225,
      0.134,
      0.16,
      0.327,
      0.064,
      0.234,
      0.132,
      0.317,
      0.311,
      0.114,
      0.161,
      0.32,
      0.208,
      0.077
    ],
    [
      0.019,
      0.522,
      0.126,
      0.143,
      0.183,
      0.149,
      0.288,
      0.12,
      0.154,
      -0.075,
      -0.009,
      0.006,
      0.136,
      0.079,
      0.243,
      0.05,
      0.145,
      0.178,
      -0.033,
      0.144,
      0.252,
      1.0,
      -0.237,
      0.337,
      0.1,
      0.269,
      -0.17,
      0.035,
      0.411,
      0.125,
      0.452,
      0.214,
      0.532,
      0.235,
      0.251,
      0.082,
      0.105,
      0.121,
      -0.024,
      -0.012,
      0.27,
      0.192,
      0.43,
      0.36,
      0.029,
      0.447,
      0.403,
      0.011,
      0.226,
      0.526,
      0.034,
      0.167,
      0.347,
      0.157,
      0.308,
      0.026,
      0.292,
      0.142,
      0.284,
      -0.012
    ],
    [
      -0.052,
      -0.174,
      -0.145,
      -0.097,
      -0.058,
      -0.187,
      -0.152,
      -0.114,
      -0.104,
      0.105,
      0.005,
      -0.052,
      -0.115,
      0.085,
      -0.067,
      -0.033,
      -0.275,
      -0.056,
      -0.005,
      -0.164,
      -0.163,
      -0.237,
      1.0,
      -0.225,
      -0.036,
      -0.179,
      0.351,
      -0.046,
      -0.224,
      -0.001,
      -0.191,
      -0.159,
      -0.194,
      -0.144,
      -0.145,
      -0.112,
      -0.04,
      0.002,
      0.005,
      0.034,
      -0.071,
      -0.132,
      -0.19,
      -0.284,
      -0.067,
      -0.385,
      -0.36,
      -0.05,
      -0.15,
      -0.225,
      -0.091,
      -0.062,
      -0.228,
      -0.106,
      -0.178,
      0.09,
      -0.289,
      -0.075,
      -0.253,
      0.085
    ],
    [
      0.093,
      0.389,
      0.22,
      0.173,
      0.179,
      0.162,
      0.226,
      0.146,
      0.246,
      0.002,
      -0.184,
      -0.029,
      0.198,
      0.021,
      0.167,
      0.043,
      0.18,
      0.131,
      0.068,
      0.208,
      0.264,
      0.337,
      -0.225,
      1.0,
      0.098,
      0.307,
      -0.116,
      0.157,
      0.432,
      0.105,
      0.44,
      0.281,
      0.338,
      0.105,
      0.248,
      0.144,
      0.018,
      0.093,
      -0.105,
      0.182,
      0.103,
      0.148,
      0.276,
      0.335,
      0.037,
      0.474,
      0.413,
      -0.088,
      0.302,
      0.507,
      0.06,
      0.052,
      0.248,
      0.195,
      0.214,
      0.1,
      0.415,
      0.138,
      0.39,
      -0.069
    ],
    [
      -0.031,
      0.08,
      0.04,
      -0.001,
      0.07,
      0.013,
      0.055,
      -0.046,
      0.069,
      -0.012,
      -0.006,
      0.089,
      0.032,
      -0.044,
      0.142,
      -0.063,
      -0.009,
      0.086,
      -0.024,
      0.019,
      0.144,
      0.1,
      -0.036,
      0.098,
      1.0,
      -0.06,
      0.042,
      -0.075,
      0.038,
      0.015,
      0.064,
      0.015,
      0.083,
      0.023,
      0.044,
      0.076,
      -0.05,
      -0.074,
      -0.021,
      0.086,
      0.046,
      0.048,
      0.044,
      -0.098,
      -0.037,
      0.033,
      0.103,
      -0.043,
      0.01,
      0.031,
      0.067,
      0.051,
      0.06,
      0.069,
      0.088,
      -0.082,
      0.053,
      -0.064,
      0.004,
      -0.038
    ],
    [
      0.097,
      0.262,
      0.078,
      0.249,
      0.111,
      0.1,
      0.136,
      0.035,
      0.031,
      0.033,
      -0.069,
      0.009,
      0.055,
      0.128,
      0.16,
      -0.031,
      0.231,
      0.057,
      0.068,
      0.126,
      0.201,
      0.269,
      -0.179,
      0.307,
      -0.06,
      1.0,
      -0.131,
      0.112,
      0.206,
      0.188,
      0.293,
      0.155,
      0.264,
      0.119,
      0.312,
      -0.085,
      0.057,
      0.139,
      -0.003,
      -0.106,
      0.105,
      0.068,
      0.245,
      0.333,
      0.07,
      0.276,
      0.197,
      -0.038,
      0.146,
      0.245,
      0.115,
      0.134,
      0.354,
      0.017,
      0.119,
      -0.054,
      0.298,
      0.057,
      0.294,
      0.046
    ],
    [
      -0.062,
      -0.107,
      -0.051,
      -0.13,
      -0.011,
      -0.162,
      -0.072,
      -0.056,
      -0.027,
      0.013,
      0.041,
      0.033,
      0.049,
      0.017,
      0.108,
      -0.071,
      -0.178,
      -0.067,
      -0.044,
      -0.06,
      -0.047,
      -0.17,
      0.351,
      -0.116,
      0.042,
      -0.131,
      1.0,
      0.064,
      -0.17,
      -0.065,
      -0.139,
      -0.099,
      -0.15,
      -0.126,
      -0.08,
      -0.102,
      -0.077,
      -0.024,
      0.036,
      0.049,
      -0.059,
      -0.037,
      -0.163,
      -0.211,
      -0.089,
      -0.205,
      -0.279,
      -0.036,
      -0.075,
      -0.174,
      -0.059,
      -0.023,
      -0.137,
      0.013,
      -0.046,
      -0.097,
      -0.258,
      -0.103,
      -0.224,
      -0.035
    ],
    [
      -0.05,
      0.077,
      0.493,
      0.268,
      0.254,
      0.055,
      0.699,
      0.053,
      0.059,
      0.127,
      -0.069,
      -0.016,
      0.059,
      0.317,
      0.045,
      0.346,
      0.105,
      0.229,
      0.209,
      0.197,
      0.329,
      0.035,
      -0.046,
      0.157,
      -0.075,
      0.112,
      0.064,
      1.0,
      0.15,
      0.309,
      0.129,
      0.029,
      0.037,
      0.146,
      0.112,
      -0.053,
      0.285,
      0.186,
      0.027,
      0.32,
      0.213,
      0.232,
      0.105,
      0.063,
      0.295,
      0.19,
      0.213,
      0.178,
      0.187,
      0.07,
      -0.057,
      -0.021,
      0.108,
      0.266,
      0.29,
      0.251,
      0.054,
      0.273,
      0.164,
      0.219
    ],
    [
      -0.033,
      0.463,
      0.199,
      0.219,
      0.198,
      0.156,
      0.27,
      0.053,
      0.174,
      -0.048,
      -0.063,
      -0.057,
      0.223,
      -0.053,
      0.14,
      -0.035,
      0.171,
      0.266,
      0.113,
      0.269,
      0.303,
      0.411,
      -0.224,
      0.432,
      0.038,
      0.206,
      -0.17,
      0.15,
      1.0,
      0.2,
      0.46,
      0.253,
      0.468,
      0.234,
      0.336,
      0.099,
      0.066,
      -0.016,
      -0.039,
      0.156,
      0.191,
      0.222,
      0.44,
      0.393,
      -0.018,
      0.684,
      0.589,
      -0.006,
      0.342,
      0.562,
      0.14,
      0.161,
      0.266,
      0.209,
      0.409,
      0.064,
      0.463,
      0.142,
      0.393,
      -0.1
    ],
    [
      0.037,
      0.1,
      0.283,
      0.218,
      0.249,
      0.027,
      0.317,
      0.003,
      0.059,
      0.155,
      -0.093,
      -0.098,
      0.038,
      0.179,
      0.062,
      0.124,
      0.085,
      0.138,
      0.106,
      0.203,
      0.333,
      0.125,
      -0.001,
      0.105,
      0.015,
      0.188,
      -0.065,
      0.309,
      0.2,
      1.0,
      0.202,
      0.096,
      0.128,
      0.236,
      0.207,
      0.003,
      0.243,
      0.199,
      0.054,
      0.248,
      0.254,
      0.17,
      0.164,
      0.12,
      0.23,
      0.242,
      0.218,
      0.146,
      0.195,
      0.219,
      0.079,
      0.179,
      0.128,
      0.159,
      0.174,
      0.195,
      0.11,
      0.2,
      0.207,
      0.128
    ],
    [
      0.104,
      0.456,
      0.161,
      0.293,
      0.158,
      0.155,
      0.234,
      0.094,
      0.175,
      -0.099,
      -0.039,
      -0.065,
      0.198,
      0.076,
      0.228,
      0.095,
      0.245,
      0.234,
      0.083,
      0.144,
      0.27,
      0.452,
      -0.191,
      0.44,
      0.064,
      0.293,
      -0.139,
      0.129,
      0.46,
      0.202,
      1.0,
      0.166,
      0.437,
      0.119,
      0.396,
      0.001,
      0.11,
      0.072,
      -0.072,
      0.128,
      0.168,
      0.184,
      0.378,
      0.397,
      0.024,
      0.546,
      0.48,
      0.017,
      0.391,
      0.526,
      0.106,
      0.151,
      0.342,
      0.224,
      0.225,
      0.045,
      0.408,
      0.137,
      0.352,
      0.018
    ],
    [
      0.019,
      0.277,
      0.093,
      0.077,
      0.075,
      0.194,
      0.114,
      0.138,
      0.117,
      -0.011,
      0.016,
      0.089,
      0.189,
      -0.006,
      0.093,
      -0.008,
      0.12,
      0.057,
      -0.003,
      0.168,
      0.242,
      0.214,
      -0.159,
      0.281,
      0.015,
      0.155,
      -0.099,
      0.029,
      0.253,
      0.096,
      0.166,
      1.0,
      0.217,
      0.172,
      0.179,
      0.206,
      0.005,
      -0.017,
      0.024,
      0.034,
      0.088,
      0.113,
      0.296,
      0.294,
      -0.05,
      0.268,
      0.286,
      -0.03,
      0.184,
      0.294,
      0.127,
      0.141,
      0.208,
      0.035,
      0.165,
      -0.059,
      0.182,
      0.025,
      0.199,
      -0.027
    ],
    [
      0.013,
      0.77,
      0.153,
      0.145,
      0.272,
      0.164,
      0.259,
      0.137,
      0.308,
      -0.141,
      -0.062,
      -0.075,
      0.137,
      0.068,
      0.285,
      -0.034,
      0.132,
      0.222,
      -0.089,
      0.261,
      0.238,
      0.532,
      -0.194,
      0.338,
      0.083,
      0.264,
      -0.15,
      0.037,
      0.468,
      0.128,
      0.437,
      0.217,
      1.0,
      0.293,
      0.147,
      0.143,
      0.102,
      0.166,
      -0.035,
      -0.001,
      0.371,
      0.199,
      0.665,
      0.339,
      0.069,
      0.513,
      0.3,
      0.019,
      0.236,
      0.741,
      0.089,
      0.161,
      0.337,
      0.15,
      0.444,
      -0.07,
      0.291,
      0.135,
      0.211,
      0.019
    ],
    [
      0.055,
      0.315,
      0.309,
      0.232,
      0.434,
      0.156,
      0.258,
      0.066,
      0.12,
      0.207,
      0.005,
      -0.007,
      -0.138,
      0.138,
      0.128,
      0.096,
      0.169,
      0.174,
      0.063,
      0.196,
      0.239,
      0.235,
      -0.144,
      0.105,
      0.023,
      0.119,
      -0.126,
      0.146,
      0.234,
      0.236,
      0.119,
      0.172,
      0.293,
      1.0,
      0.199,
      0.016,
      0.327,
      0.184,
      0.099,
      0.145,
      0.374,
      0.288,
      0.309,
      0.206,
      0.079,
      0.293,
      0.236,
      0.14,
      0.036,
      0.311,
      0.088,
      0.017,
      0.18,
      0.085,
      0.315,
      0.1,
      0.033,
      0.213,
      0.12,
      0.05
    ],
    [
      0.078,
      0.198,
      0.172,
      0.324,
      0.166,
      0.205,
      0.145,
      -0.005,
      0.137,
      -0.009,
      -0.058,
      -0.132,
      0.221,
      0.03,
      0.103,
      0.153,
      0.238,
      0.161,
      0.122,
      0.182,
      0.143,
      0.251,
      -0.145,
      0.248,
      0.044,
      0.312,
      -0.08,
      0.112,
      0.336,
      0.207,
      0.396,
      0.179,
      0.147,
      0.199,
      1.0,
      0.075,
      0.119,
      0.051,
      -0.041,
      0.122,
      0.063,
      0.138,
      0.22,
      0.33,
      0.087,
      0.396,
      0.44,
      0.166,
      0.224,
      0.253,
      0.1,
      0.11,
      0.344,
      0.231,
      0.16,
      0.091,
      0.397,
      0.089,
      0.35,
      0.031
    ],
    [
      0.125,
      0.144,
      0.152,
      -0.032,
      0.072,
      -0.003,
      0.045,
      0.073,
      0.24,
      -0.034,
      0.137,
      0.085,
      0.123,
      -0.087,
      0.18,
      -0.088,
      0.003,
      0.097,
      0.071,
      0.115,
      0.149,
      0.082,
      -0.112,
      0.144,
      0.076,
      -0.085,
      -0.102,
      -0.053,
      0.099,
      0.003,
      0.001,
      0.206,
      0.143,
      0.016,
      0.075,
      1.0,
      -0.038,
      -0.347,
      0.01,
      0.047,
      -0.017,
      0.034,
      0.152,
      0.073,
      0.037,
      0.146,
      0.119,
      -0.028,
      0.023,
      0.148,
      0.079,
      0.163,
      0.065,
      0.123,
      0.025,
      -0.033,
      0.11,
      0.097,
      0.126,
      -0.095
    ],
    [
      0.056,
      0.004,
      0.296,
      0.204,
      0.296,
      0.081,
      0.311,
      0.04,
      0.142,
      0.317,
      -0.103,
      -0.043,
      -0.155,
      0.481,
      -0.078,
      0.342,
      0.138,
      -0.052,
      0.148,
      0.073,
      0.138,
      0.105,
      -0.04,
      0.018,
      -0.05,
      0.057,
      -0.077,
      0.285,
      0.066,
      0.243,
      0.11,
      0.005,
      0.102,
      0.327,
      0.119,
      -0.038,
      1.0,
      0.342,
      0.178,
      0.06,
      0.366,
      0.072,
      0.14,
      -0.011,
      0.354,
      0.123,
      0.022,
      0.195,
      0.067,
      0.132,
      0.078,
      0.099,
      0.105,
      0.064,
      0.207,
      0.345,
      -0.016,
      0.137,
      0.15,
      0.404
    ],
    [
      0.015,
      0.129,
      0.203,
      0.195,
      0.206,
      0.052,
      0.242,
      0.032,
      0.046,
      0.264,
      -0.075,
      -0.047,
      -0.188,
      0.529,
      0.042,
      0.228,
      0.063,
      0.057,
      0.267,
      0.108,
      0.117,
      0.121,
      0.002,
      0.093,
      -0.074,
      0.139,
      -0.024,
      0.186,
      -0.016,
      0.199,
      0.072,
      -0.017,
      0.166,
      0.184,
      0.051,
      -0.347,
      0.342,
      1.0,
      0.087,
      0.054,
      0.231,
      0.221,
      0.152,
      0.027,
      0.435,
      0.051,
      -0.036,
      0.273,
      0.12,
      0.182,
      -0.035,
      0.008,
      0.015,
      -0.009,
      0.212,
      0.272,
      -0.037,
      0.133,
      0.037,
      0.451
    ],
    [
      0.103,
      -0.008,
      0.111,
      0.125,
      0.217,
      0.146,
      0.036,
      0.009,
      0.064,
      0.039,
      0.025,
      0.103,
      -0.062,
      0.07,
      0.059,
      0.098,
      0.091,
      -0.008,
      0.118,
      0.094,
      0.035,
      -0.024,
      0.005,
      -0.105,
      -0.021,
      -0.003,
      0.036,
      0.027,
      -0.039,
      0.054,
      -0.072,
      0.024,
      -0.035,
      0.099,
      -0.041,
      0.01,
      0.178,
      0.087,
      1.0,
      0.026,
      0.023,
      -0.016,
      0.078,
      0.022,
      0.109,
      -0.03,
      0.012,
      0.387,
      0.045,
      0.018,
      0.027,
      0.104,
      -0.058,
      -0.099,
      0.048,
      0.035,
      -0.048,
      0.022,
      -0.044,
      0.033
    ],
    [
      -0.02,
      0.035,
      0.371,
      0.197,
      0.171,
      0.135,
      0.285,
      -0.039,
      0.131,
      0.065,
      -0.08,
      0.075,
      0.118,
      0.04,
      0.109,
      0.136,
      0.064,
      0.191,
      0.21,
      0.091,
      0.346,
      -0.012,
      0.034,
      0.182,
      0.086,
      -0.106,
      0.049,
      0.32,
      0.156,
      0.248,
      0.128,
      0.034,
      -0.001,
      0.145,
      0.122,
      0.047,
      0.06,
      0.054,
      0.026,
      1.0,
      0.034,
      0.083,
      0.006,
      0.065,
      0.107,
      0.224,
      0.232,
      0.097,
      0.209,
      0.113,
      0.088,
      -0.029,
      -0.072,
      0.264,
      0.177,
      0.134,
      0.1,
      0.153,
      0.167,
      0.065
    ],
    [
      -0.051,
      0.334,
      0.125,
      0.145,
      0.292,
      0.05,
      0.349,
      0.111,
      0.162,
      0.053,
      -0.09,
      -0.192,
      -0.116,
      0.268,
      0.139,
      0.047,
      0.139,
      0.177,
      -0.065,
      0.242,
      0.206,
      0.27,
      -0.071,
      0.103,
      0.046,
      0.105,
      -0.059,
      0.213,
      0.191,
      0.254,
      0.168,
      0.088,
      0.371,
      0.374,
      0.063,
      -0.017,
      0.366,
      0.231,
      0.023,
      0.034,
      1.0,
      0.173,
      0.394,
      0.13,
      0.075,
      0.215,
      0.065,
      0.057,
      0.108,
      0.365,
      0.046,
      0.177,
      0.225,
      0.13,
      0.615,
      0.106,
      0.035,
      0.031,
      0.147,
      0.093
    ],
    [
      0.068,
      0.254,
      0.301,
      0.199,
      0.199,
      0.06,
      0.301,
      0.076,
      0.042,
      0.181,
      0.144,
      -0.039,
      0.109,
      0.111,
      0.153,
      0.043,
      -0.008,
      0.248,
      0.056,
      0.098,
      0.313,
      0.192,
      -0.132,
      0.148,
      0.048,
      0.068,
      -0.037,
      0.232,
      0.222,
      0.17,
      0.184,
      0.113,
      0.199,
      0.288,
      0.138,
      0.034,
      0.072,
      0.221,
      -0.016,
      0.083,
      0.173,
      1.0,
      0.145,
      0.093,
      0.234,
      0.147,
      0.151,
      0.21,
      0.061,
      0.187,
      -0.08,
      0.045,
      0.152,
      0.128,
      0.262,
      0.112,
      0.073,
      0.365,
      0.118,
      0.08
    ],
    [
      0.051,
      0.707,
      0.067,
      0.232,
      0.341,
      0.143,
      0.28,
      0.118,
      0.157,
      -0.136,
      -0.053,
      -0.15,
      0.025,
      0.142,
      0.224,
      -0.067,
      0.113,
      0.201,
      -0.05,
      0.291,
      0.224,
      0.43,
      -0.19,
      0.276,
      0.044,
      0.245,
      -0.163,
      0.105,
      0.44,
      0.164,
      0.378,
      0.296,
      0.665,
      0.309,
      0.22,
      0.152,
      0.14,
      0.152,
      0.078,
      0.006,
      0.394,
      0.145,
      1.0,
      0.345,
      0.043,
      0.457,
      0.317,
      0.073,
      0.234,
      0.692,
      0.137,
      0.205,
      0.293,
      0.141,
      0.434,
      -0.071,
      0.28,
      0.057,
      0.282,
      0.017
    ],
    [
      0.05,
      0.334,
      0.154,
      0.223,
      0.139,
      0.221,
      0.19,
      0.171,
      0.05,
      0.018,
      0.044,
      -0.032,
      0.145,
      -0.079,
      0.187,
      0.129,
      0.302,
      0.145,
      0.118,
      0.215,
      0.229,
      0.36,
      -0.284,
      0.335,
      -0.098,
      0.333,
      -0.211,
      0.063,
      0.393,
      0.12,
      0.397,
      0.294,
      0.339,
      0.206,
      0.33,
      0.073,
      -0.011,
      0.027,
      0.022,
      0.065,
      0.13,
      0.093,
      0.345,
      1.0,
      0.012,
      0.418,
      0.379,
      0.016,
      0.369,
      0.434,
      0.123,
      0.112,
      0.356,
      0.243,
      0.264,
      0.049,
      0.361,
      0.107,
      0.344,
      -0.062
    ],
    [
      -0.013,
      -0.008,
      0.387,
      0.227,
      0.202,
      0.018,
      0.291,
      0.005,
      0.108,
      0.426,
      -0.038,
      -0.008,
      -0.043,
      0.564,
      -0.003,
      0.41,
      0.102,
      0.112,
      0.313,
      0.077,
      0.196,
      0.029,
      -0.067,
      0.037,
      -0.037,
      0.07,
      -0.089,
      0.295,
      -0.018,
      0.23,
      0.024,
      -0.05,
      0.069,
      0.079,
      0.087,
      0.037,
      0.354,
      0.435,
      0.109,
      0.107,
      0.075,
      0.234,
      0.043,
      0.012,
      1.0,
      0.011,
      0.006,
      0.261,
      0.081,
      0.077,
      0.109,
      0.013,
      0.015,
      0.102,
      0.055,
      0.241,
      -0.034,
      0.221,
      0.081,
      0.505
    ],
    [
      0.029,
      0.53,
      0.254,
      0.232,
      0.283,
      0.199,
      0.301,
      0.113,
      0.241,
      -0.113,
      -0.096,
      -0.012,
      0.183,
      0.005,
      0.205,
      0.007,
      0.272,
      0.264,
      0.102,
      0.309,
      0.277,
      0.447,
      -0.385,
      0.474,
      0.033,
      0.276,
      -0.205,
      0.19,
      0.684,
      0.242,
      0.546,
      0.268,
      0.513,
      0.293,
      0.396,
      0.146,
      0.123,
      0.051,
      -0.03,
      0.224,
      0.215,
      0.147,
      0.457,
      0.418,
      0.011,
      1.0,
      0.684,
      0.001,
      0.344,
      0.647,
      0.177,
      0.152,
      0.338,
      0.246,
      0.391,
      -0.029,
      0.532,
      0.173,
      0.442,
      -0.071
    ],
    [
      0.017,
      0.397,
      0.225,
      0.308,
      0.204,
      0.272,
      0.279,
      0.112,
      0.152,
      -0.126,
      -0.102,
      -0.005,
      0.276,
      -0.089,
      0.202,
      0.028,
      0.245,
      0.241,
      0.149,
      0.178,
      0.225,
      0.403,
      -0.36,
      0.413,
      0.103,
      0.197,
      -0.279,
      0.213,
      0.589,
      0.218,
      0.48,
      0.286,
      0.3,
      0.236,
      0.44,
      0.119,
      0.022,
      -0.036,
      0.012,
      0.232,
      0.065,
      0.151,
      0.317,
      0.379,
      0.006,
      0.684,
      1.0,
      0.105,
      0.465,
      0.432,
      0.189,
      0.088,
      0.226,
      0.183,
      0.248,
      0.009,
      0.485,
      0.132,
      0.414,
      -0.135
    ],
    [
      0.073,
      0.079,
      0.211,
      0.294,
      0.161,
      0.174,
      0.123,
      0.003,
      0.067,
      0.124,
      0.02,
      -0.075,
      -0.045,
      0.278,
      0.006,
      0.173,
      0.132,
      0.018,
      0.197,
      0.057,
      0.134,
      0.011,
      -0.05,
      -0.088,
      -0.043,
      -0.038,
      -0.036,
      0.178,
      -0.006,
      0.146,
      0.017,
      -0.03,
      0.019,
      0.14,
      0.166,
      -0.028,
      0.195,
      0.273,
      0.387,
      0.097,
      0.057,
      0.21,
      0.073,
      0.016,
      0.261,
      0.001,
      0.105,
      1.0,
      0.051,
      0.116,
      0.001,
      0.166,
      -0.069,
      0.002,
      0.112,
      0.125,
      0.032,
      0.189,
      0.024,
      0.245
    ],
    [
      -0.044,
      0.27,
      0.243,
      0.348,
      0.18,
      0.191,
      0.204,
      0.03,
      0.063,
      0.004,
      -0.04,
      0.034,
      0.311,
      0.027,
      0.106,
      0.075,
      0.201,
      0.177,
      0.164,
      0.118,
      0.16,
      0.226,
      -0.15,
      0.302,
      0.01,
      0.146,
      -0.075,
      0.187,
      0.342,
      0.195,
      0.391,
      0.184,
      0.236,
      0.036,
      0.224,
      0.023,
      0.067,
      0.12,
      0.045,
      0.209,
      0.108,
      0.061,
      0.234,
      0.369,
      0.081,
      0.344,
      0.465,
      0.051,
      1.0,
      0.363,
      0.096,
      0.084,
      0.239,
      0.188,
      0.208,
      0.099,
      0.362,
      0.066,
      0.369,
      -0.006
    ],
    [
      0.089,
      0.788,
      0.241,
      0.279,
      0.293,
      0.133,
      0.26,
