{
  "meta": {
    "generated_at": "2026-05-29T10:58:03+00:00",
    "n_tickers": 61,
    "n_clusters": 0,
    "redundant_threshold": 0.75
  },
  "tickers": [
    "NTO",
    "ABBNE",
    "ABNB",
    "ADYEN",
    "AMZN",
    "BFIT",
    "BN",
    "CBAV",
    "CELH",
    "CHKP",
    "COR",
    "COST",
    "CPR",
    "CRWD",
    "DNP",
    "DSGX",
    "EVD",
    "FERG",
    "FICO",
    "GOOG",
    "GRMN",
    "HLMA",
    "IPCO",
    "ITX",
    "JDG",
    "JFN",
    "KIST",
    "KKR",
    "KRX",
    "KSPI",
    "LIFCO B",
    "LOTB",
    "LR",
    "META",
    "MIPS",
    "MNST",
    "MSFT",
    "NET",
    "NFLX",
    "NKE",
    "NVDA",
    "OTLY",
    "PRY",
    "RAA",
    "S",
    "SGO",
    "SIKA",
    "SPOT",
    "STMN",
    "SU",
    "TFF",
    "TFPM",
    "TGYM",
    "TREX",
    "TSM",
    "VEEV",
    "VID",
    "VRLA",
    "VLTO",
    "WOSG",
    "ZS"
  ],
  "matrix_1y": [
    [
      1.0,
      0.079,
      -0.143,
      0.05,
      0.065,
      0.02,
      -0.047,
      -0.006,
      0.02,
      -0.032,
      0.198,
      0.036,
      -0.032,
      -0.016,
      -0.039,
      0.107,
      0.081,
      0.016,
      -0.098,
      0.074,
      -0.043,
      0.018,
      -0.061,
      0.089,
      -0.028,
      0.107,
      -0.058,
      -0.05,
      -0.032,
      0.039,
      0.109,
      0.02,
      0.013,
      0.055,
      0.08,
      0.129,
      0.046,
      0.004,
      0.108,
      -0.024,
      -0.056,
      0.069,
      0.046,
      0.051,
      -0.001,
      0.035,
      0.023,
      0.077,
      -0.029,
      0.091,
      -0.002,
      -0.056,
      0.087,
      -0.145,
      0.014,
      0.02,
      0.1,
      -0.095,
      0.123,
      0.02,
      -0.029
    ],
    [
      0.079,
      1.0,
      0.169,
      0.192,
      0.263,
      0.172,
      0.293,
      0.112,
      0.127,
      -0.146,
      -0.009,
      -0.091,
      0.142,
      0.044,
      0.284,
      -0.051,
      0.154,
      0.256,
      -0.078,
      0.311,
      0.285,
      0.522,
      -0.173,
      0.388,
      0.081,
      0.261,
      -0.106,
      0.077,
      0.461,
      0.1,
      0.455,
      0.274,
      0.769,
      0.315,
      0.198,
      0.145,
      0.001,
      0.124,
      -0.008,
      0.033,
      0.333,
      0.254,
      0.704,
      0.334,
      -0.008,
      0.528,
      0.397,
      0.078,
      0.265,
      0.788,
      0.091,
      0.118,
      0.301,
      0.197,
      0.449,
      -0.15,
      0.303,
      0.106,
      0.124,
      0.314,
      -0.048
    ],
    [
      -0.143,
      0.169,
      1.0,
      0.331,
      0.378,
      0.126,
      0.492,
      0.1,
      0.13,
      0.201,
      -0.001,
      -0.033,
      0.015,
      0.326,
      0.051,
      0.299,
      0.211,
      0.25,
      0.282,
      0.211,
      0.423,
      0.126,
      -0.142,
      0.223,
      0.037,
      0.076,
      -0.052,
      0.49,
      0.2,
      0.282,
      0.155,
      0.097,
      0.152,
      0.308,
      0.169,
      0.147,
      0.301,
      0.21,
      0.109,
      0.374,
      0.127,
      0.299,
      0.07,
      0.15,
      0.397,
      0.251,
      0.223,
      0.212,
      0.239,
      0.239,
      0.051,
      0.015,
      0.125,
      0.277,
      0.159,
      0.371,
      0.056,
      0.004,
      0.374,
      0.221,
      0.289
    ],
    [
      0.05,
      0.192,
      0.331,
      1.0,
      0.248,
      0.222,
      0.19,
      0.007,
      0.162,
      0.142,
      0.052,
      -0.031,
      0.07,
      0.202,
      0.04,
      0.162,
      0.175,
      0.174,
      0.256,
      0.201,
      0.224,
      0.142,
      -0.104,
      0.164,
      0.005,
      0.256,
      -0.129,
      0.268,
      0.216,
      0.222,
      0.298,
      0.078,
      0.146,
      0.232,
      0.325,
      -0.025,
      0.186,
      0.176,
      0.134,
      0.19,
      0.135,
      0.201,
      0.228,
      0.226,
      0.26,
      0.237,
      0.311,
      0.302,
      0.355,
      0.281,
      0.085,
      0.143,
      0.243,
      0.102,
      0.231,
      0.349,
      0.207,
      0.028,
      0.257,
      0.246,
      0.159
    ],
    [
      0.065,
      0.263,
      0.378,
      0.248,
      1.0,
      0.107,
      0.348,
      0.05,
      0.181,
      0.009,
      -0.131,
      -0.01,
      -0.002,
      0.179,
      0.098,
      0.08,
      0.208,
      0.201,
      0.118,
      0.388,
      0.258,
      0.183,
      -0.057,
      0.179,
      0.069,
      0.11,
      -0.012,
      0.253,
      0.198,
      0.249,
      0.156,
      0.077,
      0.272,
      0.434,
      0.165,
      0.071,
      0.296,
      0.207,
      0.217,
      0.172,
      0.293,
      0.198,
      0.343,
      0.138,
      0.212,
      0.281,
      0.203,
      0.163,
      0.179,
      0.292,
      0.131,
      0.065,
      0.181,
      0.19,
      0.328,
      0.195,
      0.068,
      0.047,
      0.127,
      0.173,
      0.098
    ],
    [
      0.02,
      0.172,
      0.126,
      0.222,
      0.107,
      1.0,
      0.088,
      -0.001,
      0.024,
      -0.131,
      -0.038,
      0.027,
      0.183,
      0.009,
      0.153,
      0.057,
      0.205,
      0.02,
      0.057,
      0.093,
      0.066,
      0.152,
      -0.192,
      0.16,
      0.014,
      0.106,
      -0.162,
      0.054,
      0.158,
      0.027,
      0.157,
      0.198,
      0.164,
      0.156,
      0.205,
      -0.002,
      0.08,
      0.051,
      0.148,
      0.135,
      0.046,
      0.06,
      0.141,
      0.223,
      0.03,
      0.204,
      0.275,
      0.179,
      0.2,
      0.135,
      0.044,
      0.075,
      0.196,
      0.1,
      0.069,
      0.096,
      0.327,
      0.065,
      0.064,
      0.159,
      -0.014
    ],
    [
      -0.047,
      0.293,
      0.492,
      0.19,
      0.348,
      0.088,
      1.0,
      0.052,
      0.104,
      0.042,
      -0.093,
      -0.012,
      0.05,
      0.265,
      0.178,
      0.288,
      0.162,
      0.4,
      0.231,
      0.309,
      0.432,
      0.288,
      -0.152,
      0.226,
      0.055,
      0.136,
      -0.072,
      0.699,
      0.27,
      0.317,
      0.233,
      0.114,
      0.259,
      0.258,
      0.145,
      0.045,
      0.308,
      0.24,
      0.036,
      0.284,
      0.351,
      0.301,
      0.28,
      0.19,
      0.3,
      0.301,
      0.279,
      0.123,
      0.204,
      0.26,
      -0.008,
      0.105,
      0.191,
      0.329,
      0.436,
      0.213,
      0.15,
      0.083,
      0.215,
      0.289,
      0.176
    ],
    [
      -0.006,
      0.112,
      0.1,
      0.007,
      0.05,
      -0.001,
      0.052,
      1.0,
      0.156,
      -0.027,
      0.07,
      0.013,
      0.103,
      0.03,
      0.029,
      0.051,
      0.094,
      0.088,
      -0.022,
      0.1,
      0.064,
      0.129,
      -0.106,
      0.152,
      -0.054,
      0.025,
      -0.066,
      0.045,
      0.056,
      0.001,
      0.081,
      0.151,
      0.133,
      0.064,
      -0.011,
      0.058,
      0.072,
      0.066,
      0.003,
      -0.019,
      0.11,
      0.072,
      0.129,
      0.166,
      0.012,
      0.108,
      0.106,
      0.009,
      0.023,
      0.116,
      0.038,
      0.018,
      0.07,
      0.079,
      0.057,
      0.005,
      0.063,
      -0.004,
      0.113,
      0.036,
      -0.071
    ],
    [
      0.02,
      0.127,
      0.13,
      0.162,
      0.181,
      0.024,
      0.104,
      0.156,
      1.0,
      -0.011,
      0.033,
      0.098,
      0.089,
      -0.045,
      0.138,
      0.085,
      0.069,
      0.161,
      0.011,
      0.145,
      0.174,
      0.154,
      -0.1,
      0.246,
      0.066,
      0.029,
      -0.031,
      0.055,
      0.172,
      0.06,
      0.167,
      0.127,
      0.305,
      0.119,
      0.133,
      0.235,
      0.153,
      0.057,
      0.065,
      0.139,
      0.157,
      0.041,
      0.166,
      0.045,
      0.131,
      0.237,
      0.149,
      0.076,
      0.058,
      0.2,
      0.086,
      0.067,
      0.017,
      0.105,
      0.251,
      0.139,
      0.054,
      0.169,
      0.177,
      0.097,
      0.002
    ],
    [
      -0.032,
      -0.146,
      0.201,
      0.142,
      0.009,
      -0.131,
      0.042,
      -0.027,
      -0.011,
      1.0,
      0.11,
      0.008,
      -0.056,
      0.367,
      -0.116,
      0.325,
      0.072,
      -0.097,
      0.235,
      -0.199,
      0.236,
      -0.075,
      0.107,
      0.004,
      -0.015,
      0.031,
      0.011,
      0.125,
      -0.047,
      0.154,
      -0.103,
      -0.006,
      -0.142,
      0.207,
      -0.012,
      -0.038,
      0.321,
      0.269,
      0.038,
      0.069,
      0.053,
      0.18,
      -0.132,
      0.015,
      0.442,
      -0.115,
      -0.128,
      0.126,
      0.001,
      -0.066,
      -0.028,
      -0.007,
      -0.064,
      0.027,
      -0.072,
      0.299,
      -0.079,
      -0.024,
      0.167,
      0.008,
      0.336
    ],
    [
      0.198,
      -0.009,
      -0.001,
      0.052,
      -0.131,
      -0.038,
      -0.093,
      0.07,
      0.033,
      0.11,
      1.0,
      0.161,
      -0.1,
      -0.0,
      0.163,
      0.046,
      0.06,
      -0.036,
      -0.017,
      -0.044,
      -0.022,
      -0.009,
      0.006,
      -0.184,
      -0.006,
      -0.069,
      0.04,
      -0.07,
      -0.063,
      -0.093,
      -0.039,
      0.017,
      -0.063,
      0.005,
      -0.058,
      0.136,
      -0.1,
      -0.073,
      0.025,
      -0.079,
      -0.092,
      0.144,
      -0.051,
      0.043,
      -0.035,
      -0.096,
      -0.102,
      0.021,
      -0.04,
      -0.017,
      -0.11,
      0.014,
      -0.158,
      -0.145,
      -0.075,
      -0.019,
      -0.105,
      -0.039,
      0.271,
      -0.046,
      0.027
    ],
    [
      0.036,
      -0.091,
      -0.033,
      -0.031,
      -0.01,
      0.027,
      -0.012,
      0.013,
      0.098,
      0.008,
      0.161,
      1.0,
      0.034,
      -0.017,
      0.085,
      0.027,
      0.068,
      -0.002,
      0.087,
      -0.042,
      0.002,
      0.006,
      -0.053,
      -0.03,
      0.091,
      0.01,
      0.034,
      -0.014,
      -0.056,
      -0.098,
      -0.061,
      0.084,
      -0.074,
      -0.006,
      -0.13,
      0.087,
      -0.049,
      -0.053,
      0.104,
      0.07,
      -0.192,
      -0.038,
      -0.154,
      -0.03,
      -0.015,
      -0.01,
      -0.004,
      -0.079,
      0.036,
      -0.161,
      -0.038,
      -0.024,
      -0.036,
      -0.021,
      -0.057,
      -0.013,
      -0.07,
      0.028,
      0.117,
      0.009,
      -0.002
    ],
    [
      -0.032,
      0.142,
      0.015,
      0.07,
      -0.002,
      0.183,
      0.05,
      0.103,
      0.089,
      -0.056,
      -0.1,
      0.034,
      1.0,
      -0.203,
      0.043,
      -0.01,
      0.134,
      0.149,
      -0.026,
      0.089,
      0.073,
      0.136,
      -0.117,
      0.199,
      0.032,
      0.058,
      0.051,
      0.059,
      0.224,
      0.038,
      0.199,
      0.188,
      0.137,
      -0.137,
      0.222,
      0.123,
      -0.155,
      -0.188,
      -0.063,
      0.116,
      -0.116,
      0.109,
      0.022,
      0.146,
      -0.048,
      0.184,
      0.277,
      -0.046,
      0.311,
      0.086,
      0.069,
      0.053,
      0.18,
      0.163,
      0.083,
      -0.037,
      0.322,
      0.095,
      -0.026,
      0.17,
      -0.175
    ],
    [
      -0.016,
      0.044,
      0.326,
      0.202,
      0.179,
      0.009,
      0.265,
      0.03,
      -0.045,
      0.367,
      -0.0,
      -0.017,
      -0.203,
      1.0,
      0.001,
      0.291,
      0.134,
      0.013,
      0.227,
      0.126,
      0.125,
      0.078,
      0.087,
      0.029,
      -0.05,
      0.125,
      0.018,
      0.316,
      -0.049,
      0.177,
      0.068,
      -0.002,
      0.066,
      0.138,
      0.026,
      -0.092,
      0.488,
      0.536,
      0.064,
      0.046,
      0.275,
      0.11,
      0.144,
      -0.083,
      0.568,
      0.002,
      -0.091,
      0.275,
      0.023,
      0.117,
      0.059,
      0.099,
      -0.016,
      -0.017,
      0.117,
      0.36,
      -0.109,
      -0.041,
      0.184,
      0.067,
      0.665
    ],
    [
      -0.039,
      0.284,
      0.051,
      0.04,
      0.098,
      0.153,
      0.178,
      0.029,
      0.138,
      -0.116,
      0.163,
      0.085,
      0.043,
      0.001,
      1.0,
      -0.076,
      0.04,
      0.182,
      -0.012,
      0.214,
      0.196,
      0.243,
      -0.07,
      0.156,
      0.149,
      0.162,
      0.105,
      0.046,
      0.134,
      0.065,
      0.235,
      0.089,
      0.286,
      0.128,
      0.107,
      0.187,
      -0.094,
      0.024,
      0.067,
      0.1,
      0.13,
      0.154,
      0.221,
      0.191,
      0.017,
      0.209,
      0.203,
      0.011,
      0.11,
      0.217,
      0.167,
      0.263,
      0.121,
      0.065,
      0.204,
      -0.187,
      0.105,
      0.032,
      0.025,
      0.082,
      -0.103
    ],
    [
      0.107,
      -0.051,
      0.299,
      0.162,
      0.08,
      0.057,
      0.288,
      0.051,
      0.085,
      0.325,
      0.046,
      0.027,
      -0.01,
      0.291,
      -0.076,
      1.0,
      0.133,
      0.03,
      0.29,
      0.004,
      0.235,
      0.049,
      -0.031,
      0.048,
      -0.067,
      -0.033,
      -0.072,
      0.343,
      -0.034,
      0.122,
      0.088,
      -0.003,
      -0.036,
      0.096,
      0.149,
      -0.092,
      0.35,
      0.237,
      0.095,
      0.141,
      0.05,
      0.042,
      -0.063,
      0.125,
      0.419,
      0.004,
      0.026,
      0.174,
      0.071,
      -0.028,
      -0.008,
      -0.081,
      -0.135,
      0.107,
      -0.026,
      0.381,
      -0.086,
      -0.043,
      0.261,
      0.058,
      0.331
    ],
    [
      0.081,
      0.154,
      0.211,
      0.175,
      0.208,
      0.205,
      0.162,
      0.094,
      0.069,
      0.072,
      0.06,
      0.068,
      0.134,
      0.134,
      0.04,
      0.133,
      1.0,
      0.016,
      0.113,
      0.213,
      0.159,
      0.152,
      -0.287,
      0.175,
      -0.008,
      0.245,
      -0.166,
      0.104,
      0.18,
      0.085,
      0.245,
      0.124,
      0.129,
      0.169,
      0.23,
      0.003,
      0.138,
      0.064,
      0.091,
      0.066,
      0.139,
      -0.008,
      0.094,
      0.3,
      0.108,
      0.281,
      0.25,
      0.133,
      0.235,
      0.233,
      0.071,
      -0.01,
      0.151,
      0.102,
      0.138,
      0.027,
      0.283,
      0.032,
      0.102,
      0.267,
      0.079
    ],
    [
      0.016,
      0.256,
      0.25,
      0.174,
      0.201,
      0.02,
      0.4,
      0.088,
      0.161,
      -0.097,
      -0.036,
      -0.002,
      0.149,
      0.013,
      0.182,
      0.03,
      0.016,
      1.0,
      0.076,
      0.152,
      0.294,
      0.178,
      -0.057,
      0.128,
      0.089,
      0.058,
      -0.067,
      0.23,
      0.265,
      0.139,
      0.237,
      0.053,
      0.223,
      0.173,
      0.162,
      0.1,
      -0.059,
      0.049,
      -0.006,
      0.186,
      0.176,
      0.248,
      0.199,
      0.147,
      0.117,
      0.266,
      0.242,
      0.018,
      0.178,
      0.221,
      0.141,
      0.193,
      0.112,
      0.335,
      0.349,
      0.058,
      0.151,
      0.027,
      0.167,
      0.113,
      -0.054
    ],
    [
      -0.098,
      -0.078,
      0.282,
      0.256,
      0.118,
      0.057,
      0.231,
      -0.022,
      0.011,
      0.235,
      -0.017,
      0.087,
      -0.026,
      0.227,
      -0.012,
      0.29,
      0.113,
      0.076,
      1.0,
      0.091,
      0.169,
      -0.032,
      -0.005,
      0.065,
      -0.024,
      0.067,
      -0.049,
      0.206,
      0.11,
      0.108,
      0.08,
      0.004,
      -0.09,
      0.063,
      0.121,
      0.07,
      0.15,
      0.267,
      0.122,
      0.214,
      -0.073,
      0.056,
      -0.044,
      0.116,
      0.346,
      0.101,
      0.148,
      0.206,
      0.162,
      0.006,
      0.119,
      -0.012,
      -0.088,
      0.082,
      -0.09,
      0.318,
      0.08,
      0.044,
      0.272,
      0.104,
      0.247
    ],
    [
      0.074,
      0.311,
      0.211,
      0.201,
      0.388,
      0.093,
      0.309,
      0.1,
      0.145,
      -0.199,
      -0.044,
      -0.042,
      0.089,
      0.126,
      0.214,
      0.004,
      0.213,
      0.152,
      0.091,
      1.0,
      0.17,
      0.144,
      -0.164,
      0.21,
      0.018,
      0.126,
      -0.059,
      0.197,
      0.27,
      0.202,
      0.144,
      0.166,
      0.261,
      0.196,
      0.182,
      0.115,
      0.073,
      0.107,
      0.092,
      0.091,
      0.245,
      0.098,
      0.289,
      0.215,
      0.073,
      0.309,
      0.178,
      0.055,
      0.118,
      0.276,
      0.089,
      0.149,
      0.187,
      0.077,
      0.386,
      -0.024,
      0.131,
      0.053,
      0.099,
      0.237,
      0.067
    ],
    [
      -0.043,
      0.285,
      0.423,
      0.224,
      0.258,
      0.066,
      0.432,
      0.064,
      0.174,
      0.236,
      -0.022,
      0.002,
      0.073,
      0.125,
      0.196,
      0.235,
      0.159,
      0.294,
      0.169,
      0.17,
      1.0,
      0.252,
      -0.164,
      0.261,
      0.145,
      0.201,
      -0.047,
      0.329,
      0.302,
      0.333,
      0.271,
      0.24,
      0.238,
      0.239,
      0.144,
      0.15,
      0.132,
      0.111,
      0.037,
      0.342,
      0.205,
      0.313,
      0.223,
      0.23,
      0.205,
      0.278,
      0.226,
      0.135,
      0.161,
      0.327,
      0.063,
      0.235,
      0.134,
      0.315,
      0.311,
      0.12,
      0.162,
      0.089,
      0.32,
      0.208,
      0.076
    ],
    [
      0.018,
      0.522,
      0.126,
      0.142,
      0.183,
      0.152,
      0.288,
      0.129,
      0.154,
      -0.075,
      -0.009,
      0.006,
      0.136,
      0.078,
      0.243,
      0.049,
      0.152,
      0.178,
      -0.032,
      0.144,
      0.252,
      1.0,
      -0.241,
      0.34,
      0.099,
      0.275,
      -0.166,
      0.035,
      0.414,
      0.125,
      0.451,
      0.217,
      0.532,
      0.235,
      0.25,
      0.082,
      0.104,
      0.119,
      -0.024,
      -0.012,
      0.272,
      0.192,
      0.428,
      0.358,
      0.028,
      0.446,
      0.406,
      0.01,
      0.229,
      0.526,
      0.036,
      0.167,
      0.34,
      0.157,
      0.308,
      0.034,
      0.292,
      0.105,
      0.142,
      0.282,
      -0.012
    ],
    [
      -0.061,
      -0.173,
      -0.142,
      -0.104,
      -0.057,
      -0.192,
      -0.152,
      -0.106,
      -0.1,
      0.107,
      0.006,
      -0.053,
      -0.117,
      0.087,
      -0.07,
      -0.031,
      -0.287,
      -0.057,
      -0.005,
      -0.164,
      -0.164,
      -0.241,
      1.0,
      -0.223,
      -0.037,
      -0.186,
      0.348,
      -0.046,
      -0.227,
      -0.002,
      -0.195,
      -0.158,
      -0.194,
      -0.144,
      -0.146,
      -0.114,
      -0.035,
      0.006,
      0.004,
      0.037,
      -0.071,
      -0.133,
      -0.182,
      -0.288,
      -0.066,
      -0.39,
      -0.364,
      -0.05,
      -0.163,
      -0.227,
      -0.091,
      -0.063,
      -0.231,
      -0.104,
      -0.178,
      0.093,
      -0.294,
      -0.023,
      -0.076,
      -0.255,
      0.086
    ],
    [
      0.089,
      0.388,
      0.223,
      0.164,
      0.179,
      0.16,
      0.226,
      0.152,
      0.246,
      0.004,
      -0.184,
      -0.03,
      0.199,
      0.029,
      0.156,
      0.048,
      0.175,
      0.128,
      0.065,
      0.21,
      0.261,
      0.34,
      -0.223,
      1.0,
      0.097,
      0.304,
      -0.121,
      0.154,
      0.431,
      0.105,
      0.435,
      0.287,
      0.338,
      0.105,
      0.246,
      0.141,
      0.025,
      0.099,
      -0.104,
      0.186,
      0.099,
      0.147,
      0.281,
      0.334,
      0.053,
      0.472,
      0.411,
      -0.082,
      0.297,
      0.507,
      0.061,
      0.053,
      0.245,
      0.197,
      0.214,
      0.089,
      0.414,
      0.216,
      0.134,
      0.39,
      -0.066
    ],
    [
      -0.028,
      0.081,
      0.037,
      0.005,
      0.069,
      0.014,
      0.055,
      -0.054,
      0.066,
      -0.015,
      -0.006,
      0.091,
      0.032,
      -0.05,
      0.149,
      -0.067,
      -0.008,
      0.089,
      -0.024,
      0.018,
      0.145,
      0.099,
      -0.037,
      0.097,
      1.0,
      -0.058,
      0.045,
      -0.073,
      0.038,
      0.015,
      0.067,
      0.01,
      0.084,
      0.023,
      0.046,
      0.079,
      -0.056,
      -0.081,
      -0.021,
      0.081,
      0.047,
      0.049,
      0.039,
      -0.096,
      -0.046,
      0.034,
      0.104,
      -0.046,
      0.013,
      0.032,
      0.065,
      0.05,
      0.063,
      0.067,
      0.088,
      -0.084,
      0.054,
      -0.044,
      -0.061,
      0.004,
      -0.041
    ],
    [
      0.107,
      0.261,
      0.076,
      0.256,
      0.11,
      0.106,
      0.136,
      0.025,
      0.029,
      0.031,
      -0.069,
      0.01,
      0.058,
      0.125,
      0.162,
      -0.033,
      0.245,
      0.058,
      0.067,
      0.126,
      0.201,
      0.275,
      -0.186,
      0.304,
      -0.058,
      1.0,
      -0.129,
      0.113,
      0.21,
      0.188,
      0.298,
      0.154,
      0.265,
      0.119,
      0.313,
      -0.083,
      0.053,
      0.134,
      -0.003,
      -0.108,
      0.104,
      0.068,
      0.236,
      0.337,
      0.07,
      0.283,
      0.201,
      -0.038,
      0.16,
      0.249,
      0.115,
      0.135,
      0.36,
      0.016,
      0.119,
      -0.057,
      0.304,
      0.041,
      0.058,
      0.298,
      0.044
    ],
    [
      -0.058,
      -0.106,
      -0.052,
      -0.129,
      -0.012,
      -0.162,
      -0.072,
      -0.066,
      -0.031,
      0.011,
      0.04,
      0.034,
      0.051,
      0.018,
      0.105,
      -0.072,
      -0.166,
      -0.067,
      -0.049,
      -0.059,
      -0.047,
      -0.166,
      0.348,
      -0.121,
      0.045,
      -0.129,
      1.0,
      0.064,
      -0.171,
      -0.063,
      -0.135,
      -0.098,
      -0.148,
      -0.127,
      -0.078,
      -0.101,
      -0.079,
      -0.027,
      0.04,
      0.048,
      -0.064,
      -0.037,
      -0.163,
      -0.207,
      -0.08,
      -0.201,
      -0.277,
      -0.033,
      -0.069,
      -0.171,
      -0.06,
      -0.022,
      -0.131,
      0.012,
      -0.046,
      -0.138,
      -0.254,
      -0.071,
      -0.103,
      -0.223,
      -0.035
    ],
    [
      -0.05,
      0.077,
      0.49,
      0.268,
      0.253,
      0.054,
      0.699,
      0.045,
      0.055,
      0.125,
      -0.07,
      -0.014,
      0.059,
      0.316,
      0.046,
      0.343,
      0.104,
      0.23,
      0.206,
      0.197,
      0.329,
      0.035,
      -0.046,
      0.154,
      -0.073,
      0.113,
      0.064,
      1.0,
      0.149,
      0.31,
      0.131,
      0.028,
      0.037,
      0.146,
      0.113,
      -0.051,
      0.277,
      0.179,
      0.03,
      0.317,
      0.21,
      0.232,
      0.105,
      0.064,
      0.313,
      0.191,
      0.214,
      0.181,
      0.188,
      0.071,
      -0.058,
      -0.02,
      0.11,
      0.265,
      0.29,
      0.266,
      0.055,
      0.049,
      0.273,
      0.163,
      0.218
    ],
    [
      -0.032,
      0.461,
      0.2,
      0.216,
      0.198,
      0.158,
      0.27,
      0.056,
      0.172,
      -0.047,
      -0.063,
      -0.056,
      0.224,
      -0.049,
      0.134,
      -0.034,
      0.18,
      0.265,
      0.11,
      0.27,
      0.302,
      0.414,
      -0.227,
      0.431,
      0.038,
      0.21,
      -0.171,
      0.149,
      1.0,
      0.201,
      0.459,
      0.257,
      0.467,
      0.234,
      0.335,
      0.099,
      0.067,
      -0.015,
      -0.037,
      0.157,
      0.188,
      0.222,
      0.439,
      0.394,
      -0.007,
      0.685,
      0.59,
      -0.001,
      0.345,
      0.562,
      0.141,
      0.162,
      0.263,
      0.209,
      0.409,
      0.049,
      0.465,
      0.177,
      0.14,
      0.392,
      -0.099
    ],
    [
      0.039,
      0.1,
      0.282,
      0.222,
      0.249,
      0.027,
      0.317,
      0.001,
      0.06,
      0.154,
      -0.093,
      -0.098,
      0.038,
      0.177,
      0.065,
      0.122,
      0.085,
      0.139,
      0.108,
      0.202,
      0.333,
      0.125,
      -0.002,
      0.105,
      0.015,
      0.188,
      -0.063,
      0.31,
      0.201,
      1.0,
      0.202,
      0.094,
      0.129,
      0.236,
      0.207,
      0.004,
      0.239,
      0.195,
      0.053,
      0.246,
      0.257,
      0.17,
      0.162,
      0.121,
      0.231,
      0.243,
      0.218,
      0.144,
      0.195,
      0.219,
      0.079,
      0.178,
      0.129,
      0.159,
      0.175,
      0.234,
      0.11,
      0.126,
      0.201,
      0.208,
      0.126
    ],
    [
      0.109,
      0.455,
      0.155,
      0.298,
      0.156,
      0.157,
      0.233,
      0.081,
      0.167,
      -0.103,
      -0.039,
      -0.061,
      0.199,
      0.068,
      0.235,
      0.088,
      0.245,
      0.237,
      0.08,
      0.144,
      0.271,
      0.451,
      -0.195,
      0.435,
      0.067,
      0.298,
      -0.135,
      0.131,
      0.459,
      0.202,
      1.0,
      0.161,
      0.436,
      0.119,
      0.397,
      0.005,
      0.097,
      0.059,
      -0.07,
      0.121,
      0.166,
      0.184,
      0.37,
      0.399,
      0.023,
      0.547,
      0.481,
      0.015,
      0.393,
      0.526,
      0.104,
      0.151,
      0.345,
      0.22,
      0.224,
      0.034,
      0.41,
      0.131,
      0.14,
      0.351,
      0.014
    ],
    [
      0.02,
      0.274,
      0.097,
      0.078,
      0.077,
      0.198,
      0.114,
      0.151,
      0.127,
      -0.006,
      0.017,
      0.084,
      0.188,
      -0.002,
      0.089,
      -0.003,
      0.124,
      0.053,
      0.004,
      0.166,
      0.24,
      0.217,
      -0.158,
      0.287,
      0.01,
      0.154,
      -0.098,
      0.028,
      0.257,
      0.094,
      0.161,
      1.0,
      0.216,
      0.172,
      0.176,
      0.201,
      0.016,
      -0.004,
      0.019,
      0.039,
      0.095,
      0.112,
      0.294,
      0.293,
      -0.066,
      0.267,
      0.285,
      -0.034,
      0.183,
      0.293,
      0.13,
      0.139,
      0.204,
      0.039,
      0.166,
      -0.026,
      0.181,
      0.163,
      0.023,
      0.202,
      -0.023
    ],
    [
      0.013,
      0.769,
      0.152,
      0.146,
      0.272,
      0.164,
      0.259,
      0.133,
      0.305,
      -0.142,
      -0.063,
      -0.074,
      0.137,
      0.066,
      0.286,
      -0.036,
      0.129,
      0.223,
      -0.09,
      0.261,
      0.238,
      0.532,
      -0.194,
      0.338,
      0.084,
      0.265,
      -0.148,
      0.037,
      0.467,
      0.129,
      0.436,
      0.216,
      1.0,
      0.293,
      0.148,
      0.144,
      0.097,
      0.16,
      -0.034,
      -0.003,
      0.371,
      0.199,
      0.662,
      0.339,
      0.072,
      0.512,
      0.301,
      0.019,
      0.235,
      0.741,
      0.089,
      0.161,
      0.337,
      0.149,
      0.444,
      -0.086,
      0.291,
      0.089,
      0.136,
      0.21,
      0.018
    ],
    [
      0.055,
      0.315,
      0.308,
      0.232,
      0.434,
      0.156,
      0.258,
      0.064,
      0.119,
      0.207,
      0.005,
      -0.006,
      -0.137,
      0.138,
      0.128,
      0.096,
      0.169,
      0.173,
      0.063,
      0.196,
      0.239,
      0.235,
      -0.144,
      0.105,
      0.023,
      0.119,
      -0.127,
      0.146,
      0.234,
      0.236,
      0.119,
      0.172,
      0.293,
      1.0,
      0.199,
      0.016,
      0.324,
      0.182,
      0.1,
      0.145,
      0.375,
      0.288,
      0.309,
      0.206,
      0.083,
      0.293,
      0.236,
      0.141,
      0.036,
      0.311,
      0.087,
      0.017,
      0.18,
      0.084,
      0.315,
      0.111,
      0.033,
      0.001,
      0.212,
      0.12,
      0.05
    ],
    [
      0.08,
      0.198,
      0.169,
      0.325,
      0.165,
      0.205,
      0.145,
      -0.011,
      0.133,
      -0.012,
      -0.058,
      -0.13,
      0.222,
      0.026,
      0.107,
      0.149,
      0.23,
      0.162,
      0.121,
      0.182,
      0.144,
      0.25,
      -0.146,
      0.246,
      0.046,
      0.313,
      -0.078,
      0.113,
      0.335,
      0.207,
      0.397,
      0.176,
      0.148,
      0.199,
      1.0,
      0.077,
      0.112,
      0.044,
      -0.039,
      0.118,
      0.063,
      0.139,
      0.216,
      0.33,
      0.086,
      0.396,
      0.441,
      0.165,
      0.223,
      0.253,
      0.099,
      0.111,
      0.346,
      0.229,
      0.16,
      0.085,
      0.397,
      0.117,
      0.091,
      0.349,
      0.029
    ],
    [
      0.129,
      0.145,
      0.147,
      -0.025,
      0.071,
      -0.002,
      0.045,
      0.058,
      0.235,
      -0.038,
      0.136,
      0.087,
      0.123,
      -0.092,
      0.187,
      -0.092,
      0.003,
      0.1,
      0.07,
      0.115,
      0.15,
      0.082,
      -0.114,
      0.141,
      0.079,
      -0.083,
      -0.101,
      -0.051,
      0.099,
      0.004,
      0.005,
      0.201,
      0.144,
      0.016,
      0.077,
      1.0,
      -0.046,
      -0.351,
      0.012,
      0.042,
      -0.017,
      0.035,
      0.147,
      0.075,
      0.035,
      0.147,
      0.12,
      -0.03,
      0.026,
      0.149,
      0.076,
      0.163,
      0.071,
      0.121,
      0.025,
      -0.037,
      0.112,
      0.046,
      0.101,
      0.127,
      -0.098
    ],
    [
      0.046,
      0.001,
      0.301,
      0.186,
      0.296,
      0.08,
      0.308,
      0.072,
      0.153,
      0.321,
      -0.1,
      -0.049,
      -0.155,
      0.488,
      -0.094,
      0.35,
      0.138,
      -0.059,
      0.15,
      0.073,
      0.132,
      0.104,
      -0.035,
      0.025,
      -0.056,
      0.053,
      -0.079,
      0.277,
      0.067,
      0.239,
      0.097,
      0.016,
      0.097,
      0.324,
      0.112,
      -0.046,
      1.0,
      0.356,
      0.173,
      0.072,
      0.365,
      0.07,
      0.148,
      -0.017,
      0.366,
      0.117,
      0.018,
      0.197,
      0.059,
      0.127,
      0.082,
      0.098,
      0.089,
      0.07,
      0.206,
      0.4,
      -0.02,
      0.003,
      0.127,
      0.146,
      0.407
    ],
    [
      0.004,
      0.124,
      0.21,
      0.176,
      0.207,
      0.051,
      0.24,
      0.066,
      0.057,
      0.269,
      -0.073,
      -0.053,
      -0.188,
      0.536,
      0.024,
      0.237,
      0.064,
      0.049,
      0.267,
      0.107,
      0.111,
      0.119,
      0.006,
      0.099,
      -0.081,
      0.134,
      -0.027,
      0.179,
      -0.015,
      0.195,
      0.059,
      -0.004,
      0.16,
      0.182,
      0.044,
      -0.351,
      0.356,
      1.0,
      0.083,
      0.067,
      0.23,
      0.216,
      0.16,
      0.02,
      0.45,
      0.045,
      -0.04,
      0.275,
      0.111,
      0.176,
      -0.029,
      0.008,
      0.0,
      -0.003,
      0.21,
      0.313,
      -0.042,
      -0.017,
      0.122,
      0.034,
      0.453
    ],
    [
      0.108,
      -0.008,
      0.109,
      0.134,
      0.217,
      0.148,
      0.036,
      0.003,
      0.065,
      0.038,
      0.025,
      0.104,
      -0.063,
      0.064,
      0.067,
      0.095,
      0.091,
      -0.006,
      0.122,
      0.092,
      0.037,
      -0.024,
      0.004,
      -0.104,
      -0.021,
      -0.003,
      0.04,
      0.03,
      -0.037,
      0.053,
      -0.07,
      0.019,
      -0.034,
      0.1,
      -0.039,
      0.012,
      0.173,
      0.083,
      1.0,
      0.023,
      0.028,
      -0.015,
      0.073,
      0.023,
      0.098,
      -0.029,
      0.013,
      0.383,
      0.047,
      0.019,
      0.026,
      0.103,
      -0.054,
      -0.099,
      0.048,
      0.068,
      -0.047,
      -0.102,
      0.025,
      -0.042,
      0.031
    ],
    [
      -0.024,
      0.033,
      0.374,
      0.19,
      0.172,
      0.135,
      0.284,
      -0.019,
      0.139,
      0.069,
      -0.079,
      0.07,
      0.116,
      0.046,
      0.1,
      0.141,
      0.066,
      0.186,
      0.214,
      0.091,
      0.342,
      -0.012,
      0.037,
      0.186,
      0.081,
      -0.108,
      0.048,
      0.317,
      0.157,
      0.246,
      0.121,
      0.039,
      -0.003,
      0.145,
      0.118,
      0.042,
      0.072,
      0.067,
      0.023,
      1.0,
      0.037,
      0.082,
      0.01,
      0.061,
      0.107,
      0.22,
      0.229,
      0.097,
      0.204,
      0.11,
      0.09,
      -0.03,
      -0.079,
      0.266,
      0.176,
      0.169,
      0.096,
      0.071,
      0.148,
      0.166,
      0.069
    ],
    [
      -0.056,
      0.333,
      0.127,
      0.135,
      0.293,
      0.046,
      0.351,
      0.11,
      0.157,
      0.053,
      -0.092,
      -0.192,
      -0.116,
      0.275,
      0.13,
      0.05,
      0.139,
      0.176,
      -0.073,
      0.245,
      0.205,
      0.272,
      -0.071,
      0.099,
      0.047,
      0.104,
      -0.064,
      0.21,
      0.188,
      0.257,
      0.166,
      0.095,
      0.371,
      0.375,
      0.063,
      -0.017,
      0.365,
      0.23,
      0.028,
      0.037,
      1.0,
      0.174,
      0.401,
      0.13,
      0.102,
      0.216,
      0.064,
      0.065,
      0.107,
      0.365,
      0.047,
      0.18,
      0.223,
      0.13,
      0.617,
      0.072,
      0.035,
      0.064,
      0.027,
      0.144,
      0.095
    ],
    [
      0.069,
      0.254,
      0.299,
      0.201,
      0.198,
      0.06,
      0.301,
      0.072,
      0.041,
      0.18,
      0.144,
      -0.038,
      0.109,
      0.11,
      0.154,
      0.042,
      -0.008,
      0.248,
      0.056,
      0.098,
      0.313,
      0.192,
      -0.133,
      0.147,
      0.049,
      0.068,
      -0.037,
      0.232,
      0.222,
      0.17,
      0.184,
      0.112,
      0.199,
      0.288,
      0.139,
      0.035,
      0.07,
      0.216,
      -0.015,
      0.082,
      0.174,
      1.0,
      0.144,
      0.093,
      0.241,
      0.147,
      0.151,
      0.21,
      0.061,
      0.188,
      -0.081,
      0.045,
      0.152,
      0.127,
      0.262,
      0.128,
      0.073,
      -0.002,
      0.365,
      0.119,
      0.079
    ],
    [
      0.046,
      0.704,
      0.07,
      0.228,
      0.343,
      0.141,
      0.28,
      0.129,
      0.166,
      -0.132,
      -0.051,
      -0.154,
      0.022,
      0.144,
      0.221,
      -0.063,
      0.094,
      0.199,
      -0.044,
      0.289,
      0.223,
      0.428,
      -0.182,
      0.281,
      0.039,
      0.236,
      -0.163,
      0.105,
      0.439,
      0.162,
      0.37,
      0.294,
      0.662,
      0.309,
      0.216,
      0.147,
      0.148,
      0.16,
      0.073,
      0.01,
      0.401,
      0.144,
      1.0,
      0.34,
      0.03,
      0.449,
      0.311,
      0.069,
      0.218,
      0.687,
      0.138,
      0.203,
      0.289,
      0.144,
      0.435,
      -0.043,
      0.272,
      0.192,
      0.055,
      0.283,
      0.02
    ],
    [
      0.051,
      0.334,
      0.15,
      0.226,
      0.138,
      0.223,
      0.19,
      0.166,
      0.045,
      0.015,
      0.043,
      -0.03,
      0.146,
      -0.083,
      0.191,
      0.125,
      0.3,
      0.147,
      0.116,
      0.215,
      0.23,
      0.358,
      -0.288,
      0.334,
      -0.096,
      0.337,
      -0.207,
      0.064,
      0.394,
      0.121,
      0.399,
      0.293,
      0.339,
      0.206,
      0.33,
      0.075,
      -0.017,
      0.02,
      0.023,
      0.061,
      0.13,
      0.093,
      0.34,
      1.0,
      0.013,
      0.419,
      0.381,
      0.016,
      0.371,
      0.434,
      0.123,
      0.112,
      0.355,
      0.24,
      0.264,
      0.05,
      0.363,
      0.069,
      0.109,
      0.342,
      -0.064
    ],
    [
      -0.001,
      -0.008,
      0.397,
      0.26,
      0.212,
      0.03,
      0.3,
      0.012,
      0.131,
      0.442,
      -0.035,
      -0.015,
      -0.048,
      0.568,
      0.017,
      0.419,
      0.108,
      0.117,
      0.346,
      0.073,
      0.205,
      0.028,
      -0.066,
      0.053,
      -0.046,
      0.07,
      -0.08,
      0.313,
      -0.007,
      0.231,
      0.023,
      -0.066,
      0.072,
      0.083,
      0.086,
      0.035,
      0.366,
      0.45,
      0.098,
      0.107,
      0.102,
      0.241,
      0.03,
      0.013,
      1.0,
      0.01,
      0.005,
      0.248,
      0.08,
      0.079,
      0.114,
      0.009,
      0.017,
      0.109,
      0.058,
      0.432,
      -0.038,
      0.036,
      0.234,
      0.092,
      0.517
    ],
    [
      0.035,
      0.528,
      0.251,
      0.237,
      0.281,
      0.204,
      0.301,
      0.108,
      0.237,
      -0.115,
      -0.096,
      -0.01,
      0.184,
      0.002,
      0.209,
      0.004,
      0.281,
      0.266,
      0.101,
      0.309,
      0.278,
      0.446,
      -0.39,
      0.472,
      0.034,
      0.283,
      -0.201,
      0.191,
      0.685,
      0.243,
      0.547,
      0.267,
      0.512,
      0.293,
      0.396,
      0.147,
      0.117,
      0.045,
      -0.029,
      0.22,
      0.216,
      0.147,
      0.449,
      0.419,
      0.01,
      1.0,
      0.686,
      0.0,
      0.351,
      0.647,
      0.177,
      0.152,
      0.337,
      0.244,
      0.39,
      -0.036,
      0.535,
      0.17,
      0.175,
      0.441,
      -0.073
    ],
    [
      0.023,
      0.397,
      0.223,
      0.311,
      0.203,
      0.275,
      0.279,
      0.106,
      0.149,
      -0.128,
      -0.102,
      -0.004,
      0.277,
      -0.091,
      0.203,
      0.026,
      0.25,
      0.242,
      0.148,
      0.178,
      0.226,
      0.406,
      -0.364,
      0.411,
      0.104,
      0.201,
      -0.277,
      0.214,
      0.59,
      0.218,
      0.481,
      0.285,
      0.301,
      0.236,
      0.441,
      0.12,
      0.018,
      -0.04,
      0.013,
      0.229,
      0.064,
      0.151,
      0.311,
      0.381,
      0.005,
      0.686,
      1.0,
      0.105,
      0.467,
      0.434,
      0.189,
      0.088,
      0.229,
      0.182,
      0.248,
      0.006,
      0.488,
      0.14,
      0.134,
      0.415,
      -0.136
    ],
    [
      0.077,
      0.078,
      0.212,
      0.302,
      0.163,
      0.179,
      0.123,
      0.009,
      0.076,
      0.126,
      0.021,
      -0.079,
      -0.046,
      0.275,
      0.011,
      0.174,
      0.133,
      0.018,
      0.206,
      0.055,
      0.135,
      0.01,
      -0.05,
      -0.082,
      -0.046,
      -0.038,
      -0.033,
      0.181,
      -0.001,
      0.144,
      0.015,
      -0.034,
      0.019,
      0.141,
      0.165,
      -0.03,
      0.197,
      0.275,
      0.383,
      0.097,
      0.065,
      0.21,
      0.069,
      0.016,
      0.248,
      0.0,
      0.105,
      1.0,
      0.05,
      0.116,
      0.002,
      0.165,
      -0.07,
      0.004,
      0.113,
      0.197,
      0.031,
      -0.084,
      0.19,
      0.027,
      0.246
    ],
    [
      -0.029,
      0.265,
      0.239,
      0.355,
      0.179,
      0.2,
      0.204,
      0.023,
      0.058,
      0.001,
      -0.04,
      0.036,
      0.311,
      0.023,
      0.11,
      0.071,
      0.235,
      0.178,
      0.162,
      0.118,
      0.161,
      0.229,
