{
  "meta": {
    "generated_at": "2026-07-24T09:43:04+00:00",
    "n_tickers": 62,
    "n_clusters": 0,
    "redundant_threshold": 0.75
  },
  "tickers": [
    "NTO",
    "ABBNE",
    "ABNB",
    "ADYEN",
    "AMZN",
    "BFIT",
    "BN",
    "CBAV",
    "CELH",
    "CHKP",
    "COR",
    "COST",
    "CPR",
    "CRWD",
    "CSU",
    "DNP",
    "DSGX",
    "EVD",
    "FERG",
    "FICO",
    "GOOG",
    "GRMN",
    "HLMA",
    "IPCO",
    "ITX",
    "JDG",
    "JFN",
    "KIST",
    "KKR",
    "KRX",
    "KSPI",
    "LIFCO B",
    "LOTB",
    "LR",
    "META",
    "MIPS",
    "MNST",
    "MSFT",
    "NET",
    "NFLX",
    "NKE",
    "NVDA",
    "OTLY",
    "PRY",
    "RAA",
    "S",
    "SGO",
    "SIKA",
    "SPOT",
    "STMN",
    "SU",
    "TFF",
    "TFPM",
    "TGYM",
    "TREX",
    "TSM",
    "VEEV",
    "VID",
    "VRLA",
    "VLTO",
    "WOSG",
    "ZS"
  ],
  "matrix_1y": [
    [
      1.0,
      0.062,
      -0.108,
      0.021,
      0.031,
      -0.06,
      -0.082,
      -0.047,
      0.008,
      -0.035,
      0.182,
      0.025,
      -0.005,
      -0.006,
      -0.113,
      -0.013,
      0.053,
      0.086,
      0.019,
      -0.082,
      0.051,
      -0.023,
      -0.015,
      -0.089,
      0.121,
      -0.011,
      0.135,
      -0.105,
      -0.077,
      0.011,
      0.002,
      0.11,
      -0.007,
      -0.029,
      0.015,
      0.076,
      0.134,
      -0.016,
      0.001,
      0.059,
      -0.018,
      -0.136,
      0.052,
      0.034,
      0.088,
      -0.019,
      0.021,
      0.016,
      0.054,
      0.004,
      0.061,
      -0.044,
      -0.038,
      0.061,
      -0.113,
      -0.035,
      0.031,
      0.085,
      -0.102,
      0.145,
      0.032,
      -0.024
    ],
    [
      0.062,
      1.0,
      0.12,
      0.154,
      0.225,
      0.098,
      0.233,
      0.112,
      0.105,
      -0.156,
      -0.088,
      -0.185,
      0.085,
      0.142,
      -0.184,
      0.24,
      -0.157,
      0.141,
      0.282,
      -0.118,
      0.311,
      0.214,
      0.4,
      -0.196,
      0.319,
      0.142,
      0.238,
      -0.092,
      0.029,
      0.417,
      0.099,
      0.379,
      0.252,
      0.717,
      0.275,
      0.075,
      0.095,
      -0.098,
      0.116,
      -0.109,
      -0.123,
      0.329,
      0.105,
      0.712,
      0.334,
      0.009,
      0.422,
      0.346,
      0.023,
      0.264,
      0.783,
      0.063,
      0.234,
      0.275,
      0.176,
      0.472,
      -0.193,
      0.235,
      0.087,
      -0.023,
      0.267,
      -0.023
    ],
    [
      -0.108,
      0.12,
      1.0,
      0.358,
      0.389,
      0.104,
      0.443,
      0.071,
      0.138,
      0.199,
      -0.03,
      -0.048,
      0.018,
      0.337,
      0.303,
      0.002,
      0.345,
      0.243,
      0.213,
      0.297,
      0.243,
      0.376,
      0.088,
      -0.167,
      0.228,
      0.112,
      0.076,
      -0.025,
      0.437,
      0.16,
      0.316,
      0.192,
      0.056,
      0.101,
      0.334,
      0.13,
      0.15,
      0.322,
      0.24,
      0.144,
      0.389,
      0.152,
      0.214,
      0.051,
      0.135,
      0.426,
      0.226,
      0.215,
      0.236,
      0.211,
      0.219,
      -0.019,
      0.067,
      0.155,
      0.275,
      0.141,
      0.392,
      0.028,
      -0.025,
      0.336,
      0.244,
      0.327
    ],
    [
      0.021,
      0.154,
      0.358,
      1.0,
      0.292,
      0.192,
      0.232,
      -0.008,
      0.16,
      0.103,
      0.028,
      -0.044,
      0.093,
      0.165,
      0.149,
      -0.003,
      0.193,
      0.235,
      0.182,
      0.255,
      0.246,
      0.208,
      0.182,
      -0.134,
      0.144,
      0.097,
      0.219,
      -0.105,
      0.32,
      0.196,
      0.227,
      0.311,
      0.041,
      0.127,
      0.281,
      0.231,
      -0.028,
      0.226,
      0.137,
      0.129,
      0.185,
      0.17,
      0.184,
      0.184,
      0.242,
      0.233,
      0.223,
      0.334,
      0.289,
      0.355,
      0.25,
      -0.003,
      0.245,
      0.284,
      0.098,
      0.224,
      0.317,
      0.186,
      0.068,
      0.181,
      0.272,
      0.156
    ],
    [
      0.031,
      0.225,
      0.389,
      0.292,
      1.0,
      0.059,
      0.372,
      0.046,
      0.179,
      0.02,
      -0.148,
      -0.012,
      0.022,
      0.199,
      0.061,
      0.083,
      0.096,
      0.247,
      0.252,
      0.141,
      0.434,
      0.251,
      0.128,
      -0.088,
      0.149,
      0.127,
      0.119,
      0.011,
      0.243,
      0.148,
      0.264,
      0.144,
      0.055,
      0.221,
      0.461,
      0.084,
      0.07,
      0.331,
      0.199,
      0.234,
      0.173,
      0.287,
      0.14,
      0.293,
      0.099,
      0.262,
      0.218,
      0.168,
      0.187,
      0.122,
      0.249,
      0.106,
      0.135,
      0.192,
      0.191,
      0.306,
      0.233,
      0.067,
      0.058,
      0.079,
      0.223,
      0.118
    ],
    [
      -0.06,
      0.098,
      0.104,
      0.192,
      0.059,
      1.0,
      0.069,
      -0.018,
      0.042,
      -0.117,
      -0.03,
      0.05,
      0.174,
      0.015,
      0.125,
      0.147,
      0.054,
      0.165,
      0.009,
      0.074,
      0.039,
      0.034,
      0.117,
      -0.175,
      0.152,
      0.077,
      0.087,
      -0.132,
      0.029,
      0.081,
      0.019,
      0.141,
      0.229,
      0.091,
      0.094,
      0.108,
      0.048,
      0.05,
      -0.016,
      0.149,
      0.075,
      -0.02,
      0.105,
      0.051,
      0.204,
      0.011,
      0.15,
      0.25,
      0.162,
      0.142,
      0.049,
      0.074,
      0.084,
      0.143,
      0.078,
      -0.0,
      0.044,
      0.275,
      0.03,
      0.002,
      0.145,
      -0.014
    ],
    [
      -0.082,
      0.233,
      0.443,
      0.232,
      0.372,
      0.069,
      1.0,
      0.056,
      0.094,
      0.043,
      -0.091,
      -0.009,
      0.057,
      0.257,
      0.222,
      0.203,
      0.276,
      0.189,
      0.466,
      0.227,
      0.348,
      0.408,
      0.228,
      -0.162,
      0.232,
      0.095,
      0.122,
      -0.098,
      0.694,
      0.25,
      0.313,
      0.246,
      0.107,
      0.233,
      0.253,
      0.11,
      0.045,
      0.284,
      0.231,
      0.04,
      0.282,
      0.354,
      0.185,
      0.253,
      0.19,
      0.3,
      0.307,
      0.279,
      0.113,
      0.136,
      0.23,
      -0.026,
      0.171,
      0.208,
      0.323,
      0.376,
      0.199,
      0.143,
      0.07,
      0.162,
      0.327,
      0.177
    ],
    [
      -0.047,
      0.112,
      0.071,
      -0.008,
      0.046,
      -0.018,
      0.056,
      1.0,
      0.146,
      -0.065,
      0.076,
      -0.051,
      0.088,
      -0.007,
      0.05,
      -0.0,
      0.02,
      0.075,
      0.077,
      -0.022,
      0.142,
      0.079,
      0.035,
      -0.093,
      0.169,
      -0.012,
      -0.002,
      -0.086,
      0.034,
      0.102,
      0.002,
      0.114,
      0.182,
      0.13,
      0.068,
      0.079,
      0.055,
      0.049,
      0.029,
      -0.003,
      0.071,
      0.094,
      0.023,
      0.147,
      0.211,
      0.011,
      0.114,
      0.114,
      -0.011,
      0.027,
      0.117,
      -0.016,
      -0.03,
      0.033,
      0.134,
      0.057,
      0.007,
      0.065,
      0.013,
      0.103,
      0.114,
      -0.102
    ],
    [
      0.008,
      0.105,
      0.138,
      0.16,
      0.179,
      0.042,
      0.094,
      0.146,
      1.0,
      0.003,
      0.028,
      0.089,
      0.083,
      -0.023,
      0.08,
      0.145,
      0.064,
      0.156,
      0.116,
      0.018,
      0.143,
      0.136,
      0.112,
      -0.127,
      0.244,
      0.103,
      0.059,
      -0.01,
      0.022,
      0.188,
      0.099,
      0.204,
      0.141,
      0.274,
      0.128,
      0.104,
      0.253,
      0.147,
      -0.004,
      0.085,
      0.168,
      0.081,
      0.045,
      0.128,
      0.061,
      0.115,
      0.226,
      0.172,
      0.074,
      0.065,
      0.166,
      0.047,
      0.109,
      0.028,
      0.095,
      0.141,
      0.129,
      0.089,
      0.168,
      0.178,
      0.114,
      -0.017
    ],
    [
      -0.035,
      -0.156,
      0.199,
      0.103,
      0.02,
      -0.117,
      0.043,
      -0.065,
      0.003,
      1.0,
      0.12,
      -0.026,
      -0.06,
      0.38,
      0.211,
      -0.111,
      0.394,
      0.1,
      -0.099,
      0.256,
      -0.201,
      0.243,
      -0.039,
      0.101,
      -0.018,
      -0.066,
      0.073,
      0.018,
      0.125,
      -0.086,
      0.147,
      -0.004,
      -0.043,
      -0.139,
      0.129,
      0.039,
      -0.03,
      0.357,
      0.295,
      0.043,
      0.055,
      0.023,
      0.137,
      -0.147,
      0.006,
      0.446,
      -0.123,
      -0.106,
      0.132,
      -0.0,
      -0.07,
      -0.08,
      0.003,
      -0.025,
      0.005,
      -0.093,
      0.368,
      -0.023,
      0.004,
      0.2,
      0.057,
      0.373
    ],
    [
      0.182,
      -0.088,
      -0.03,
      0.028,
      -0.148,
      -0.03,
      -0.091,
      0.076,
      0.028,
      0.12,
      1.0,
      0.203,
      -0.065,
      -0.068,
      0.03,
      0.181,
      0.065,
      0.072,
      -0.028,
      0.006,
      -0.078,
      -0.0,
      -0.044,
      0.012,
      -0.162,
      -0.004,
      -0.055,
      0.024,
      -0.059,
      -0.071,
      -0.118,
      0.001,
      0.009,
      -0.115,
      -0.029,
      0.018,
      0.136,
      -0.084,
      -0.078,
      0.03,
      -0.073,
      -0.138,
      0.14,
      -0.106,
      0.04,
      -0.067,
      -0.084,
      -0.088,
      -0.002,
      -0.061,
      -0.092,
      -0.136,
      -0.032,
      -0.153,
      -0.11,
      -0.149,
      0.004,
      -0.055,
      -0.029,
      0.305,
      -0.032,
      -0.003
    ],
    [
      0.025,
      -0.185,
      -0.048,
      -0.044,
      -0.012,
      0.05,
      -0.009,
      -0.051,
      0.089,
      -0.026,
      0.203,
      1.0,
      0.037,
      -0.137,
      0.108,
      0.113,
      -0.018,
      0.03,
      -0.004,
      0.102,
      -0.038,
      0.019,
      0.032,
      0.018,
      -0.074,
      0.045,
      0.02,
      0.042,
      -0.021,
      -0.045,
      -0.079,
      -0.014,
      0.06,
      -0.139,
      -0.079,
      -0.01,
      0.057,
      -0.055,
      -0.094,
      0.109,
      0.081,
      -0.198,
      -0.004,
      -0.175,
      -0.045,
      -0.03,
      -0.008,
      -0.018,
      -0.081,
      -0.083,
      -0.222,
      -0.019,
      -0.075,
      0.042,
      -0.01,
      -0.088,
      0.007,
      0.006,
      0.064,
      0.135,
      0.014,
      -0.096
    ],
    [
      -0.005,
      0.085,
      0.018,
      0.093,
      0.022,
      0.174,
      0.057,
      0.088,
      0.083,
      -0.06,
      -0.065,
      0.037,
      1.0,
      -0.188,
      0.022,
      0.104,
      -0.077,
      0.167,
      0.18,
      0.009,
      0.101,
      0.071,
      0.108,
      -0.12,
      0.223,
      0.038,
      0.101,
      0.047,
      0.056,
      0.22,
      0.031,
      0.22,
      0.195,
      0.119,
      -0.131,
      0.218,
      0.15,
      -0.135,
      -0.167,
      -0.033,
      0.11,
      -0.139,
      0.061,
      -0.024,
      0.155,
      -0.044,
      0.207,
      0.291,
      -0.021,
      0.24,
      0.064,
      0.053,
      0.072,
      0.174,
      0.136,
      0.042,
      -0.022,
      0.359,
      0.078,
      0.009,
      0.139,
      -0.18
    ],
    [
      -0.006,
      0.142,
      0.337,
      0.165,
      0.199,
      0.015,
      0.257,
      -0.007,
      -0.023,
      0.38,
      -0.068,
      -0.137,
      -0.188,
      1.0,
      0.164,
      -0.078,
      0.325,
      0.159,
      0.019,
      0.19,
      0.148,
      0.147,
      0.019,
      0.056,
      0.002,
      -0.092,
      0.163,
      0.027,
      0.308,
      -0.062,
      0.211,
      0.131,
      0.011,
      0.084,
      0.111,
      -0.002,
      -0.052,
      0.448,
      0.545,
      0.05,
      0.075,
      0.296,
      0.127,
      0.214,
      -0.06,
      0.571,
      -0.023,
      -0.087,
      0.224,
      0.055,
      0.198,
      0.029,
      0.141,
      0.038,
      0.026,
      0.16,
      0.386,
      -0.069,
      -0.016,
      0.117,
      0.146,
      0.686
    ],
    [
      -0.113,
      -0.184,
      0.303,
      0.149,
      0.061,
      0.125,
      0.222,
      0.05,
      0.08,
      0.211,
      0.03,
      0.108,
      0.022,
      0.164,
      1.0,
      -0.027,
      0.515,
      0.09,
      -0.063,
      0.373,
      0.047,
      0.229,
      -0.005,
      -0.041,
      -0.025,
      -0.101,
      0.09,
      -0.072,
      0.213,
      -0.08,
      0.141,
      0.101,
      0.048,
      -0.096,
      0.017,
      0.124,
      0.003,
      0.318,
      0.131,
      0.114,
      0.174,
      -0.076,
      -0.02,
      -0.17,
      0.054,
      0.29,
      -0.058,
      -0.009,
      0.124,
      0.093,
      -0.129,
      0.047,
      -0.041,
      -0.087,
      -0.022,
      -0.182,
      0.327,
      -0.061,
      -0.013,
      0.149,
      0.075,
      0.265
    ],
    [
      -0.013,
      0.24,
      0.002,
      -0.003,
      0.083,
      0.147,
      0.203,
      -0.0,
      0.145,
      -0.111,
      0.181,
      0.113,
      0.104,
      -0.078,
      -0.027,
      1.0,
      -0.105,
      0.055,
      0.246,
      -0.027,
      0.176,
      0.192,
      0.158,
      -0.048,
      0.166,
      0.13,
      0.137,
      0.102,
      0.043,
      0.15,
      0.052,
      0.286,
      0.096,
      0.236,
      0.121,
      0.139,
      0.198,
      -0.134,
      -0.013,
      0.035,
      0.105,
      0.071,
      0.129,
      0.165,
      0.189,
      -0.014,
      0.218,
      0.22,
      -0.018,
      0.061,
      0.161,
      0.147,
      0.212,
      0.095,
      0.062,
      0.097,
      -0.175,
      0.206,
      0.051,
      0.052,
      0.092,
      -0.161
    ],
    [
      0.053,
      -0.157,
      0.345,
      0.193,
      0.096,
      0.054,
      0.276,
      0.02,
      0.064,
      0.394,
      0.065,
      -0.018,
      -0.077,
      0.325,
      0.515,
      -0.105,
      1.0,
      0.195,
      -0.008,
      0.351,
      0.013,
      0.251,
      0.047,
      0.013,
      0.019,
      -0.078,
      0.065,
      -0.073,
      0.337,
      -0.071,
      0.153,
      0.144,
      -0.06,
      -0.098,
      0.06,
      0.205,
      -0.069,
      0.45,
      0.321,
      0.152,
      0.189,
      0.055,
      0.025,
      -0.11,
      0.076,
      0.466,
      -0.04,
      -0.037,
      0.2,
      0.029,
      -0.061,
      -0.033,
      -0.045,
      -0.032,
      0.096,
      -0.046,
      0.518,
      -0.027,
      -0.043,
      0.273,
      0.116,
      0.413
    ],
    [
      0.086,
      0.141,
      0.243,
      0.235,
      0.247,
      0.165,
      0.189,
      0.075,
      0.156,
      0.1,
      0.072,
      0.03,
      0.167,
      0.159,
      0.09,
      0.055,
      0.195,
      1.0,
      0.06,
      0.103,
      0.237,
      0.131,
      0.154,
      -0.294,
      0.196,
      0.079,
      0.272,
      -0.157,
      0.148,
      0.174,
      0.118,
      0.26,
      0.095,
      0.155,
      0.196,
      0.173,
      0.029,
      0.247,
      0.063,
      0.097,
      0.099,
      0.119,
      0.064,
      0.061,
      0.278,
      0.089,
      0.299,
      0.281,
      0.113,
      0.194,
      0.226,
      0.017,
      0.07,
      0.217,
      0.027,
      0.075,
      0.146,
      0.273,
      0.024,
      0.113,
      0.266,
      0.12
    ],
    [
      0.019,
      0.282,
      0.213,
      0.182,
      0.252,
      0.009,
      0.466,
      0.077,
      0.116,
      -0.099,
      -0.028,
      -0.004,
      0.18,
      0.019,
      -0.063,
      0.246,
      -0.008,
      0.06,
      1.0,
      0.075,
      0.221,
      0.338,
      0.165,
      -0.115,
      0.166,
      0.107,
      0.096,
      -0.089,
      0.303,
      0.331,
      0.151,
      0.293,
      0.075,
      0.265,
      0.179,
      0.162,
      0.141,
      -0.083,
      0.049,
      -0.002,
      0.204,
      0.18,
      0.213,
      0.22,
      0.175,
      0.073,
      0.3,
      0.275,
      0.008,
      0.142,
      0.265,
      0.054,
      0.191,
      0.139,
      0.365,
      0.391,
      0.023,
      0.176,
      0.042,
      0.217,
      0.12,
      -0.069
    ],
    [
      -0.082,
      -0.118,
      0.297,
      0.255,
      0.141,
      0.074,
      0.227,
      -0.022,
      0.018,
      0.256,
      0.006,
      0.102,
      0.009,
      0.19,
      0.373,
      -0.027,
      0.351,
      0.103,
      0.075,
      1.0,
      0.084,
      0.184,
      0.016,
      0.016,
      0.049,
      -0.012,
      0.062,
      -0.018,
      0.216,
      0.082,
      0.136,
      0.11,
      0.011,
      -0.142,
      0.03,
      0.127,
      0.034,
      0.195,
      0.254,
      0.15,
      0.223,
      -0.053,
      0.074,
      -0.065,
      0.137,
      0.374,
      0.116,
      0.132,
      0.234,
      0.102,
      -0.009,
      0.09,
      -0.026,
      -0.069,
      0.122,
      -0.093,
      0.35,
      0.071,
      0.069,
      0.281,
      0.111,
      0.248
    ],
    [
      0.051,
      0.311,
      0.243,
      0.246,
      0.434,
      0.039,
      0.348,
      0.142,
      0.143,
      -0.201,
      -0.078,
      -0.038,
      0.101,
      0.148,
      0.047,
      0.176,
      0.013,
      0.237,
      0.221,
      0.084,
      1.0,
      0.153,
      0.111,
      -0.165,
      0.192,
      0.036,
      0.102,
      -0.037,
      0.197,
      0.243,
      0.208,
      0.136,
      0.149,
      0.251,
      0.26,
      0.031,
      0.133,
      0.1,
      0.096,
      0.09,
      0.102,
      0.277,
      0.036,
      0.281,
      0.205,
      0.13,
      0.269,
      0.172,
      0.079,
      0.085,
      0.252,
      0.082,
      0.18,
      0.219,
      0.059,
      0.371,
      0.004,
      0.152,
      0.073,
      0.053,
      0.251,
      0.092
    ],
    [
      -0.023,
      0.214,
      0.376,
      0.208,
      0.251,
      0.034,
      0.408,
      0.079,
      0.136,
      0.243,
      -0.0,
      0.019,
      0.071,
      0.147,
      0.229,
      0.192,
      0.251,
      0.131,
      0.338,
      0.184,
      0.153,
      1.0,
      0.17,
      -0.122,
      0.245,
      0.163,
      0.167,
      -0.028,
      0.304,
      0.255,
      0.297,
      0.315,
      0.237,
      0.182,
      0.199,
      0.176,
      0.161,
      0.117,
      0.131,
      0.038,
      0.334,
      0.205,
      0.266,
      0.175,
      0.204,
      0.213,
      0.241,
      0.189,
      0.131,
      0.075,
      0.301,
      0.026,
      0.247,
      0.114,
      0.325,
      0.275,
      0.129,
      0.125,
      0.079,
      0.315,
      0.211,
      0.081
    ],
    [
      -0.015,
      0.4,
      0.088,
      0.182,
      0.128,
      0.117,
      0.228,
      0.035,
      0.112,
      -0.039,
      -0.044,
      0.032,
      0.108,
      0.019,
      -0.005,
      0.158,
      0.047,
      0.154,
      0.165,
      0.016,
      0.111,
      0.17,
      1.0,
      -0.187,
      0.275,
      0.101,
      0.28,
      -0.15,
      0.05,
      0.325,
      0.051,
      0.385,
      0.165,
      0.461,
      0.205,
      0.213,
      0.055,
      0.116,
      0.07,
      -0.009,
      -0.052,
      0.21,
      0.138,
      0.332,
      0.341,
      0.03,
      0.401,
      0.381,
      0.021,
      0.18,
      0.438,
      0.025,
      0.15,
      0.313,
      0.08,
      0.243,
      0.066,
      0.195,
      0.095,
      0.086,
      0.276,
      -0.017
    ],
    [
      -0.089,
      -0.196,
      -0.167,
      -0.134,
      -0.088,
      -0.175,
      -0.162,
      -0.093,
      -0.127,
      0.101,
      0.012,
      0.018,
      -0.12,
      0.056,
      -0.041,
      -0.048,
      0.013,
      -0.294,
      -0.115,
      0.016,
      -0.165,
      -0.122,
      -0.187,
      1.0,
      -0.263,
      -0.104,
      -0.194,
      0.369,
      -0.044,
      -0.23,
      0.003,
      -0.242,
      -0.142,
      -0.227,
      -0.182,
      -0.122,
      -0.113,
      -0.052,
      0.018,
      0.026,
      0.047,
      -0.044,
      -0.068,
      -0.134,
      -0.289,
      -0.028,
      -0.429,
      -0.414,
      -0.046,
      -0.198,
      -0.243,
      0.001,
      -0.134,
      -0.202,
      -0.107,
      -0.138,
      0.072,
      -0.309,
      -0.006,
      -0.054,
      -0.251,
      0.057
    ],
    [
      0.121,
      0.319,
      0.228,
      0.144,
      0.149,
      0.152,
      0.232,
      0.169,
      0.244,
      -0.018,
      -0.162,
      -0.074,
      0.223,
      0.002,
      -0.025,
      0.166,
      0.019,
      0.196,
      0.166,
      0.049,
      0.192,
      0.245,
      0.275,
      -0.263,
      1.0,
      0.147,
      0.298,
      -0.148,
      0.163,
      0.45,
      0.099,
      0.439,
      0.306,
      0.291,
      0.098,
      0.24,
      0.16,
      0.01,
      0.069,
      -0.069,
      0.159,
      0.061,
      0.108,
      0.227,
      0.38,
      0.034,
      0.494,
      0.434,
      -0.084,
      0.276,
      0.434,
      0.012,
      0.096,
      0.233,
      0.184,
      0.168,
      0.068,
      0.432,
      0.225,
      0.145,
      0.367,
      -0.083
    ],
    [
      -0.011,
      0.142,
      0.112,
      0.097,
      0.127,
      0.077,
      0.095,
      -0.012,
      0.103,
      -0.066,
      -0.004,
      0.045,
      0.038,
      -0.092,
      -0.101,
      0.13,
      -0.078,
      0.079,
      0.107,
      -0.012,
      0.036,
      0.163,
      0.101,
      -0.104,
      0.147,
      1.0,
      -0.057,
      -0.012,
      0.016,
      0.107,
      0.047,
      0.126,
      0.008,
      0.141,
      0.065,
      0.024,
      0.105,
      -0.03,
      -0.086,
      -0.013,
      0.071,
      0.107,
      0.027,
      0.069,
      -0.037,
      -0.076,
      0.154,
      0.199,
      -0.051,
      0.06,
      0.093,
      0.032,
      0.071,
      0.08,
      0.113,
      0.126,
      -0.07,
      0.108,
      0.045,
      -0.062,
      -0.012,
      -0.086
    ],
    [
      0.135,
      0.238,
      0.076,
      0.219,
      0.119,
      0.087,
      0.122,
      -0.002,
      0.059,
      0.073,
      -0.055,
      0.02,
      0.101,
      0.163,
      0.09,
      0.137,
      0.065,
      0.272,
      0.096,
      0.062,
      0.102,
      0.167,
      0.28,
      -0.194,
      0.298,
      -0.057,
      1.0,
      -0.122,
      0.111,
      0.165,
      0.134,
      0.333,
      0.157,
      0.243,
      0.102,
      0.29,
      -0.047,
      0.125,
      0.131,
      0.041,
      -0.124,
      0.043,
      0.105,
      0.211,
      0.331,
      0.047,
      0.268,
      0.206,
      -0.046,
      0.168,
      0.209,
      0.115,
      0.196,
      0.356,
      -0.001,
      0.077,
      0.015,
      0.303,
      0.059,
      0.055,
      0.303,
      0.084
    ],
    [
      -0.105,
      -0.092,
      -0.025,
      -0.105,
      0.011,
      -0.132,
      -0.098,
      -0.086,
      -0.01,
      0.018,
      0.024,
      0.042,
      0.047,
      0.027,
      -0.072,
      0.102,
      -0.073,
      -0.157,
      -0.089,
      -0.018,
      -0.037,
      -0.028,
      -0.15,
      0.369,
      -0.148,
      -0.012,
      -0.122,
      1.0,
      0.038,
      -0.163,
      -0.043,
      -0.14,
      -0.077,
      -0.139,
      -0.125,
      -0.078,
      -0.086,
      -0.088,
      -0.028,
      0.06,
      0.133,
      -0.053,
      0.001,
      -0.123,
      -0.205,
      -0.043,
      -0.213,
      -0.266,
      -0.018,
      -0.051,
      -0.147,
      -0.015,
      -0.067,
      -0.149,
      0.033,
      -0.022,
      -0.095,
      -0.211,
      -0.042,
      -0.062,
      -0.183,
      -0.021
    ],
    [
      -0.077,
      0.029,
      0.437,
      0.32,
      0.243,
      0.029,
      0.694,
      0.034,
      0.022,
      0.125,
      -0.059,
      -0.021,
      0.056,
      0.308,
      0.213,
      0.043,
      0.337,
      0.148,
      0.303,
      0.216,
      0.197,
      0.304,
      0.05,
      -0.044,
      0.163,
      0.016,
      0.111,
      0.038,
      1.0,
      0.133,
      0.272,
      0.122,
      0.016,
      0.023,
      0.144,
      0.118,
      -0.032,
      0.253,
      0.161,
      0.029,
      0.304,
      0.195,
      0.162,
      0.066,
      0.07,
      0.293,
      0.178,
      0.211,
      0.159,
      0.148,
      0.054,
      -0.108,
      0.077,
      0.119,
      0.258,
      0.247,
      0.235,
      0.025,
      0.028,
      0.207,
      0.212,
      0.223
    ],
    [
      0.011,
      0.417,
      0.16,
      0.196,
      0.148,
      0.081,
      0.25,
      0.102,
      0.188,
      -0.086,
      -0.071,
      -0.045,
      0.22,
      -0.062,
      -0.08,
      0.15,
      -0.071,
      0.174,
      0.331,
      0.082,
      0.243,
      0.255,
      0.325,
      -0.23,
      0.45,
      0.107,
      0.165,
      -0.163,
      0.133,
      1.0,
      0.159,
      0.448,
      0.27,
      0.414,
      0.231,
      0.276,
      0.112,
      -0.015,
      -0.074,
      -0.082,
      0.105,
      0.127,
      0.141,
      0.402,
      0.416,
      -0.092,
      0.671,
      0.577,
      -0.052,
      0.293,
      0.53,
      0.118,
      0.228,
      0.219,
      0.213,
      0.335,
      -0.035,
      0.427,
      0.128,
      0.145,
      0.344,
      -0.141
    ],
    [
      0.002,
      0.099,
      0.316,
      0.227,
      0.264,
      0.019,
      0.313,
      0.002,
      0.099,
      0.147,
      -0.118,
      -0.079,
      0.031,
      0.211,
      0.141,
      0.052,
      0.153,
      0.118,
      0.151,
      0.136,
      0.208,
      0.297,
      0.051,
      0.003,
      0.099,
      0.047,
      0.134,
      -0.043,
      0.272,
      0.159,
      1.0,
      0.183,
      0.095,
      0.092,
      0.226,
      0.132,
      0.027,
      0.232,
      0.193,
      0.061,
      0.213,
      0.237,
      0.128,
      0.174,
      0.088,
      0.251,
      0.215,
      0.198,
      0.155,
      0.149,
      0.212,
      0.065,
      0.256,
      0.152,
      0.186,
      0.137,
      0.24,
      0.087,
      0.111,
      0.171,
      0.22,
      0.148
    ],
    [
      0.11,
      0.379,
      0.192,
      0.311,
      0.144,
      0.141,
      0.246,
      0.114,
      0.204,
      -0.004,
      0.001,
      -0.014,
      0.22,
      0.131,
      0.101,
      0.286,
      0.144,
      0.26,
      0.293,
      0.11,
      0.136,
      0.315,
      0.385,
      -0.242,
      0.439,
      0.126,
      0.333,
      -0.14,
      0.122,
      0.448,
      0.183,
      1.0,
      0.246,
      0.362,
      0.138,
      0.381,
      0.101,
      0.078,
      0.077,
      -0.039,
      0.071,
      0.124,
      0.176,
      0.306,
      0.399,
      0.097,
      0.557,
      0.497,
      0.004,
      0.349,
      0.472,
      0.095,
      0.206,
      0.294,
      0.222,
      0.146,
      0.102,
      0.427,
      0.148,
      0.173,
      0.358,
      0.046
    ],
    [
      -0.007,
      0.252,
      0.056,
      0.041,
      0.055,
      0.229,
      0.107,
      0.182,
      0.141,
      -0.043,
      0.009,
      0.06,
      0.195,
      0.011,
      0.048,
      0.096,
      -0.06,
      0.095,
      0.075,
      0.011,
      0.149,
      0.237,
      0.165,
      -0.142,
      0.306,
      0.008,
      0.157,
      -0.077,
      0.016,
      0.27,
      0.095,
      0.246,
      1.0,
      0.195,
      0.115,
      0.197,
      0.222,
      -0.021,
      -0.04,
      0.0,
      0.031,
      0.073,
      0.094,
      0.253,
      0.29,
      -0.092,
      0.295,
      0.292,
      -0.055,
      0.134,
      0.255,
      0.085,
      0.163,
      0.169,
      0.084,
      0.13,
      -0.062,
      0.23,
      0.154,
      0.017,
      0.188,
      -0.058
    ],
    [
      -0.029,
      0.717,
      0.101,
      0.127,
      0.221,
      0.091,
      0.233,
      0.13,
      0.274,
      -0.139,
      -0.115,
      -0.139,
      0.119,
      0.084,
      -0.096,
      0.236,
      -0.098,
      0.155,
      0.265,
      -0.142,
      0.251,
      0.182,
      0.461,
      -0.227,
      0.291,
      0.141,
      0.243,
      -0.139,
      0.023,
      0.414,
      0.092,
      0.362,
      0.195,
      1.0,
      0.251,
      0.085,
      0.113,
      0.019,
      0.131,
      -0.097,
      -0.117,
      0.379,
      0.097,
      0.616,
      0.328,
      0.06,
      0.445,
      0.292,
      -0.026,
      0.277,
      0.712,
      0.084,
      0.218,
      0.323,
      0.123,
      0.462,
      -0.141,
      0.246,
      0.089,
      0.022,
      0.192,
      0.003
    ],
    [
      0.015,
      0.275,
      0.334,
      0.281,
      0.461,
      0.094,
      0.253,
      0.068,
      0.128,
      0.129,
      -0.029,
      -0.079,
      -0.131,
      0.111,
      0.017,
      0.121,
      0.06,
      0.196,
      0.179,
      0.03,
      0.26,
      0.199,
      0.205,
      -0.182,
      0.098,
      0.065,
      0.102,
      -0.125,
      0.144,
      0.231,
      0.226,
      0.138,
      0.115,
      0.251,
      1.0,
      0.104,
      0.042,
      0.315,
      0.146,
      0.071,
      0.178,
      0.338,
      0.208,
      0.255,
      0.193,
      0.083,
      0.245,
      0.218,
      0.111,
      0.026,
      0.257,
      0.03,
      0.085,
      0.168,
      0.08,
      0.234,
      0.121,
      0.019,
      -0.001,
      0.176,
      0.156,
      0.017
    ],
    [
      0.076,
      0.075,
      0.13,
      0.231,
      0.084,
      0.108,
      0.11,
      0.079,
      0.104,
      0.039,
      0.018,
      -0.01,
      0.218,
      -0.002,
      0.124,
      0.139,
      0.205,
      0.173,
      0.162,
      0.127,
      0.031,
      0.176,
      0.213,
      -0.122,
      0.24,
      0.024,
      0.29,
      -0.078,
      0.118,
      0.276,
      0.132,
      0.381,
      0.197,
      0.085,
      0.104,
      1.0,
      0.134,
      0.091,
      -0.002,
      -0.045,
      0.108,
      -0.045,
      0.139,
      0.12,
      0.299,
      0.069,
      0.342,
      0.335,
      0.096,
      0.114,
      0.162,
      0.037,
      0.144,
      0.226,
      0.243,
      0.028,
      0.067,
      0.384,
      0.086,
      0.183,
      0.323,
      0.003
    ],
    [
      0.134,
      0.095,
      0.15,
      -0.028,
      0.07,
      0.048,
      0.045,
      0.055,
      0.253,
      -0.03,
      0.136,
      0.057,
      0.15,
      -0.052,
      0.003,
      0.198,
      -0.069,
      0.029,
      0.141,
      0.034,
      0.133,
      0.161,
      0.055,
      -0.113,
      0.16,
      0.105,
      -0.047,
      -0.086,
      -0.032,
      0.112,
      0.027,
      0.101,
      0.222,
      0.113,
      0.042,
      0.134,
      1.0,
      -0.027,
      -0.325,
      0.044,
      0.086,
      -0.005,
      0.038,
      0.139,
      0.123,
      0.042,
      0.178,
      0.13,
      -0.039,
      0.009,
      0.131,
      0.03,
      0.147,
      0.1,
      0.152,
      0.0,
      0.011,
      0.167,
      0.042,
      0.119,
      0.141,
      -0.075
    ],
    [
      -0.016,
      -0.098,
      0.322,
      0.226,
      0.331,
      0.05,
      0.284,
      0.049,
      0.147,
      0.357,
      -0.084,
      -0.055,
      -0.135,
      0.448,
      0.318,
      -0.134,
      0.45,
      0.247,
      -0.083,
      0.195,
      0.1,
      0.117,
      0.116,
      -0.052,
      0.01,
      -0.03,
      0.125,
      -0.088,
      0.253,
      -0.015,
      0.232,
      0.078,
      -0.021,
      0.019,
      0.315,
      0.091,
      -0.027,
      1.0,
      0.36,
      0.214,
      0.117,
      0.298,
      0.051,
      0.061,
      -0.034,
      0.367,
      0.069,
      0.009,
      0.209,
      0.037,
      0.071,
      0.069,
      0.145,
      0.146,
      0.028,
      0.12,
      0.518,
      -0.009,
      0.024,
      0.115,
      0.219,
      0.445
    ],
    [
      0.001,
      0.116,
      0.24,
      0.137,
      0.199,
      -0.016,
      0.231,
      0.029,
      -0.004,
      0.295,
      -0.078,
      -0.094,
      -0.167,
      0.545,
      0.131,
      -0.013,
      0.321,
      0.063,
      0.049,
      0.254,
      0.096,
      0.131,
      0.07,
      0.018,
      0.069,
      -0.086,
      0.131,
      -0.028,
      0.161,
      -0.074,
      0.193,
      0.077,
      -0.04,
      0.131,
      0.146,
      -0.002,
      -0.325,
      0.36,
      1.0,
      0.054,
      0.06,
      0.262,
      0.17,
      0.144,
      -0.011,
      0.469,
      -0.014,
      -0.08,
      0.246,
      0.083,
      0.178,
      -0.027,
      0.047,
      0.02,
      0.03,
      0.205,
      0.347,
      -0.075,
      -0.008,
      0.121,
      0.055,
      0.483
    ],
    [
      0.059,
      -0.109,
      0.144,
      0.129,
      0.234,
      0.149,
      0.04,
      -0.003,
      0.085,
      0.043,
      0.03,
      0.109,
      -0.033,
      0.05,
      0.114,
      0.035,
      0.152,
      0.097,
      -0.002,
      0.15,
      0.09,
      0.038,
      -0.009,
      0.026,
      -0.069,
      -0.013,
      0.041,
      0.06,
      0.029,
      -0.082,
      0.061,
      -0.039,
      0.0,
      -0.097,
      0.071,
      -0.045,
      0.044,
      0.214,
      0.054,
      1.0,
      0.053,
      0.005,
      0.036,
      0.037,
      -0.013,
      0.108,
      -0.084,
      -0.003,
      0.344,
      0.022,
      -0.068,
      0.011,
      0.105,
      0.003,
      -0.062,
      -0.005,
      0.122,
      -0.064,
      -0.078,
      0.04,
      0.013,
      0.033
    ],
    [
      -0.018,
      -0.123,
      0.389,
      0.185,
      0.173,
      0.075,
      0.282,
      0.071,
      0.168,
      0.055,
      -0.073,
      0.081,
      0.11,
      0.075,
      0.174,
      0.105,
      0.189,
      0.099,
      0.204,
      0.223,
      0.102,
      0.334,
      -0.052,
      0.047,
      0.159,
      0.071,
      -0.124,
      0.133,
      0.304,
      0.105,
      0.213,
      0.071,
      0.031,
      -0.117,
      0.178,
      0.108,
      0.086,
      0.117,
      0.06,
      0.053,
      1.0,
      0.041,
      0.118,
      -0.078,
      0.032,
      0.12,
      0.141,
      0.158,
      0.13,
      0.113,
      -0.012,
      0.084,
      -0.006,
      -0.064,
      0.273,
      0.122,
      0.2,
      0.057,
      0.067,
      0.173,
      0.139,
      0.074
    ],
    [
      -0.136,
      0.329,
      0.152,
      0.17,
      0.287,
      -0.02,
      0.354,
      0.094,
      0.081,
      0.023,
      -0.138,
      -0.198,
      -0.139,
      0.296,
      -0.076,
      0.071,
      0.055,
      0.119,
      0.18,
      -0.053,
      0.277,
      0.205,
      0.21,
      -0.044,
      0.061,
      0.107,
      0.043,
      -0.053,
      0.195,
      0.127,
      0.237,
      0.124,
      0.073,
      0.379,
      0.338,
      -0.045,
      -0.005,
      0.298,
      0.262,
      0.005,
      0.041,
      1.0,
      0.15,
      0.403,
      0.083,
      0.14,
      0.141,
      0.02,
      0.068,
      0.055,
      0.398,
      0.1,
      0.216,
      0.237,
      0.154,
      0.631,
      0.066,
      -0.063,
      0.021,
      -0.03,
      0.143,
      0.132
    ],
    [
      0.052,
      0.105,
      0.214,
      0.184,
      0.14,
      0.105,
      0.185,
      0.023,
      0.045,
      0.137,
      0.14,
      -0.004,
      0.061,
      0.127,
      -0.02,
      0.129,
      0.025,
      0.064,
      0.213,
      0.074,
      0.036,
      0.266,
      0.138,
      -0.068,
      0.108,
      0.027,
      0.105,
      0.001,
      0.162,
      0.141,
      0.128,
      0.176,
      0.094,
      0.097,
      0.208,
      0.139,
      0.038,
      0.051,
      0.17,
      0.036,
      0.118,
      0.15,
      1.0,
      0.048,
      0.113,
      0.168,
      0.093,
      0.095,
      0.164,
      0.036,
      0.106,
      -0.071,
      0.059,
      0.098,
      0.084,
      0.169,
      0.129,
      -0.007,
      0.007,
      0.347,
      0.039,
      0.102
    ],
    [
      0.034,
      0.712,
      0.051,
      0.184,
      0.293,
      0.051,
      0.253,
      0.147,
      0.128,
      -0.147,
      -0.106,
      -0.175,
      -0.024,
      0.214,
      -0.17,
      0.165,
      -0.11,
      0.061,
      0.22,
      -0.065,
      0.281,
      0.175,
      0.332,
      -0.134,
      0.227,
      0.069,
      0.211,
      -0.123,
      0.066,
      0.402,
      0.174,
      0.306,
      0.253,
      0.616,
      0.255,
      0.12,
      0.139,
      0.061,
      0.144,
      0.037,
      -0.078,
      0.403,
      0.048,
      1.0,
      0.29,
      0.053,
      0.33,
      0.223,
      0.024,
      0.16,
      0.687,
      0.121,
      0.299,
      0.291,
      0.162,
      0.464,
      -0.103,
      0.151,
      0.161,
      -0.038,
      0.269,
      0.027
    ],
    [
      0.088,
      0.334,
      0.135,
      0.242,
      0.099,
      0.204,
      0.19,
      0.211,
      0.061,
      0.006,
      0.04,
      -0.045,
      0.155,
      -0.06,
      0.054,
      0.189,
      0.076,
      0.278,
      0.175,
      0.137,
      0.205,
      0.204,
      0.341,
      -0.289,
      0.38,
      -0.037,
      0.331,
      -0.205,
      0.07,
      0.416,
      0.088,
      0.399,
      0.29,
      0.328,
      0.193,
      0.299,
      0.123,
      -0.034,
      -0.011,
      -0.013,
      0.032,
      0.083,
      0.113,
      0.29,
      1.0,
      -0.01,
      0.448,
      0.416,
      -0.048,
      0.357,
      0.424,
      0.103,
      0.104,
      0.32,
      0.226,
      0.195,
      0.009,
      0.336,
      0.03,
      0.115,
      0.322,
      -0.082
    ],
    [
      -0.019,
      0.009,
      0.426,
      0.233,
      0.262,
      0.011,
      0.3,
      0.011,
      0.115,
      0.446,
      -0.067,
      -0.03,
      -0.044,
      0.571,
      0.29,
      -0.014,
      0.466,
      0.089,
      0.073,
      0.374,
      0.13,
      0.213,
      0.03,
      -0.028,
      0.034,
      -0.076,
      0.047,
      -0.043,
      0.293,
      -0.092,
      0.251,
      0.097,
      -0.092,
      0.06,
      0.083,
      0.069,
      0.042,
      0.367,
      0.469,
      0.108,
      0.12,
      0.14,
      0.168,
      0.053,
      -0.01,
      1.0,
      -0.065,
      -0.049,
      0.277,
      0.016,
      0.099,
      0.03,
      0.028,
      0.048,
      0.104,
      0.087,
      0.448,
      -0.019,
      0.059,
      0.226,
      0.138,
      0.568
    ],
    [
      0.021,
      0.422,
      0.226,
      0.223,
      0.218,
      0.15,
      0.307,
      0.114,
      0.226,
      -0.123,
      -0.084,
      -0.008,
      0.207,
      -0.023,
      -0.058,
      0.218,
      -0.04,
      0.299,
      0.3,
      0.116,
      0.269,
      0.241,
      0.401,
      -0.429,
      0.494,
      0.154,
      0.268,
      -0.213,
      0.178,
      0.671,
      0.215,
      0.557,
      0.295,
      0.445,
      0.245,
      0.342,
      0.178,
      0.069,
      -0.014,
      -0.084,
      0.141,
      0.141,
      0.093,
      0.33,
      0.448,
      -0.065,
      1.0,
      0.719,
      -0.056,
      0.307,
      0.558,
      0.115,
      0.215,
      0.31,
      0.252,
      0.284,
      -0.065,
      0.506,
      0.134,
      0.177,
      0.424,
      -0.104
    ],
    [
      0.016,
      0.346,
      0.215,
      0.334,
      0.168,
      0.25,
      0.279,
      0.114,
      0.172,
      -0.106,
      -0.088,
      -0.018,
      0.291,
      -0.087,
      -0.009,
      0.22,
      -0.037,
      0.281,
      0.275,
      0.132,
      0.172,
      0.189,
      0.381,
      -0.414,
      0.434,
      0.199,
      0.206,
      -0.266,
